elapsed_s,robot,selected_event,uncontrollable_events,raw_zone
0.182,robot_0,EV_rotate_clockwise,EV_path_clear,CLEAR
0.374,robot_0,EV_approach_color,EV_path_clear,CLEAR
0.672,robot_0,EV_u_turn,EV_path_clear,CLEAR
4.066,robot_0,EV_move_forward,EV_path_clear,CLEAR
4.366,robot_0,EV_approach_color,EV_path_clear,CLEAR
4.666,robot_0,EV_u_turn,EV_path_clear,CLEAR
4.766,robot_0,EV_search_color,EV_path_clear,CLEAR
4.966,robot_0,EV_rotate_clockwise,EV_path_clear,CLEAR
5.166,robot_0,EV_rotate_counterclockwise,EV_path_clear,CLEAR
5.366,robot_0,EV_approach_color,EV_path_clear,CLEAR
5.666,robot_0,EV_move_backward,EV_path_clear,CLEAR
5.966,robot_0,EV_u_turn,EV_red_not_visible|EV_blue_reached|EV_obstacle_right|EV_green_not_visible,RIGHT
6.066,robot_0,EV_search_color,EV_obstacle_right,RIGHT
8.672,robot_0,EV_move_backward,EV_red_not_visible|EV_path_clear|EV_blue_reached|EV_green_not_visible,CLEAR
8.966,robot_0,EV_rotate_clockwise,EV_red_not_visible|EV_path_clear|EV_blue_reached|EV_green_not_visible,CLEAR
9.080,robot_0,EV_rotate_counterclockwise,EV_path_clear,CLEAR
9.278,robot_0,EV_u_turn,EV_path_clear,CLEAR
13.074,robot_0,EV_search_color,EV_green_visible|EV_red_not_visible|EV_path_clear|EV_blue_reached,CLEAR
13.267,robot_0,EV_approach_color,EV_path_clear,CLEAR
13.485,robot_0,EV_move_forward,EV_green_visible|EV_red_not_visible|EV_path_clear|EV_blue_reached,CLEAR
13.766,robot_0,EV_move_backward,EV_path_clear,CLEAR
13.968,robot_0,EV_approach_color,EV_green_visible|EV_path_clear|EV_blue_reached|EV_red_visible,CLEAR
14.267,robot_0,EV_rotate_clockwise,EV_path_clear,CLEAR
14.379,robot_0,EV_approach_color,EV_path_clear,CLEAR
14.673,robot_0,EV_rotate_clockwise,EV_green_visible|EV_path_clear|EV_blue_reached|EV_red_visible,CLEAR
14.872,robot_0,EV_approach_color,EV_path_clear,CLEAR
15.179,robot_0,EV_rotate_clockwise,EV_green_visible|EV_path_clear|EV_blue_reached|EV_red_visible,CLEAR
15.373,robot_0,EV_rotate_counterclockwise,EV_path_clear,CLEAR
15.580,robot_0,EV_move_backward,EV_path_clear,CLEAR
15.873,robot_0,EV_move_backward,EV_green_visible|EV_path_clear|EV_blue_reached|EV_red_visible,CLEAR
16.169,robot_0,EV_rotate_counterclockwise,EV_path_clear,CLEAR
16.280,robot_0,EV_approach_color,EV_path_clear,CLEAR
16.569,robot_0,EV_approach_color,EV_path_clear|EV_blue_reached|EV_green_not_visible|EV_red_visible,CLEAR
16.867,robot_0,EV_rotate_clockwise,EV_path_clear,CLEAR
16.979,robot_0,EV_move_backward,EV_path_clear,CLEAR
17.275,robot_0,EV_rotate_clockwise,EV_path_clear|EV_blue_reached|EV_green_not_visible|EV_red_visible,CLEAR
17.469,robot_0,EV_move_backward,EV_path_clear,CLEAR
17.776,robot_0,EV_approach_color,EV_path_clear|EV_blue_reached|EV_green_not_visible|EV_red_visible,CLEAR
18.069,robot_0,EV_approach_color,EV_path_clear,CLEAR
18.273,robot_0,EV_search_color,EV_path_clear,CLEAR
18.476,robot_0,EV_move_forward,EV_path_clear|EV_blue_reached|EV_green_not_visible|EV_red_visible,CLEAR
18.766,robot_0,EV_approach_color,EV_path_clear,CLEAR
19.075,robot_0,EV_move_backward,EV_path_clear|EV_blue_reached|EV_green_not_visible|EV_red_visible,CLEAR
19.388,robot_0,EV_move_forward,EV_path_clear,CLEAR
19.668,robot_0,EV_move_forward,EV_path_clear|EV_blue_reached|EV_green_not_visible|EV_red_visible,CLEAR
19.975,robot_0,EV_move_forward,EV_path_clear,CLEAR
20.270,robot_0,EV_rotate_clockwise,EV_path_clear|EV_blue_reached|EV_green_not_visible|EV_red_visible,CLEAR
20.473,robot_0,EV_rotate_clockwise,EV_path_clear,CLEAR
20.584,robot_0,EV_move_forward,EV_path_clear,CLEAR
20.874,robot_0,EV_approach_color,EV_path_clear|EV_blue_reached|EV_green_not_visible|EV_red_visible,CLEAR
21.169,robot_0,EV_search_color,EV_path_clear,CLEAR
21.369,robot_0,EV_move_backward,EV_path_clear|EV_blue_reached|EV_green_not_visible|EV_red_visible,CLEAR
21.684,robot_0,EV_move_forward,EV_path_clear,CLEAR
21.981,robot_0,EV_rotate_counterclockwise,EV_path_clear|EV_blue_reached|EV_green_not_visible|EV_red_visible,CLEAR
22.168,robot_0,EV_search_color,EV_path_clear,CLEAR
22.375,robot_0,EV_rotate_counterclockwise,EV_path_clear|EV_blue_reached|EV_green_not_visible|EV_red_visible,CLEAR
22.566,robot_0,EV_u_turn,EV_path_clear,CLEAR
26.372,robot_0,EV_rotate_counterclockwise,EV_red_not_visible|EV_blue_reached|EV_green_not_visible|EV_obstacle_front,CORNER
29.073,robot_0,EV_rotate_counterclockwise,EV_red_not_visible|EV_path_clear|EV_blue_reached|EV_green_not_visible,CLEAR
29.267,robot_0,EV_move_forward,EV_path_clear,CLEAR
29.475,robot_0,EV_rotate_clockwise,EV_red_not_visible|EV_path_clear|EV_blue_reached|EV_green_not_visible,CLEAR
29.580,robot_0,EV_search_color,EV_path_clear,CLEAR
29.782,robot_0,EV_search_color,EV_path_clear,CLEAR
29.969,robot_0,EV_search_color,EV_green_visible|EV_red_not_visible|EV_path_clear|EV_blue_reached,CLEAR
30.177,robot_0,EV_move_forward,EV_path_clear,CLEAR
30.466,robot_0,EV_approach_color,EV_path_clear,CLEAR
30.769,robot_0,EV_move_backward,EV_green_visible|EV_red_not_visible|EV_path_clear|EV_blue_reached,CLEAR
31.068,robot_0,EV_u_turn,EV_path_clear,CLEAR
34.877,robot_0,EV_search_color,EV_path_clear|EV_blue_reached|EV_green_not_visible|EV_red_visible,CLEAR
35.074,robot_0,EV_approach_color,EV_path_clear,CLEAR
35.367,robot_0,EV_search_color,EV_blue_reached|EV_green_not_visible|EV_obstacle_left|EV_red_visible,LEFT
35.584,robot_0,EV_move_backward,EV_obstacle_left,LEFT
35.867,robot_0,EV_move_forward,EV_blue_reached|EV_green_not_visible|EV_obstacle_left|EV_red_visible,LEFT
36.171,robot_0,EV_u_turn,EV_obstacle_left,LEFT
36.266,robot_0,EV_u_turn,EV_obstacle_left,LEFT
36.373,robot_0,EV_u_turn,EV_obstacle_left,LEFT
36.471,robot_0,EV_rotate_clockwise,EV_obstacle_left,LEFT
36.579,robot_0,EV_approach_color,EV_red_not_visible|EV_blue_reached|EV_green_not_visible|EV_obstacle_left,LEFT
36.774,robot_0,EV_rotate_counterclockwise,EV_obstacle_left,LEFT
36.974,robot_0,EV_move_backward,EV_obstacle_left,LEFT
37.175,robot_0,EV_move_backward,EV_red_not_visible|EV_blue_reached|EV_green_not_visible|EV_obstacle_left,LEFT
37.472,robot_0,EV_approach_color,EV_obstacle_left,LEFT
37.576,robot_0,EV_approach_color,EV_red_not_visible|EV_path_clear|EV_blue_reached|EV_green_not_visible,CLEAR
37.868,robot_0,EV_search_color,EV_path_clear,CLEAR
40.776,robot_0,EV_approach_color,EV_red_not_visible|EV_blue_reached|EV_obstacle_right|EV_green_not_visible,RIGHT
40.982,robot_0,EV_search_color,EV_obstacle_right,RIGHT
41.176,robot_0,EV_move_forward,EV_path_clear,CLEAR
41.468,robot_0,EV_move_backward,EV_red_not_visible|EV_path_clear|EV_blue_reached|EV_green_not_visible,CLEAR
41.672,robot_0,EV_rotate_clockwise,EV_path_clear,CLEAR
41.869,robot_0,EV_search_color,EV_red_not_visible|EV_path_clear|EV_blue_reached|EV_green_not_visible,CLEAR
42.070,robot_0,EV_rotate_clockwise,EV_path_clear,CLEAR
42.173,robot_0,EV_u_turn,EV_path_clear,CLEAR
45.970,robot_0,EV_u_turn,EV_green_visible|EV_path_clear|EV_blue_reached|EV_red_visible,CLEAR
46.071,robot_0,EV_approach_color,EV_path_clear,CLEAR
46.371,robot_0,EV_move_forward,EV_path_clear,CLEAR
46.674,robot_0,EV_approach_color,EV_green_visible|EV_path_clear|EV_blue_reached|EV_red_visible,CLEAR
46.974,robot_0,EV_approach_color,EV_path_clear,CLEAR
47.267,robot_0,EV_move_forward,EV_green_visible|EV_path_clear|EV_blue_reached|EV_red_visible,CLEAR
47.576,robot_0,EV_move_forward,EV_path_clear,CLEAR
47.783,robot_0,EV_move_forward,EV_green_visible|EV_path_clear|EV_blue_reached|EV_red_visible,CLEAR
48.088,robot_0,EV_move_backward,EV_path_clear,CLEAR
48.375,robot_0,EV_approach_color,EV_path_clear|EV_blue_reached|EV_green_not_visible|EV_red_visible,CLEAR
48.668,robot_0,EV_rotate_clockwise,EV_path_clear,CLEAR
48.773,robot_0,EV_move_forward,EV_path_clear,CLEAR
49.071,robot_0,EV_approach_color,EV_path_clear|EV_blue_not_visible|EV_green_not_visible|EV_red_visible,CLEAR
49.374,robot_0,EV_u_turn,EV_path_clear,CLEAR
53.171,robot_0,EV_move_backward,EV_path_clear|EV_blue_visible|EV_green_not_visible|EV_red_visible,CLEAR
53.475,robot_0,EV_rotate_clockwise,EV_path_clear,CLEAR
53.675,robot_0,EV_move_forward,EV_path_clear,CLEAR
53.970,robot_0,EV_move_forward,EV_red_not_visible|EV_path_clear|EV_blue_visible|EV_green_not_visible,CLEAR
54.269,robot_0,EV_u_turn,EV_red_not_visible|EV_path_clear|EV_blue_visible|EV_green_not_visible,CLEAR
54.368,robot_0,EV_approach_color,EV_path_clear,CLEAR
54.574,robot_0,EV_move_forward,EV_path_clear,CLEAR
54.775,robot_0,EV_move_forward,EV_red_not_visible|EV_path_clear|EV_blue_reached|EV_green_not_visible,CLEAR
55.069,robot_0,EV_move_backward,EV_path_clear,CLEAR
55.272,robot_0,EV_search_color,EV_path_clear,CLEAR
55.375,robot_0,EV_u_turn,EV_red_not_visible|EV_path_clear|EV_blue_reached|EV_green_not_visible,CLEAR
58.974,robot_0,EV_search_color,EV_green_visible|EV_red_not_visible|EV_path_clear|EV_blue_reached,CLEAR
59.169,robot_0,EV_search_color,EV_path_clear,CLEAR
59.270,robot_0,EV_approach_color,EV_green_visible|EV_path_clear|EV_blue_reached|EV_red_visible,CLEAR
59.570,robot_0,EV_search_color,EV_path_clear,CLEAR
59.671,robot_0,EV_move_forward,EV_path_clear,CLEAR
59.875,robot_0,EV_approach_color,EV_green_visible|EV_path_clear|EV_blue_reached|EV_red_visible,CLEAR
60.166,robot_0,EV_rotate_counterclockwise,EV_path_clear,CLEAR
60.280,robot_0,EV_move_backward,EV_green_visible|EV_path_clear|EV_blue_not_visible|EV_red_visible,CLEAR
60.577,robot_0,EV_rotate_clockwise,EV_path_clear,CLEAR
60.773,robot_0,EV_move_forward,EV_path_clear,CLEAR
61.068,robot_0,EV_approach_color,EV_green_visible|EV_path_clear|EV_blue_reached|EV_red_visible,CLEAR
61.377,robot_0,EV_u_turn,EV_path_clear,CLEAR
65.178,robot_0,EV_rotate_clockwise,EV_path_clear|EV_blue_not_visible|EV_green_not_visible|EV_red_visible,CLEAR
65.376,robot_0,EV_search_color,EV_path_clear,CLEAR
65.476,robot_0,EV_search_color,EV_path_clear,CLEAR
65.673,robot_0,EV_rotate_counterclockwise,EV_red_not_visible|EV_path_clear|EV_blue_visible|EV_green_not_visible,CLEAR
65.877,robot_0,EV_move_forward,EV_path_clear,CLEAR
66.087,robot_0,EV_u_turn,EV_path_clear,CLEAR
66.175,robot_0,EV_rotate_clockwise,EV_path_clear,CLEAR
66.378,robot_0,EV_rotate_clockwise,EV_red_not_visible|EV_path_clear|EV_blue_visible|EV_green_not_visible,CLEAR
66.569,robot_0,EV_u_turn,EV_path_clear,CLEAR
66.667,robot_0,EV_approach_color,EV_path_clear,CLEAR
66.871,robot_0,EV_search_color,EV_red_not_visible|EV_path_clear|EV_blue_visible|EV_green_not_visible,CLEAR
67.066,robot_0,EV_rotate_counterclockwise,EV_path_clear,CLEAR
67.170,robot_0,EV_approach_color,EV_path_clear,CLEAR
67.471,robot_0,EV_u_turn,EV_red_not_visible|EV_path_clear|EV_blue_reached|EV_green_not_visible,CLEAR
71.266,robot_0,EV_move_forward,EV_green_visible|EV_red_not_visible|EV_path_clear|EV_blue_reached,CLEAR
71.581,robot_0,EV_move_backward,EV_green_visible|EV_path_clear|EV_blue_reached|EV_red_visible,CLEAR
71.866,robot_0,EV_move_backward,EV_path_clear,CLEAR
72.074,robot_0,EV_approach_color,EV_path_clear,CLEAR
72.369,robot_0,EV_rotate_clockwise,EV_green_visible|EV_path_clear|EV_blue_reached|EV_red_visible,CLEAR
72.572,robot_0,EV_move_backward,EV_path_clear,CLEAR
72.877,robot_0,EV_approach_color,EV_green_visible|EV_path_clear|EV_blue_not_visible|EV_red_visible,CLEAR
73.166,robot_0,EV_approach_color,EV_path_clear,CLEAR
73.369,robot_0,EV_search_color,EV_path_clear|EV_blue_reached|EV_green_not_visible|EV_red_visible,CLEAR
73.575,robot_0,EV_move_backward,EV_path_clear,CLEAR
73.868,robot_0,EV_move_forward,EV_path_clear|EV_blue_not_visible|EV_green_not_visible|EV_red_visible,CLEAR
74.072,robot_0,EV_search_color,EV_path_clear,CLEAR
74.177,robot_0,EV_rotate_counterclockwise,EV_path_clear,CLEAR
74.283,robot_0,EV_u_turn,EV_path_clear,CLEAR
78.074,robot_0,EV_u_turn,EV_red_not_visible|EV_path_clear|EV_blue_visible|EV_green_not_visible,CLEAR
78.167,robot_0,EV_rotate_counterclockwise,EV_path_clear,CLEAR
78.271,robot_0,EV_search_color,EV_red_not_visible|EV_path_clear|EV_blue_visible|EV_green_not_visible,CLEAR
78.377,robot_0,EV_rotate_counterclockwise,EV_path_clear,CLEAR
78.575,robot_0,EV_rotate_clockwise,EV_path_clear,CLEAR
78.679,robot_0,EV_rotate_clockwise,EV_obstacle_right,RIGHT
81.471,robot_0,EV_approach_color,EV_red_not_visible|EV_path_clear|EV_blue_visible|EV_green_not_visible,CLEAR
81.674,robot_0,EV_u_turn,EV_red_not_visible|EV_path_clear|EV_blue_visible|EV_green_not_visible,CLEAR
85.572,robot_0,EV_move_forward,EV_green_visible|EV_red_not_visible|EV_path_clear|EV_blue_visible,CLEAR
85.873,robot_0,EV_move_backward,EV_green_visible|EV_red_not_visible|EV_path_clear|EV_blue_visible,CLEAR
86.175,robot_0,EV_rotate_clockwise,EV_path_clear,CLEAR
86.371,robot_0,EV_approach_color,EV_green_visible|EV_red_not_visible|EV_path_clear|EV_blue_visible,CLEAR
86.582,robot_0,EV_search_color,EV_path_clear,CLEAR
86.769,robot_0,EV_rotate_counterclockwise,EV_green_visible|EV_red_not_visible|EV_path_clear|EV_blue_not_visible,CLEAR
86.973,robot_0,EV_approach_color,EV_path_clear,CLEAR
87.268,robot_0,EV_u_turn,EV_green_visible|EV_red_not_visible|EV_path_clear|EV_blue_not_visible,CLEAR
87.367,robot_0,EV_move_forward,EV_path_clear,CLEAR
87.569,robot_0,EV_move_backward,EV_path_clear,CLEAR
87.774,robot_0,EV_approach_color,EV_green_visible|EV_red_not_visible|EV_path_clear|EV_blue_not_visible,CLEAR
88.073,robot_0,EV_move_backward,EV_path_clear,CLEAR
88.373,robot_0,EV_rotate_clockwise,EV_green_visible|EV_red_not_visible|EV_path_clear|EV_blue_not_visible,CLEAR
88.575,robot_0,EV_rotate_clockwise,EV_path_clear,CLEAR
88.778,robot_0,EV_move_forward,EV_path_clear,CLEAR
89.066,robot_0,EV_rotate_clockwise,EV_green_visible|EV_red_not_visible|EV_path_clear|EV_blue_not_visible,CLEAR
89.271,robot_0,EV_move_forward,EV_path_clear,CLEAR
89.473,robot_0,EV_u_turn,EV_green_visible|EV_red_not_visible|EV_path_clear|EV_blue_not_visible,CLEAR
93.368,robot_0,EV_u_turn,EV_path_clear|EV_blue_not_visible|EV_green_not_visible|EV_red_visible,CLEAR
93.471,robot_0,EV_rotate_counterclockwise,EV_path_clear,CLEAR
93.583,robot_0,EV_approach_color,EV_path_clear|EV_blue_not_visible|EV_green_not_visible|EV_red_visible,CLEAR
93.871,robot_0,EV_move_backward,EV_path_clear,CLEAR
94.076,robot_0,EV_move_forward,EV_path_clear,CLEAR
94.368,robot_0,EV_approach_color,EV_path_clear|EV_blue_not_visible|EV_green_not_visible|EV_red_visible,CLEAR
94.583,robot_0,EV_rotate_counterclockwise,EV_path_clear|EV_blue_not_visible|EV_green_not_visible|EV_red_visible,CLEAR
94.767,robot_0,EV_move_backward,EV_path_clear,CLEAR
95.069,robot_0,EV_rotate_counterclockwise,EV_red_not_visible|EV_path_clear|EV_blue_not_visible|EV_green_not_visible,CLEAR
95.268,robot_0,EV_move_backward,EV_path_clear,CLEAR
95.475,robot_0,EV_rotate_clockwise,EV_path_clear,CLEAR
95.665,robot_0,EV_u_turn,EV_red_not_visible|EV_path_clear|EV_blue_not_visible|EV_green_not_visible,CLEAR
99.377,robot_0,EV_approach_color,EV_red_not_visible|EV_path_clear|EV_blue_visible|EV_green_not_visible,CLEAR
99.677,robot_0,EV_move_forward,EV_path_clear,CLEAR
99.966,robot_0,EV_move_forward,EV_red_not_visible|EV_path_clear|EV_blue_visible|EV_green_not_visible,CLEAR
100.172,robot_0,EV_move_forward,EV_path_clear,CLEAR
100.476,robot_0,EV_u_turn,EV_red_not_visible|EV_path_clear|EV_blue_visible|EV_green_reached,CLEAR
100.567,robot_0,EV_rotate_clockwise,EV_path_clear,CLEAR
100.678,robot_0,EV_move_backward,EV_path_clear,CLEAR
100.974,robot_0,EV_u_turn,EV_red_not_visible|EV_path_clear|EV_blue_visible|EV_green_reached,CLEAR
101.072,robot_0,EV_move_forward,EV_path_clear,CLEAR
101.368,robot_0,EV_rotate_clockwise,EV_red_not_visible|EV_path_clear|EV_blue_visible|EV_green_reached,CLEAR
101.566,robot_0,EV_rotate_counterclockwise,EV_path_clear,CLEAR
101.668,robot_0,EV_approach_color,EV_path_clear,CLEAR
101.871,robot_0,EV_rotate_counterclockwise,EV_path_clear,CLEAR
102.068,robot_0,EV_move_forward,EV_red_not_visible|EV_path_clear|EV_green_reached|EV_blue_not_visible,CLEAR
102.278,robot_0,EV_approach_color,EV_path_clear,CLEAR
102.580,robot_0,EV_approach_color,EV_red_not_visible|EV_path_clear|EV_green_reached|EV_blue_not_visible,CLEAR
102.877,robot_0,EV_u_turn,EV_path_clear,CLEAR
106.767,robot_0,EV_rotate_clockwise,EV_path_clear|EV_green_reached|EV_blue_not_visible|EV_red_visible,CLEAR
106.966,robot_0,EV_move_backward,EV_path_clear,CLEAR
107.177,robot_0,EV_u_turn,EV_path_clear|EV_green_reached|EV_blue_not_visible|EV_red_visible,CLEAR
107.271,robot_0,EV_u_turn,EV_path_clear,CLEAR
107.366,robot_0,EV_move_forward,EV_path_clear,CLEAR
107.576,robot_0,EV_u_turn,EV_path_clear,CLEAR
107.668,robot_0,EV_move_backward,EV_path_clear|EV_green_reached|EV_red_visible,CLEAR
107.973,robot_0,EV_move_backward,EV_path_clear|EV_blue_not_visible,CLEAR
108.279,robot_0,EV_move_backward,EV_path_clear|EV_green_reached|EV_blue_not_visible|EV_red_visible,CLEAR
108.572,robot_0,EV_approach_color,EV_path_clear,CLEAR
108.781,robot_0,EV_rotate_counterclockwise,EV_path_clear,CLEAR
108.968,robot_0,EV_search_color,EV_path_clear|EV_green_reached|EV_blue_not_visible|EV_red_visible,CLEAR
109.171,robot_0,EV_move_forward,EV_path_clear,CLEAR
109.469,robot_0,EV_rotate_clockwise,EV_path_clear|EV_green_reached|EV_blue_not_visible|EV_red_visible,CLEAR
109.578,robot_0,EV_approach_color,EV_path_clear,CLEAR
109.874,robot_0,EV_rotate_clockwise,EV_path_clear,CLEAR
109.981,robot_0,EV_rotate_clockwise,EV_path_clear|EV_green_reached|EV_blue_not_visible|EV_red_visible,CLEAR
110.171,robot_0,EV_rotate_clockwise,EV_path_clear,CLEAR
110.377,robot_0,EV_u_turn,EV_path_clear,CLEAR
114.273,robot_0,EV_search_color,EV_path_clear|EV_green_reached|EV_blue_not_visible|EV_red_visible,CLEAR
114.477,robot_0,EV_approach_color,EV_path_clear,CLEAR
114.775,robot_0,EV_u_turn,EV_path_clear,CLEAR
114.866,robot_0,EV_rotate_counterclockwise,EV_path_clear|EV_blue_visible|EV_green_reached|EV_red_visible,CLEAR
115.071,robot_0,EV_rotate_clockwise,EV_path_clear,CLEAR
115.271,robot_0,EV_u_turn,EV_path_clear,CLEAR
115.375,robot_0,EV_rotate_clockwise,EV_path_clear,CLEAR
115.484,robot_0,EV_move_forward,EV_red_not_visible|EV_path_clear|EV_blue_visible|EV_green_reached,CLEAR
115.769,robot_0,EV_move_forward,EV_path_clear,CLEAR
115.982,robot_0,EV_u_turn,EV_red_not_visible|EV_path_clear|EV_green_reached|EV_blue_reached,CLEAR
116.075,robot_0,EV_move_forward,EV_path_clear,CLEAR
116.384,robot_0,EV_move_forward,EV_path_clear,CLEAR
116.679,robot_0,EV_search_color,EV_red_not_visible|EV_blue_reached|EV_obstacle_right|EV_green_not_visible,RIGHT
116.866,robot_0,EV_rotate_counterclockwise,EV_obstacle_right,RIGHT
117.073,robot_0,EV_search_color,EV_obstacle_right,RIGHT
117.273,robot_0,EV_search_color,EV_red_not_visible|EV_blue_reached|EV_obstacle_right|EV_green_not_visible,RIGHT
117.476,robot_0,EV_search_color,EV_obstacle_right,RIGHT
117.582,robot_0,EV_rotate_counterclockwise,EV_obstacle_right,RIGHT
117.769,robot_0,EV_move_backward,EV_obstacle_right,RIGHT
118.072,robot_0,EV_move_backward,EV_red_not_visible|EV_blue_reached|EV_green_not_visible|EV_obstacle_left,LEFT
118.372,robot_0,EV_approach_color,EV_obstacle_left,LEFT
118.474,robot_0,EV_rotate_counterclockwise,EV_obstacle_left,LEFT
118.679,robot_0,EV_move_forward,EV_red_not_visible|EV_path_clear|EV_blue_reached|EV_green_not_visible,CLEAR
118.970,robot_0,EV_rotate_clockwise,EV_path_clear,CLEAR
119.166,robot_0,EV_rotate_counterclockwise,EV_red_not_visible|EV_path_clear|EV_blue_reached|EV_green_not_visible,CLEAR
121.878,robot_0,EV_u_turn,EV_red_not_visible|EV_path_clear|EV_blue_reached|EV_green_not_visible,CLEAR
125.673,robot_0,EV_search_color,EV_green_visible|EV_path_clear|EV_blue_reached|EV_red_visible,CLEAR
125.872,robot_0,EV_move_forward,EV_path_clear,CLEAR
126.172,robot_0,EV_move_backward,EV_path_clear|EV_blue_reached|EV_green_not_visible|EV_red_visible,CLEAR
126.470,robot_0,EV_move_forward,EV_path_clear,CLEAR
126.676,robot_0,EV_search_color,EV_blue_reached|EV_green_not_visible|EV_obstacle_left|EV_red_visible,LEFT
126.872,robot_0,EV_approach_color,EV_obstacle_left,LEFT
126.983,robot_0,EV_move_forward,EV_obstacle_left,LEFT
127.274,robot_0,EV_rotate_counterclockwise,EV_path_clear|EV_blue_reached|EV_green_not_visible|EV_red_visible,CLEAR
127.472,robot_0,EV_approach_color,EV_path_clear,CLEAR
127.771,robot_0,EV_rotate_counterclockwise,EV_red_not_visible|EV_path_clear|EV_blue_reached|EV_green_not_visible,CLEAR
127.970,robot_0,EV_move_forward,EV_path_clear,CLEAR
128.172,robot_0,EV_approach_color,EV_path_clear,CLEAR
128.472,robot_0,EV_rotate_counterclockwise,EV_red_not_visible|EV_path_clear|EV_blue_reached|EV_green_not_visible,CLEAR
128.671,robot_0,EV_move_backward,EV_path_clear,CLEAR
128.879,robot_0,EV_move_forward,EV_path_clear,CLEAR
129.174,robot_0,EV_move_forward,EV_red_not_visible|EV_path_clear|EV_blue_reached|EV_green_not_visible,CLEAR
129.474,robot_0,EV_search_color,EV_path_clear,CLEAR
129.668,robot_0,EV_rotate_counterclockwise,EV_red_not_visible|EV_path_clear|EV_blue_reached|EV_green_not_visible,CLEAR
129.877,robot_0,EV_rotate_counterclockwise,EV_path_clear,CLEAR
130.068,robot_0,EV_rotate_clockwise,EV_path_clear,CLEAR
130.172,robot_0,EV_u_turn,EV_red_not_visible|EV_path_clear|EV_blue_reached|EV_green_not_visible,CLEAR
133.970,robot_0,EV_rotate_clockwise,EV_red_not_visible|EV_path_clear|EV_blue_reached|EV_green_not_visible,CLEAR
134.167,robot_0,EV_move_forward,EV_green_visible|EV_red_not_visible|EV_path_clear|EV_blue_reached,CLEAR
134.477,robot_0,EV_search_color,EV_path_clear,CLEAR
134.672,robot_0,EV_search_color,EV_green_visible|EV_red_not_visible|EV_path_clear|EV_blue_reached,CLEAR
134.868,robot_0,EV_move_forward,EV_path_clear,CLEAR
135.073,robot_0,EV_move_forward,EV_path_clear,CLEAR
135.377,robot_0,EV_rotate_counterclockwise,EV_green_visible|EV_red_not_visible|EV_path_clear|EV_blue_reached,CLEAR
135.578,robot_0,EV_move_backward,EV_path_clear,CLEAR
135.872,robot_0,EV_rotate_clockwise,EV_green_visible|EV_red_not_visible|EV_path_clear|EV_blue_reached,CLEAR
136.066,robot_0,EV_move_forward,EV_path_clear,CLEAR
136.270,robot_0,EV_move_backward,EV_path_clear,CLEAR
136.569,robot_0,EV_u_turn,EV_green_visible|EV_red_not_visible|EV_path_clear|EV_blue_reached,CLEAR
140.376,robot_0,EV_u_turn,EV_path_clear|EV_blue_reached|EV_green_not_visible|EV_red_visible,CLEAR
140.474,robot_0,EV_rotate_clockwise,EV_path_clear,CLEAR
140.672,robot_0,EV_move_backward,EV_path_clear,CLEAR
140.967,robot_0,EV_rotate_clockwise,EV_path_clear|EV_blue_reached|EV_green_not_visible|EV_red_visible,CLEAR
141.170,robot_0,EV_rotate_counterclockwise,EV_path_clear,CLEAR
141.276,robot_0,EV_u_turn,EV_path_clear,CLEAR
141.373,robot_0,EV_search_color,EV_path_clear,CLEAR
141.487,robot_0,EV_approach_color,EV_path_clear|EV_blue_reached|EV_green_not_visible|EV_red_visible,CLEAR
141.766,robot_0,EV_approach_color,EV_path_clear,CLEAR
141.968,robot_0,EV_move_forward,EV_path_clear,CLEAR
142.268,robot_0,EV_move_backward,EV_red_not_visible|EV_path_clear|EV_blue_reached|EV_green_not_visible,CLEAR
142.474,robot_0,EV_move_backward,EV_path_clear,CLEAR
142.766,robot_0,EV_search_color,EV_red_not_visible|EV_path_clear|EV_blue_reached|EV_green_not_visible,CLEAR
142.975,robot_0,EV_move_forward,EV_path_clear,CLEAR
143.269,robot_0,EV_u_turn,EV_red_not_visible|EV_path_clear|EV_blue_reached|EV_green_not_visible,CLEAR
147.176,robot_0,EV_u_turn,EV_red_not_visible|EV_path_clear|EV_blue_reached|EV_green_not_visible,CLEAR
147.267,robot_0,EV_rotate_counterclockwise,EV_path_clear,CLEAR
147.370,robot_0,EV_rotate_clockwise,EV_path_clear,CLEAR
147.574,robot_0,EV_approach_color,EV_path_clear,CLEAR
147.869,robot_0,EV_approach_color,EV_red_not_visible|EV_path_clear|EV_blue_reached|EV_green_not_visible,CLEAR
148.075,robot_0,EV_u_turn,EV_path_clear,CLEAR
148.173,robot_0,EV_rotate_clockwise,EV_path_clear,CLEAR
148.372,robot_0,EV_approach_color,EV_red_not_visible|EV_path_clear|EV_blue_reached|EV_green_not_visible,CLEAR
148.673,robot_0,EV_rotate_counterclockwise,EV_path_clear,CLEAR
148.782,robot_0,EV_u_turn,EV_path_clear,CLEAR
148.874,robot_0,EV_rotate_counterclockwise,EV_path_clear,CLEAR
149.071,robot_0,EV_approach_color,EV_red_not_visible|EV_path_clear|EV_blue_reached|EV_green_not_visible,CLEAR
149.374,robot_0,EV_search_color,EV_path_clear,CLEAR
149.476,robot_0,EV_u_turn,EV_path_clear,CLEAR
153.268,robot_0,EV_rotate_counterclockwise,EV_green_visible|EV_path_clear|EV_blue_reached|EV_red_visible,CLEAR
153.466,robot_0,EV_rotate_counterclockwise,EV_path_clear,CLEAR
153.567,robot_0,EV_rotate_counterclockwise,EV_path_clear,CLEAR
153.677,robot_0,EV_rotate_counterclockwise,EV_path_clear,CLEAR
153.867,robot_0,EV_u_turn,EV_green_visible|EV_path_clear|EV_blue_reached|EV_red_visible,CLEAR
153.966,robot_0,EV_move_forward,EV_path_clear,CLEAR
154.174,robot_0,EV_move_backward,EV_path_clear,CLEAR
154.469,robot_0,EV_move_forward,EV_path_clear|EV_blue_reached|EV_green_not_visible|EV_red_visible,CLEAR
154.779,robot_0,EV_approach_color,EV_path_clear,CLEAR
155.085,robot_0,EV_move_backward,EV_path_clear|EV_blue_reached|EV_green_not_visible|EV_red_visible,CLEAR
155.372,robot_0,EV_u_turn,EV_path_clear,CLEAR
155.471,robot_0,EV_rotate_counterclockwise,EV_path_clear|EV_blue_reached|EV_green_not_visible|EV_red_visible,CLEAR
155.671,robot_0,EV_approach_color,EV_path_clear,CLEAR
155.875,robot_0,EV_u_turn,EV_path_clear,CLEAR
159.672,robot_0,EV_search_color,EV_red_not_visible|EV_blue_reached|EV_obstacle_right|EV_green_not_visible,RIGHT
159.868,robot_0,EV_u_turn,EV_red_not_visible|EV_path_clear|EV_blue_reached|EV_green_not_visible,CLEAR
159.971,robot_0,EV_move_backward,EV_path_clear,CLEAR
160.266,robot_0,EV_move_forward,EV_red_not_visible|EV_path_clear,CLEAR
160.570,robot_0,EV_move_forward,EV_path_clear|EV_blue_reached|EV_green_not_visible,CLEAR
160.779,robot_0,EV_rotate_counterclockwise,EV_path_clear,CLEAR
160.970,robot_0,EV_rotate_counterclockwise,EV_green_visible|EV_red_not_visible|EV_path_clear|EV_blue_reached,CLEAR
161.169,robot_0,EV_search_color,EV_path_clear,CLEAR
161.272,robot_0,EV_rotate_counterclockwise,EV_path_clear,CLEAR
161.478,robot_0,EV_move_backward,EV_path_clear,CLEAR
161.771,robot_0,EV_move_backward,EV_green_visible|EV_red_not_visible|EV_blue_reached|EV_obstacle_right,RIGHT
162.073,robot_0,EV_approach_color,EV_obstacle_right,RIGHT
162.178,robot_0,EV_search_color,EV_obstacle_right,RIGHT
162.368,robot_0,EV_rotate_counterclockwise,EV_green_visible|EV_red_not_visible|EV_path_clear|EV_blue_reached,CLEAR
162.575,robot_0,EV_move_forward,EV_path_clear,CLEAR
162.867,robot_0,EV_rotate_clockwise,EV_green_visible|EV_red_not_visible|EV_path_clear|EV_blue_reached,CLEAR
163.067,robot_0,EV_search_color,EV_path_clear,CLEAR
163.176,robot_0,EV_rotate_counterclockwise,EV_path_clear,CLEAR
163.371,robot_0,EV_approach_color,EV_green_visible|EV_red_not_visible|EV_path_clear|EV_blue_reached,CLEAR
163.671,robot_0,EV_search_color,EV_path_clear,CLEAR
163.867,robot_0,EV_rotate_clockwise,EV_red_not_visible|EV_path_clear,CLEAR
163.970,robot_0,EV_u_turn,EV_green_visible|EV_path_clear|EV_blue_reached,CLEAR
167.869,robot_0,EV_move_forward,EV_path_clear|EV_blue_reached|EV_green_not_visible|EV_red_visible,CLEAR
168.169,robot_0,EV_rotate_clockwise,EV_path_clear,CLEAR
168.273,robot_0,EV_search_color,EV_blue_reached|EV_green_not_visible|EV_obstacle_left|EV_red_visible,LEFT
171.068,robot_0,EV_search_color,EV_red_not_visible|EV_path_clear|EV_blue_reached|EV_green_not_visible,CLEAR
171.270,robot_0,EV_approach_color,EV_path_clear,CLEAR
171.477,robot_0,EV_u_turn,EV_path_clear|EV_blue_reached|EV_green_not_visible|EV_red_visible,CLEAR
175.366,robot_0,EV_approach_color,EV_red_not_visible|EV_blue_reached|EV_green_not_visible|EV_obstacle_front,CORNER
175.471,robot_0,EV_approach_color,EV_obstacle_front,CORNER
175.574,robot_0,EV_rotate_clockwise,EV_obstacle_right,RIGHT
175.766,robot_0,EV_rotate_counterclockwise,EV_red_not_visible|EV_blue_reached|EV_obstacle_right|EV_green_not_visible,RIGHT
175.970,robot_0,EV_u_turn,EV_obstacle_right,RIGHT
176.072,robot_0,EV_approach_color,EV_obstacle_right,RIGHT
176.271,robot_0,EV_approach_color,EV_red_not_visible|EV_blue_reached|EV_obstacle_right|EV_green_not_visible,RIGHT
176.469,robot_0,EV_rotate_counterclockwise,EV_obstacle_right,RIGHT
176.574,robot_0,EV_rotate_counterclockwise,EV_obstacle_right,RIGHT
176.769,robot_0,EV_rotate_counterclockwise,EV_obstacle_right,RIGHT
176.873,robot_0,EV_u_turn,EV_red_not_visible|EV_blue_reached|EV_obstacle_right|EV_green_not_visible,RIGHT
176.968,robot_0,EV_rotate_counterclockwise,EV_obstacle_right,RIGHT
177.174,robot_0,EV_move_forward,EV_obstacle_right,RIGHT
177.474,robot_0,EV_search_color,EV_red_not_visible|EV_path_clear|EV_blue_reached|EV_green_not_visible,CLEAR
177.674,robot_0,EV_move_forward,EV_path_clear,CLEAR
177.876,robot_0,EV_move_forward,EV_red_not_visible|EV_path_clear|EV_blue_reached|EV_green_not_visible,CLEAR
178.172,robot_0,EV_move_forward,EV_path_clear,CLEAR
178.480,robot_0,EV_rotate_counterclockwise,EV_red_not_visible|EV_path_clear|EV_blue_reached|EV_green_not_visible,CLEAR
178.669,robot_0,EV_rotate_counterclockwise,EV_path_clear,CLEAR
178.776,robot_0,EV_move_backward,EV_path_clear,CLEAR
178.979,robot_0,EV_move_forward,EV_red_not_visible|EV_blue_reached|EV_obstacle_right|EV_green_not_visible,RIGHT
179.269,robot_0,EV_move_forward,EV_obstacle_right,RIGHT
179.477,robot_0,EV_u_turn,EV_obstacle_right,RIGHT
183.378,robot_0,EV_search_color,EV_green_visible|EV_path_clear|EV_blue_reached|EV_red_visible,CLEAR
183.566,robot_0,EV_u_turn,EV_path_clear,CLEAR
183.671,robot_0,EV_rotate_clockwise,EV_path_clear,CLEAR
183.781,robot_0,EV_search_color,EV_path_clear,CLEAR
183.969,robot_0,EV_approach_color,EV_green_visible|EV_path_clear|EV_blue_reached|EV_red_visible,CLEAR
184.269,robot_0,EV_move_backward,EV_path_clear,CLEAR
184.481,robot_0,EV_search_color,EV_path_clear|EV_blue_reached|EV_green_not_visible|EV_red_visible,CLEAR
184.669,robot_0,EV_move_backward,EV_path_clear,CLEAR
184.980,robot_0,EV_search_color,EV_path_clear|EV_blue_reached|EV_green_not_visible|EV_red_visible,CLEAR
185.166,robot_0,EV_move_backward,EV_path_clear,CLEAR
185.368,robot_0,EV_approach_color,EV_path_clear,CLEAR
185.668,robot_0,EV_move_backward,EV_blue_reached|EV_green_not_visible|EV_obstacle_left|EV_red_visible,LEFT
185.969,robot_0,EV_search_color,EV_obstacle_left,LEFT
186.074,robot_0,EV_u_turn,EV_obstacle_left,LEFT
189.867,robot_0,EV_search_color,EV_red_not_visible|EV_blue_reached|EV_obstacle_right|EV_green_not_visible,RIGHT
192.670,robot_0,EV_u_turn,EV_green_visible|EV_red_not_visible|EV_path_clear|EV_blue_reached,CLEAR
196.470,robot_0,EV_search_color,EV_blue_reached|EV_green_not_visible|EV_obstacle_front|EV_red_visible,CORNER
196.568,robot_0,EV_move_backward,EV_red_not_visible|EV_blue_reached|EV_obstacle_right|EV_green_not_visible,RIGHT
196.778,robot_0,EV_rotate_counterclockwise,EV_obstacle_right,RIGHT
196.881,robot_0,EV_rotate_clockwise,EV_obstacle_right,RIGHT
197.068,robot_0,EV_u_turn,EV_obstacle_right,RIGHT
197.185,robot_0,EV_u_turn,EV_red_not_visible|EV_blue_reached|EV_obstacle_right|EV_green_not_visible,RIGHT
197.266,robot_0,EV_rotate_counterclockwise,EV_obstacle_right,RIGHT
197.369,robot_0,EV_rotate_counterclockwise,EV_obstacle_right,RIGHT
197.577,robot_0,EV_approach_color,EV_obstacle_right,RIGHT
197.772,robot_0,EV_rotate_counterclockwise,EV_red_not_visible|EV_blue_reached|EV_obstacle_right|EV_green_not_visible,RIGHT
197.970,robot_0,EV_search_color,EV_obstacle_right,RIGHT
198.169,robot_0,EV_search_color,EV_obstacle_right,RIGHT
198.273,robot_0,EV_rotate_clockwise,EV_red_not_visible|EV_path_clear|EV_blue_reached|EV_green_not_visible,CLEAR
198.478,robot_0,EV_move_forward,EV_path_clear,CLEAR
198.766,robot_0,EV_move_forward,EV_obstacle_right,RIGHT
198.967,robot_0,EV_move_forward,EV_red_not_visible|EV_blue_reached|EV_obstacle_right|EV_green_not_visible,RIGHT
199.276,robot_0,EV_u_turn,EV_red_not_visible|EV_blue_reached|EV_obstacle_right|EV_green_not_visible,RIGHT
203.075,robot_0,EV_u_turn,EV_green_visible|EV_red_not_visible|EV_path_clear|EV_blue_reached,CLEAR
203.172,robot_0,EV_rotate_clockwise,EV_green_visible|EV_path_clear|EV_blue_reached|EV_red_visible,CLEAR
203.368,robot_0,EV_move_backward,EV_path_clear,CLEAR
203.575,robot_0,EV_search_color,EV_path_clear,CLEAR
203.766,robot_0,EV_move_forward,EV_green_visible|EV_path_clear|EV_blue_reached|EV_red_visible,CLEAR
204.086,robot_0,EV_approach_color,EV_path_clear,CLEAR
204.374,robot_0,EV_rotate_counterclockwise,EV_green_visible|EV_path_clear|EV_blue_reached|EV_red_visible,CLEAR
204.569,robot_0,EV_approach_color,EV_path_clear,CLEAR
204.878,robot_0,EV_move_backward,EV_path_clear|EV_blue_reached|EV_green_not_visible|EV_red_visible,CLEAR
205.167,robot_0,EV_move_forward,EV_path_clear,CLEAR
205.372,robot_0,EV_move_backward,EV_path_clear,CLEAR
205.578,robot_0,EV_u_turn,EV_path_clear|EV_blue_reached|EV_green_not_visible|EV_red_visible,CLEAR
209.471,robot_0,EV_rotate_counterclockwise,EV_red_not_visible|EV_blue_reached|EV_green_not_visible|EV_obstacle_left,LEFT
212.373,robot_0,EV_move_backward,EV_red_not_visible|EV_path_clear|EV_blue_reached|EV_green_not_visible,CLEAR
212.674,robot_0,EV_approach_color,EV_path_clear,CLEAR
212.968,robot_0,EV_move_forward,EV_green_visible|EV_red_not_visible|EV_path_clear|EV_blue_reached,CLEAR
213.286,robot_0,EV_u_turn,EV_path_clear,CLEAR
217.178,robot_0,EV_search_color,EV_path_clear|EV_green_reached|EV_blue_reached|EV_red_visible,CLEAR
217.368,robot_0,EV_rotate_counterclockwise,EV_green_reached|EV_blue_reached|EV_obstacle_left|EV_red_visible,LEFT
217.569,robot_0,EV_search_color,EV_obstacle_left,LEFT
217.675,robot_0,EV_approach_color,EV_obstacle_left,LEFT
217.782,robot_0,EV_move_backward,EV_green_reached|EV_blue_reached|EV_obstacle_left|EV_red_visible,LEFT
218.072,robot_0,EV_rotate_counterclockwise,EV_obstacle_left,LEFT
218.185,robot_0,EV_search_color,EV_obstacle_left,LEFT
218.366,robot_0,EV_move_forward,EV_path_clear|EV_green_reached|EV_blue_reached|EV_red_visible,CLEAR
218.677,robot_0,EV_rotate_counterclockwise,EV_path_clear,CLEAR
221.475,robot_0,EV_u_turn,EV_red_not_visible|EV_path_clear|EV_green_reached|EV_blue_reached,CLEAR
225.374,robot_0,EV_search_color,EV_path_clear|EV_green_reached|EV_blue_reached|EV_red_visible,CLEAR
225.576,robot_0,EV_rotate_clockwise,EV_path_clear,CLEAR
225.775,robot_0,EV_search_color,EV_path_clear,CLEAR
225.968,robot_0,EV_rotate_clockwise,EV_path_clear|EV_green_reached|EV_blue_reached|EV_red_visible,CLEAR
226.077,robot_0,EV_search_color,EV_path_clear,CLEAR
228.777,robot_0,EV_search_color,EV_path_clear|EV_green_reached|EV_blue_reached|EV_red_visible,CLEAR
228.970,robot_0,EV_rotate_counterclockwise,EV_path_clear,CLEAR
229.073,robot_0,EV_rotate_clockwise,EV_path_clear,CLEAR
229.273,robot_0,EV_u_turn,EV_green_reached|EV_blue_reached|EV_obstacle_left|EV_red_visible,LEFT
233.073,robot_0,EV_move_backward,EV_red_not_visible|EV_path_clear|EV_green_reached|EV_blue_reached,CLEAR
233.371,robot_0,EV_u_turn,EV_red_not_visible|EV_green_reached|EV_blue_reached|EV_obstacle_right,RIGHT
233.470,robot_0,EV_rotate_clockwise,EV_obstacle_right,RIGHT
233.577,robot_0,EV_search_color,EV_obstacle_right,RIGHT
233.682,robot_0,EV_rotate_counterclockwise,EV_obstacle_right,RIGHT
233.879,robot_0,EV_rotate_clockwise,EV_red_not_visible|EV_path_clear|EV_green_reached|EV_blue_reached,CLEAR
234.079,robot_0,EV_rotate_counterclockwise,EV_path_clear,CLEAR
234.277,robot_0,EV_u_turn,EV_path_clear,CLEAR
234.380,robot_0,EV_move_backward,EV_path_clear,CLEAR
234.674,robot_0,EV_u_turn,EV_red_not_visible|EV_path_clear|EV_green_reached|EV_blue_reached,CLEAR
234.774,robot_0,EV_rotate_counterclockwise,EV_path_clear,CLEAR
234.979,robot_0,EV_move_forward,EV_path_clear,CLEAR
235.269,robot_0,EV_rotate_counterclockwise,EV_red_not_visible|EV_path_clear|EV_green_reached|EV_blue_reached,CLEAR
235.473,robot_0,EV_u_turn,EV_obstacle_right,RIGHT
239.266,robot_0,EV_search_color,EV_path_clear|EV_green_reached|EV_blue_reached|EV_red_visible,CLEAR
239.478,robot_0,EV_approach_color,EV_green_reached|EV_blue_reached|EV_obstacle_left|EV_red_visible,LEFT
242.266,robot_0,EV_search_color,EV_red_not_visible|EV_path_clear|EV_blue_visible|EV_green_reached,CLEAR
242.467,robot_0,EV_move_backward,EV_red_not_visible|EV_path_clear|EV_blue_visible|EV_green_reached,CLEAR
242.775,robot_0,EV_move_backward,EV_path_clear,CLEAR
243.071,robot_0,EV_approach_color,EV_path_clear|EV_blue_visible|EV_green_reached|EV_red_visible,CLEAR
243.375,robot_0,EV_approach_color,EV_path_clear,CLEAR
243.577,robot_0,EV_search_color,EV_path_clear|EV_blue_visible|EV_green_reached|EV_red_visible,CLEAR
243.774,robot_0,EV_u_turn,EV_path_clear,CLEAR
247.571,robot_0,EV_rotate_clockwise,EV_blue_visible|EV_green_reached|EV_obstacle_front|EV_red_visible,CORNER
247.777,robot_0,EV_move_forward,EV_obstacle_front,CORNER
248.080,robot_0,EV_rotate_counterclockwise,EV_obstacle_front,CORNER
248.272,robot_0,EV_rotate_counterclockwise,EV_red_not_visible|EV_blue_visible|EV_green_reached|EV_obstacle_front,CORNER
248.469,robot_0,EV_move_forward,EV_obstacle_front,CORNER
248.770,robot_0,EV_rotate_counterclockwise,EV_red_not_visible|EV_blue_visible|EV_green_reached|EV_obstacle_right,RIGHT
248.874,robot_0,EV_rotate_counterclockwise,EV_obstacle_right,RIGHT
249.079,robot_0,EV_rotate_clockwise,EV_obstacle_right,RIGHT
249.273,robot_0,EV_u_turn,EV_red_not_visible|EV_path_clear|EV_blue_visible|EV_green_reached,CLEAR
249.373,robot_0,EV_move_forward,EV_path_clear,CLEAR
249.576,robot_0,EV_move_backward,EV_path_clear,CLEAR
249.871,robot_0,EV_approach_color,EV_red_not_visible|EV_path_clear|EV_green_reached|EV_blue_not_visible,CLEAR
250.172,robot_0,EV_move_backward,EV_path_clear,CLEAR
250.478,robot_0,EV_search_color,EV_red_not_visible|EV_path_clear|EV_green_reached|EV_blue_not_visible,CLEAR
250.671,robot_0,EV_rotate_clockwise,EV_path_clear,CLEAR
250.776,robot_0,EV_u_turn,EV_path_clear,CLEAR
254.672,robot_0,EV_move_forward,EV_path_clear|EV_green_reached|EV_blue_not_visible|EV_red_visible,CLEAR
254.966,robot_0,EV_rotate_counterclockwise,EV_path_clear|EV_green_reached|EV_blue_not_visible|EV_red_visible,CLEAR
255.165,robot_0,EV_u_turn,EV_path_clear,CLEAR
255.277,robot_0,EV_search_color,EV_path_clear|EV_green_reached|EV_blue_not_visible|EV_red_visible,CLEAR
255.467,robot_0,EV_approach_color,EV_path_clear,CLEAR
255.668,robot_0,EV_search_color,EV_path_clear,CLEAR
255.782,robot_0,EV_move_forward,EV_path_clear,CLEAR
256.069,robot_0,EV_rotate_counterclockwise,EV_path_clear|EV_green_reached|EV_blue_not_visible|EV_red_visible,CLEAR
256.272,robot_0,EV_approach_color,EV_path_clear,CLEAR
256.572,robot_0,EV_move_backward,EV_path_clear|EV_green_reached|EV_blue_not_visible|EV_red_visible,CLEAR
256.870,robot_0,EV_search_color,EV_path_clear,CLEAR
256.979,robot_0,EV_approach_color,EV_path_clear|EV_green_reached|EV_blue_reached|EV_red_visible,CLEAR
257.271,robot_0,EV_search_color,EV_path_clear,CLEAR
257.372,robot_0,EV_search_color,EV_path_clear,CLEAR
257.584,robot_0,EV_approach_color,EV_path_clear|EV_green_reached|EV_blue_reached|EV_red_visible,CLEAR
257.866,robot_0,EV_rotate_counterclockwise,EV_path_clear,CLEAR
258.067,robot_0,EV_move_forward,EV_path_clear|EV_green_reached|EV_blue_reached|EV_red_visible,CLEAR
258.375,robot_0,EV_rotate_counterclockwise,EV_path_clear,CLEAR
258.480,robot_0,EV_rotate_clockwise,EV_path_clear,CLEAR
258.668,robot_0,EV_rotate_counterclockwise,EV_red_not_visible|EV_path_clear|EV_blue_reached|EV_green_not_visible,CLEAR
258.869,robot_0,EV_search_color,EV_path_clear,CLEAR
258.978,robot_0,EV_move_forward,EV_path_clear,CLEAR
259.266,robot_0,EV_move_forward,EV_red_not_visible|EV_path_clear|EV_blue_reached|EV_green_not_visible,CLEAR
259.572,robot_0,EV_move_forward,EV_path_clear,CLEAR
259.874,robot_0,EV_rotate_clockwise,EV_red_not_visible|EV_path_clear|EV_blue_reached|EV_green_not_visible,CLEAR
260.070,robot_0,EV_search_color,EV_path_clear,CLEAR
260.269,robot_0,EV_rotate_clockwise,EV_red_not_visible|EV_path_clear|EV_blue_reached|EV_green_not_visible,CLEAR
260.468,robot_0,EV_approach_color,EV_path_clear,CLEAR
260.675,robot_0,EV_move_backward,EV_path_clear,CLEAR
260.968,robot_0,EV_u_turn,EV_red_not_visible|EV_path_clear|EV_blue_reached|EV_green_not_visible,CLEAR
264.789,robot_0,EV_move_forward,EV_red_not_visible|EV_path_clear|EV_blue_reached|EV_green_not_visible,CLEAR
265.076,robot_0,EV_rotate_clockwise,EV_path_clear,CLEAR
265.181,robot_0,EV_rotate_counterclockwise,EV_red_not_visible|EV_path_clear|EV_blue_reached|EV_green_not_visible,CLEAR
265.366,robot_0,EV_approach_color,EV_path_clear,CLEAR
265.572,robot_0,EV_approach_color,EV_path_clear,CLEAR
265.870,robot_0,EV_move_forward,EV_red_not_visible|EV_path_clear|EV_blue_reached|EV_green_not_visible,CLEAR
266.074,robot_0,EV_search_color,EV_path_clear,CLEAR
266.177,robot_0,EV_move_forward,EV_path_clear,CLEAR
266.379,robot_0,EV_move_backward,EV_path_clear,CLEAR
266.669,robot_0,EV_rotate_counterclockwise,EV_red_not_visible|EV_blue_reached|EV_obstacle_right|EV_green_not_visible,RIGHT
266.782,robot_0,EV_u_turn,EV_obstacle_right,RIGHT
266.873,robot_0,EV_rotate_counterclockwise,EV_obstacle_right,RIGHT
266.973,robot_0,EV_rotate_counterclockwise,EV_obstacle_right,RIGHT
267.166,robot_0,EV_rotate_clockwise,EV_red_not_visible|EV_blue_reached|EV_obstacle_right|EV_green_not_visible,RIGHT
267.277,robot_0,EV_move_backward,EV_obstacle_right,RIGHT
267.572,robot_0,EV_move_forward,EV_obstacle_right,RIGHT
267.872,robot_0,EV_move_forward,EV_red_not_visible|EV_blue_reached|EV_obstacle_right|EV_green_not_visible,RIGHT
268.175,robot_0,EV_move_backward,EV_obstacle_right,RIGHT
268.475,robot_0,EV_u_turn,EV_red_not_visible|EV_blue_reached|EV_obstacle_right|EV_green_not_visible,RIGHT
272.278,robot_0,EV_move_forward,EV_green_visible|EV_path_clear|EV_blue_reached|EV_red_visible,CLEAR
272.570,robot_0,EV_move_backward,EV_green_visible|EV_path_clear|EV_blue_reached|EV_red_visible,CLEAR
272.874,robot_0,EV_u_turn,EV_path_clear,CLEAR
272.988,robot_0,EV_rotate_counterclockwise,EV_green_visible|EV_path_clear|EV_blue_reached|EV_red_visible,CLEAR
273.174,robot_0,EV_rotate_clockwise,EV_path_clear,CLEAR
273.373,robot_0,EV_u_turn,EV_path_clear,CLEAR
273.470,robot_0,EV_move_backward,EV_path_clear,CLEAR
273.676,robot_0,EV_rotate_counterclockwise,EV_green_visible|EV_path_clear|EV_blue_reached|EV_red_visible,CLEAR
273.869,robot_0,EV_search_color,EV_path_clear,CLEAR
273.984,robot_0,EV_approach_color,EV_path_clear,CLEAR
274.270,robot_0,EV_move_backward,EV_path_clear|EV_blue_reached|EV_green_not_visible|EV_red_visible,CLEAR
274.479,robot_0,EV_rotate_counterclockwise,EV_path_clear,CLEAR
274.668,robot_0,EV_u_turn,EV_path_clear|EV_blue_reached|EV_green_not_visible|EV_red_visible,CLEAR
278.478,robot_0,EV_rotate_counterclockwise,EV_red_not_visible|EV_blue_reached|EV_obstacle_right|EV_green_not_visible,RIGHT
281.173,robot_0,EV_search_color,EV_green_visible|EV_red_not_visible|EV_path_clear|EV_blue_reached,CLEAR
281.373,robot_0,EV_move_backward,EV_path_clear,CLEAR
281.674,robot_0,EV_rotate_clockwise,EV_green_visible|EV_red_not_visible|EV_path_clear|EV_blue_reached,CLEAR
281.871,robot_0,EV_search_color,EV_path_clear,CLEAR
281.975,robot_0,EV_move_backward,EV_path_clear,CLEAR
282.177,robot_0,EV_rotate_counterclockwise,EV_green_visible|EV_red_not_visible|EV_path_clear|EV_blue_reached,CLEAR
282.381,robot_0,EV_move_forward,EV_path_clear,CLEAR
282.671,robot_0,EV_move_backward,EV_path_clear,CLEAR
282.880,robot_0,EV_move_backward,EV_green_visible|EV_path_clear|EV_blue_reached|EV_red_visible,CLEAR
283.172,robot_0,EV_rotate_counterclockwise,EV_path_clear,CLEAR
283.273,robot_0,EV_move_backward,EV_path_clear,CLEAR
283.573,robot_0,EV_move_backward,EV_green_visible|EV_path_clear|EV_blue_reached|EV_red_visible,CLEAR
283.873,robot_0,EV_move_backward,EV_path_clear,CLEAR
284.179,robot_0,EV_move_forward,EV_green_visible|EV_path_clear|EV_blue_reached|EV_red_visible,CLEAR
284.473,robot_0,EV_search_color,EV_path_clear,CLEAR
284.581,robot_0,EV_approach_color,EV_path_clear,CLEAR
284.873,robot_0,EV_move_backward,EV_path_clear|EV_blue_reached|EV_green_not_visible|EV_red_visible,CLEAR
285.166,robot_0,EV_move_forward,EV_path_clear,CLEAR
285.370,robot_0,EV_rotate_counterclockwise,EV_path_clear|EV_blue_reached|EV_green_not_visible|EV_red_visible,CLEAR
285.568,robot_0,EV_move_forward,EV_path_clear,CLEAR
285.882,robot_0,EV_move_backward,EV_path_clear|EV_blue_reached|EV_green_not_visible|EV_red_visible,CLEAR
286.167,robot_0,EV_rotate_counterclockwise,EV_path_clear,CLEAR
286.377,robot_0,EV_move_forward,EV_path_clear|EV_blue_reached|EV_green_not_visible|EV_red_visible,CLEAR
286.666,robot_0,EV_approach_color,EV_path_clear,CLEAR
286.867,robot_0,EV_approach_color,EV_path_clear,CLEAR
287.074,robot_0,EV_rotate_clockwise,EV_path_clear|EV_blue_reached|EV_green_not_visible|EV_red_visible,CLEAR
287.267,robot_0,EV_search_color,EV_path_clear,CLEAR
287.470,robot_0,EV_rotate_clockwise,EV_path_clear,CLEAR
287.671,robot_0,EV_search_color,EV_path_clear|EV_blue_reached|EV_green_not_visible|EV_red_visible,CLEAR
290.374,robot_0,EV_rotate_clockwise,EV_path_clear|EV_blue_reached|EV_green_not_visible|EV_red_visible,CLEAR
290.579,robot_0,EV_move_forward,EV_path_clear,CLEAR
290.869,robot_0,EV_u_turn,EV_path_clear|EV_blue_reached|EV_green_not_visible|EV_red_visible,CLEAR
294.676,robot_0,EV_approach_color,EV_red_not_visible|EV_blue_reached|EV_obstacle_right|EV_green_not_visible,RIGHT
294.870,robot_0,EV_rotate_counterclockwise,EV_red_not_visible|EV_path_clear|EV_blue_reached|EV_green_not_visible,CLEAR
295.068,robot_0,EV_rotate_counterclockwise,EV_path_clear,CLEAR
295.171,robot_0,EV_approach_color,EV_path_clear,CLEAR
295.473,robot_0,EV_approach_color,EV_red_not_visible|EV_path_clear|EV_blue_reached|EV_green_not_visible,CLEAR
295.769,robot_0,EV_move_forward,EV_path_clear,CLEAR
295.970,robot_0,EV_move_backward,EV_path_clear,CLEAR
296.267,robot_0,EV_u_turn,EV_green_visible|EV_red_not_visible|EV_path_clear|EV_blue_reached,CLEAR
296.386,robot_0,EV_move_backward,EV_path_clear,CLEAR
296.685,robot_0,EV_move_forward,EV_path_clear,CLEAR
296.985,robot_0,EV_move_backward,EV_path_clear,CLEAR
