elapsed_s,robot,selected_event,uncontrollable_events,raw_zone
0.155,robot_2,EV_rotate_clockwise,EV_path_clear,CLEAR
0.352,robot_2,EV_rotate_counterclockwise,EV_path_clear,CLEAR
0.455,robot_2,EV_search_color,EV_path_clear,CLEAR
0.649,robot_2,EV_move_backward,EV_path_clear,CLEAR
0.852,robot_2,EV_rotate_counterclockwise,EV_path_clear,CLEAR
0.952,robot_2,EV_search_color,EV_path_clear,CLEAR
1.158,robot_2,EV_move_forward,EV_path_clear,CLEAR
1.451,robot_2,EV_rotate_clockwise,EV_path_clear,CLEAR
1.656,robot_2,EV_u_turn,EV_path_clear,CLEAR
5.551,robot_2,EV_rotate_counterclockwise,EV_green_reached|EV_blue_not_visible|EV_red_not_visible|EV_obstacle_left,LEFT
8.355,robot_2,EV_approach_color,EV_green_reached|EV_blue_not_visible|EV_obstacle_front|EV_red_visible,CORNER
11.655,robot_2,EV_move_forward,EV_blue_visible|EV_green_reached|EV_path_clear|EV_red_not_visible,CLEAR
11.947,robot_2,EV_rotate_clockwise,EV_blue_visible|EV_green_reached|EV_path_clear|EV_red_not_visible,CLEAR
12.053,robot_2,EV_u_turn,EV_path_clear,CLEAR
12.163,robot_2,EV_search_color,EV_green_reached|EV_blue_not_visible|EV_path_clear|EV_red_not_visible,CLEAR
12.346,robot_2,EV_move_forward,EV_path_clear,CLEAR
12.552,robot_2,EV_rotate_counterclockwise,EV_green_reached|EV_blue_not_visible|EV_path_clear|EV_red_not_visible,CLEAR
12.754,robot_2,EV_move_backward,EV_path_clear,CLEAR
13.050,robot_2,EV_rotate_counterclockwise,EV_green_reached|EV_blue_not_visible|EV_red_not_visible|EV_obstacle_left,LEFT
13.154,robot_2,EV_rotate_clockwise,EV_obstacle_left,LEFT
13.350,robot_2,EV_rotate_counterclockwise,EV_obstacle_left,LEFT
13.546,robot_2,EV_rotate_clockwise,EV_green_reached|EV_blue_not_visible|EV_red_not_visible|EV_obstacle_left,LEFT
13.751,robot_2,EV_rotate_counterclockwise,EV_obstacle_left,LEFT
16.451,robot_2,EV_rotate_clockwise,EV_green_reached|EV_blue_not_visible|EV_obstacle_front|EV_red_visible,CORNER
16.649,robot_2,EV_u_turn,EV_obstacle_front,CORNER
19.951,robot_2,EV_u_turn,EV_blue_visible|EV_green_reached|EV_path_clear|EV_red_not_visible,CLEAR
20.050,robot_2,EV_rotate_counterclockwise,EV_path_clear,CLEAR
20.251,robot_2,EV_rotate_counterclockwise,EV_blue_visible|EV_green_reached|EV_path_clear|EV_red_not_visible,CLEAR
20.453,robot_2,EV_rotate_clockwise,EV_path_clear,CLEAR
20.648,robot_2,EV_rotate_clockwise,EV_blue_visible|EV_green_reached|EV_path_clear|EV_red_not_visible,CLEAR
20.849,robot_2,EV_rotate_counterclockwise,EV_path_clear,CLEAR
21.052,robot_2,EV_rotate_counterclockwise,EV_green_reached|EV_blue_not_visible|EV_red_not_visible|EV_obstacle_left,LEFT
21.257,robot_2,EV_move_forward,EV_obstacle_left,LEFT
21.548,robot_2,EV_move_backward,EV_green_reached|EV_blue_not_visible|EV_path_clear|EV_red_not_visible,CLEAR
21.846,robot_2,EV_rotate_counterclockwise,EV_obstacle_left,LEFT
21.950,robot_2,EV_move_backward,EV_green_reached|EV_blue_not_visible|EV_red_not_visible|EV_obstacle_left,LEFT
22.254,robot_2,EV_move_backward,EV_obstacle_left,LEFT
22.550,robot_2,EV_move_backward,EV_green_reached|EV_blue_not_visible|EV_red_not_visible|EV_obstacle_left,LEFT
22.856,robot_2,EV_rotate_clockwise,EV_green_reached|EV_blue_not_visible|EV_red_not_visible|EV_obstacle_left,LEFT
23.057,robot_2,EV_rotate_clockwise,EV_obstacle_left,LEFT
23.271,robot_2,EV_move_backward,EV_green_reached|EV_blue_not_visible|EV_red_not_visible|EV_obstacle_left,LEFT
23.549,robot_2,EV_rotate_counterclockwise,EV_green_reached|EV_blue_not_visible|EV_path_clear|EV_red_not_visible,CLEAR
23.654,robot_2,EV_move_forward,EV_path_clear,CLEAR
23.955,robot_2,EV_move_backward,EV_path_clear,CLEAR
24.156,robot_2,EV_u_turn,EV_green_reached|EV_blue_not_visible|EV_path_clear|EV_red_not_visible,CLEAR
27.355,robot_2,EV_move_forward,EV_green_reached|EV_blue_not_visible|EV_obstacle_front|EV_red_visible,CORNER
30.053,robot_2,EV_u_turn,EV_green_reached|EV_blue_not_visible|EV_red_visible|EV_obstacle_right,RIGHT
33.448,robot_2,EV_approach_color,EV_green_reached|EV_blue_not_visible|EV_path_clear|EV_red_visible,CLEAR
33.749,robot_2,EV_u_turn,EV_blue_visible|EV_green_reached|EV_path_clear|EV_red_visible,CLEAR
33.851,robot_2,EV_u_turn,EV_path_clear,CLEAR
33.946,robot_2,EV_move_backward,EV_path_clear|EV_red_visible,CLEAR
34.157,robot_2,EV_rotate_clockwise,EV_blue_visible|EV_green_reached|EV_path_clear,CLEAR
34.351,robot_2,EV_move_forward,EV_path_clear,CLEAR
34.648,robot_2,EV_move_forward,EV_blue_visible|EV_green_reached|EV_path_clear|EV_red_visible,CLEAR
34.946,robot_2,EV_move_forward,EV_blue_visible|EV_green_reached|EV_path_clear|EV_red_not_visible,CLEAR
35.246,robot_2,EV_move_backward,EV_path_clear,CLEAR
35.452,robot_2,EV_rotate_counterclockwise,EV_blue_visible|EV_path_clear|EV_green_not_visible|EV_red_not_visible,CLEAR
35.555,robot_2,EV_search_color,EV_path_clear,CLEAR
35.758,robot_2,EV_move_forward,EV_path_clear,CLEAR
36.051,robot_2,EV_rotate_counterclockwise,EV_blue_visible|EV_path_clear|EV_green_not_visible|EV_red_not_visible,CLEAR
36.153,robot_2,EV_move_forward,EV_path_clear,CLEAR
36.453,robot_2,EV_move_backward,EV_blue_visible|EV_path_clear|EV_green_not_visible|EV_red_not_visible,CLEAR
36.747,robot_2,EV_search_color,EV_blue_visible|EV_path_clear|EV_green_not_visible|EV_red_not_visible,CLEAR
36.950,robot_2,EV_search_color,EV_path_clear,CLEAR
37.158,robot_2,EV_search_color,EV_blue_visible|EV_path_clear|EV_green_not_visible|EV_red_not_visible,CLEAR
37.349,robot_2,EV_rotate_clockwise,EV_path_clear,CLEAR
37.450,robot_2,EV_rotate_counterclockwise,EV_path_clear,CLEAR
37.651,robot_2,EV_u_turn,EV_path_clear,CLEAR
40.847,robot_2,EV_rotate_counterclockwise,EV_blue_not_visible|EV_red_not_visible|EV_green_visible|EV_obstacle_left,LEFT
43.648,robot_2,EV_rotate_counterclockwise,EV_blue_not_visible|EV_path_clear|EV_red_visible|EV_green_visible,CLEAR
43.750,robot_2,EV_move_forward,EV_path_clear,CLEAR
44.049,robot_2,EV_rotate_counterclockwise,EV_blue_not_visible|EV_path_clear|EV_green_not_visible|EV_red_visible,CLEAR
44.246,robot_2,EV_move_forward,EV_path_clear,CLEAR
44.452,robot_2,EV_move_backward,EV_blue_visible|EV_path_clear|EV_green_not_visible|EV_red_visible,CLEAR
44.751,robot_2,EV_rotate_clockwise,EV_blue_visible|EV_path_clear|EV_green_not_visible|EV_red_visible,CLEAR
44.951,robot_2,EV_move_forward,EV_path_clear,CLEAR
45.253,robot_2,EV_rotate_clockwise,EV_blue_visible|EV_path_clear|EV_green_not_visible|EV_red_not_visible,CLEAR
45.458,robot_2,EV_search_color,EV_path_clear,CLEAR
45.649,robot_2,EV_search_color,EV_blue_visible|EV_path_clear|EV_green_not_visible|EV_red_not_visible,CLEAR
45.851,robot_2,EV_rotate_counterclockwise,EV_path_clear,CLEAR
46.053,robot_2,EV_move_backward,EV_blue_visible|EV_path_clear|EV_green_not_visible|EV_red_not_visible,CLEAR
46.359,robot_2,EV_rotate_counterclockwise,EV_path_clear,CLEAR
46.546,robot_2,EV_rotate_counterclockwise,EV_blue_visible|EV_path_clear|EV_green_not_visible|EV_red_not_visible,CLEAR
46.652,robot_2,EV_move_backward,EV_path_clear,CLEAR
46.946,robot_2,EV_move_backward,EV_blue_visible|EV_path_clear|EV_green_not_visible|EV_red_not_visible,CLEAR
47.256,robot_2,EV_move_backward,EV_path_clear,CLEAR
47.548,robot_2,EV_rotate_counterclockwise,EV_blue_visible|EV_path_clear|EV_green_not_visible|EV_red_not_visible,CLEAR
47.649,robot_2,EV_rotate_clockwise,EV_path_clear,CLEAR
47.754,robot_2,EV_move_backward,EV_path_clear,CLEAR
48.047,robot_2,EV_rotate_counterclockwise,EV_blue_visible|EV_path_clear|EV_green_not_visible|EV_red_not_visible,CLEAR
48.154,robot_2,EV_search_color,EV_path_clear,CLEAR
48.348,robot_2,EV_rotate_clockwise,EV_blue_visible|EV_path_clear|EV_green_not_visible|EV_red_not_visible,CLEAR
48.554,robot_2,EV_move_backward,EV_path_clear,CLEAR
48.851,robot_2,EV_move_backward,EV_blue_visible|EV_path_clear|EV_green_not_visible|EV_red_not_visible,CLEAR
49.156,robot_2,EV_search_color,EV_path_clear,CLEAR
49.351,robot_2,EV_rotate_counterclockwise,EV_blue_visible|EV_path_clear|EV_green_not_visible|EV_red_not_visible,CLEAR
49.549,robot_2,EV_move_backward,EV_path_clear,CLEAR
49.762,robot_2,EV_move_backward,EV_blue_visible|EV_path_clear|EV_green_not_visible|EV_red_not_visible,CLEAR
49.966,robot_2,EV_move_forward,EV_path_clear,CLEAR
50.250,robot_2,EV_search_color,EV_blue_visible|EV_path_clear|EV_green_not_visible|EV_red_not_visible,CLEAR
50.358,robot_2,EV_move_forward,EV_path_clear,CLEAR
50.651,robot_2,EV_move_forward,EV_blue_visible|EV_path_clear|EV_green_not_visible|EV_red_not_visible,CLEAR
50.950,robot_2,EV_rotate_counterclockwise,EV_blue_visible|EV_path_clear|EV_green_not_visible|EV_red_not_visible,CLEAR
51.151,robot_2,EV_move_forward,EV_path_clear,CLEAR
51.451,robot_2,EV_move_backward,EV_blue_visible|EV_path_clear|EV_green_not_visible|EV_red_not_visible,CLEAR
51.750,robot_2,EV_rotate_counterclockwise,EV_path_clear,CLEAR
51.951,robot_2,EV_u_turn,EV_blue_not_visible|EV_path_clear|EV_green_not_visible|EV_red_not_visible,CLEAR
55.053,robot_2,EV_rotate_clockwise,EV_blue_not_visible|EV_path_clear|EV_red_not_visible|EV_green_visible,CLEAR
55.247,robot_2,EV_move_backward,EV_path_clear,CLEAR
55.461,robot_2,EV_rotate_counterclockwise,EV_blue_not_visible|EV_path_clear|EV_red_visible|EV_green_visible,CLEAR
55.652,robot_2,EV_approach_color,EV_path_clear,CLEAR
55.946,robot_2,EV_rotate_clockwise,EV_blue_not_visible|EV_path_clear|EV_red_visible|EV_green_visible,CLEAR
56.151,robot_2,EV_move_forward,EV_path_clear,CLEAR
56.356,robot_2,EV_move_forward,EV_blue_not_visible|EV_path_clear|EV_red_visible|EV_green_visible,CLEAR
56.654,robot_2,EV_u_turn,EV_blue_not_visible|EV_path_clear|EV_green_not_visible|EV_red_visible,CLEAR
56.751,robot_2,EV_move_backward,EV_path_clear,CLEAR
56.959,robot_2,EV_approach_color,EV_path_clear,CLEAR
57.250,robot_2,EV_rotate_clockwise,EV_blue_not_visible|EV_path_clear|EV_green_not_visible|EV_red_visible,CLEAR
57.462,robot_2,EV_rotate_clockwise,EV_path_clear,CLEAR
57.651,robot_2,EV_approach_color,EV_blue_not_visible|EV_path_clear|EV_green_not_visible|EV_red_visible,CLEAR
57.855,robot_2,EV_rotate_counterclockwise,EV_path_clear,CLEAR
58.055,robot_2,EV_move_forward,EV_blue_not_visible|EV_path_clear|EV_green_not_visible|EV_red_visible,CLEAR
58.357,robot_2,EV_u_turn,EV_blue_not_visible|EV_path_clear|EV_green_not_visible|EV_red_visible,CLEAR
61.549,robot_2,EV_rotate_counterclockwise,EV_blue_visible|EV_path_clear|EV_green_not_visible|EV_red_visible,CLEAR
61.651,robot_2,EV_approach_color,EV_path_clear,CLEAR
61.948,robot_2,EV_move_backward,EV_blue_visible|EV_path_clear|EV_green_not_visible|EV_red_not_visible,CLEAR
62.256,robot_2,EV_rotate_counterclockwise,EV_path_clear,CLEAR
62.452,robot_2,EV_rotate_clockwise,EV_blue_visible|EV_path_clear|EV_green_not_visible|EV_red_not_visible,CLEAR
62.554,robot_2,EV_rotate_counterclockwise,EV_path_clear,CLEAR
62.757,robot_2,EV_rotate_counterclockwise,EV_path_clear,CLEAR
62.954,robot_2,EV_move_forward,EV_blue_visible|EV_path_clear|EV_green_not_visible|EV_red_not_visible,CLEAR
63.248,robot_2,EV_move_backward,EV_path_clear,CLEAR
63.552,robot_2,EV_move_forward,EV_blue_visible|EV_path_clear|EV_green_not_visible|EV_red_not_visible,CLEAR
63.852,robot_2,EV_u_turn,EV_blue_not_visible|EV_path_clear|EV_green_not_visible|EV_red_not_visible,CLEAR
67.150,robot_2,EV_approach_color,EV_blue_not_visible|EV_path_clear|EV_red_visible|EV_green_visible,CLEAR
67.457,robot_2,EV_approach_color,EV_blue_not_visible|EV_path_clear|EV_red_visible|EV_green_visible,CLEAR
67.752,robot_2,EV_u_turn,EV_path_clear,CLEAR
67.858,robot_2,EV_move_forward,EV_blue_not_visible|EV_path_clear|EV_red_visible|EV_green_visible,CLEAR
68.147,robot_2,EV_u_turn,EV_path_clear,CLEAR
68.252,robot_2,EV_rotate_clockwise,EV_obstacle_right,RIGHT
71.056,robot_2,EV_rotate_clockwise,EV_blue_not_visible|EV_path_clear|EV_red_visible|EV_green_visible,CLEAR
71.259,robot_2,EV_rotate_counterclockwise,EV_path_clear,CLEAR
71.451,robot_2,EV_approach_color,EV_blue_not_visible|EV_path_clear|EV_red_visible|EV_green_visible,CLEAR
71.746,robot_2,EV_move_backward,EV_blue_not_visible|EV_path_clear|EV_red_not_visible|EV_green_visible,CLEAR
72.051,robot_2,EV_rotate_clockwise,EV_path_clear,CLEAR
72.153,robot_2,EV_rotate_counterclockwise,EV_path_clear,CLEAR
72.358,robot_2,EV_move_forward,EV_blue_not_visible|EV_path_clear|EV_red_not_visible|EV_green_visible,CLEAR
72.647,robot_2,EV_u_turn,EV_blue_not_visible|EV_path_clear|EV_red_not_visible|EV_green_visible,CLEAR
75.948,robot_2,EV_rotate_counterclockwise,EV_blue_not_visible|EV_path_clear|EV_red_visible|EV_green_visible,CLEAR
76.149,robot_2,EV_approach_color,EV_path_clear,CLEAR
76.456,robot_2,EV_move_backward,EV_blue_not_visible|EV_path_clear|EV_green_not_visible|EV_red_visible,CLEAR
76.752,robot_2,EV_rotate_counterclockwise,EV_blue_not_visible|EV_path_clear|EV_green_not_visible|EV_red_visible,CLEAR
76.949,robot_2,EV_rotate_clockwise,EV_path_clear,CLEAR
77.051,robot_2,EV_rotate_clockwise,EV_blue_visible|EV_path_clear|EV_green_not_visible|EV_red_visible,CLEAR
77.250,robot_2,EV_move_backward,EV_path_clear,CLEAR
77.549,robot_2,EV_rotate_clockwise,EV_blue_visible|EV_path_clear|EV_green_not_visible|EV_red_visible,CLEAR
77.754,robot_2,EV_move_backward,EV_path_clear,CLEAR
78.047,robot_2,EV_search_color,EV_blue_visible|EV_path_clear|EV_green_not_visible|EV_red_not_visible,CLEAR
78.255,robot_2,EV_search_color,EV_path_clear,CLEAR
78.449,robot_2,EV_u_turn,EV_blue_visible|EV_green_reached|EV_path_clear|EV_red_not_visible,CLEAR
81.350,robot_2,EV_rotate_counterclockwise,EV_blue_visible|EV_green_reached|EV_path_clear|EV_red_not_visible,CLEAR
81.546,robot_2,EV_move_backward,EV_path_clear,CLEAR
81.852,robot_2,EV_rotate_counterclockwise,EV_green_reached|EV_blue_not_visible|EV_path_clear|EV_red_not_visible,CLEAR
82.047,robot_2,EV_u_turn,EV_path_clear,CLEAR
82.153,robot_2,EV_u_turn,EV_path_clear,CLEAR
82.250,robot_2,EV_rotate_clockwise,EV_blue_not_visible|EV_path_clear|EV_red_not_visible|EV_green_visible,CLEAR
82.450,robot_2,EV_search_color,EV_path_clear,CLEAR
82.648,robot_2,EV_rotate_counterclockwise,EV_blue_not_visible|EV_path_clear|EV_red_not_visible|EV_green_visible,CLEAR
82.850,robot_2,EV_move_backward,EV_path_clear,CLEAR
83.146,robot_2,EV_move_backward,EV_blue_not_visible|EV_path_clear|EV_red_not_visible|EV_green_visible,CLEAR
83.454,robot_2,EV_move_backward,EV_path_clear,CLEAR
83.746,robot_2,EV_search_color,EV_blue_not_visible|EV_path_clear|EV_red_not_visible|EV_green_visible,CLEAR
83.947,robot_2,EV_rotate_clockwise,EV_path_clear,CLEAR
84.053,robot_2,EV_search_color,EV_blue_not_visible|EV_path_clear|EV_red_not_visible|EV_green_visible,CLEAR
84.254,robot_2,EV_move_backward,EV_path_clear,CLEAR
84.546,robot_2,EV_rotate_clockwise,EV_blue_not_visible|EV_path_clear|EV_red_not_visible|EV_green_visible,CLEAR
84.653,robot_2,EV_u_turn,EV_path_clear,CLEAR
88.049,robot_2,EV_rotate_counterclockwise,EV_blue_not_visible|EV_path_clear|EV_green_not_visible|EV_red_visible,CLEAR
88.160,robot_2,EV_u_turn,EV_path_clear,CLEAR
88.249,robot_2,EV_move_backward,EV_path_clear,CLEAR
88.458,robot_2,EV_rotate_counterclockwise,EV_blue_visible|EV_path_clear|EV_green_not_visible|EV_red_visible,CLEAR
88.652,robot_2,EV_rotate_counterclockwise,EV_path_clear,CLEAR
88.753,robot_2,EV_approach_color,EV_path_clear,CLEAR
89.050,robot_2,EV_rotate_clockwise,EV_blue_visible|EV_path_clear|EV_green_not_visible|EV_red_not_visible,CLEAR
89.250,robot_2,EV_search_color,EV_path_clear,CLEAR
89.454,robot_2,EV_search_color,EV_blue_visible|EV_path_clear|EV_green_not_visible|EV_red_not_visible,CLEAR
89.652,robot_2,EV_move_backward,EV_path_clear,CLEAR
89.949,robot_2,EV_search_color,EV_blue_visible|EV_path_clear|EV_green_not_visible|EV_red_not_visible,CLEAR
90.053,robot_2,EV_rotate_counterclockwise,EV_path_clear,CLEAR
90.154,robot_2,EV_u_turn,EV_blue_visible|EV_path_clear|EV_green_not_visible|EV_red_not_visible,CLEAR
90.246,robot_2,EV_move_forward,EV_path_clear,CLEAR
90.446,robot_2,EV_move_backward,EV_path_clear,CLEAR
90.653,robot_2,EV_rotate_clockwise,EV_blue_visible|EV_path_clear|EV_green_not_visible|EV_red_not_visible,CLEAR
90.852,robot_2,EV_rotate_counterclockwise,EV_path_clear,CLEAR
93.653,robot_2,EV_rotate_clockwise,EV_blue_visible|EV_path_clear|EV_red_not_visible|EV_green_visible,CLEAR
93.848,robot_2,EV_rotate_clockwise,EV_path_clear,CLEAR
93.954,robot_2,EV_rotate_clockwise,EV_path_clear,CLEAR
94.055,robot_2,EV_search_color,EV_blue_not_visible|EV_path_clear|EV_red_not_visible|EV_green_visible,CLEAR
94.247,robot_2,EV_move_forward,EV_path_clear,CLEAR
94.451,robot_2,EV_rotate_counterclockwise,EV_blue_not_visible|EV_path_clear|EV_red_not_visible|EV_green_visible,CLEAR
94.651,robot_2,EV_search_color,EV_path_clear,CLEAR
94.756,robot_2,EV_u_turn,EV_path_clear,CLEAR
98.049,robot_2,EV_rotate_clockwise,EV_blue_not_visible|EV_path_clear|EV_green_not_visible|EV_red_visible,CLEAR
98.250,robot_2,EV_approach_color,EV_blue_visible|EV_path_clear|EV_green_not_visible|EV_red_visible,CLEAR
98.547,robot_2,EV_rotate_clockwise,EV_path_clear,CLEAR
98.649,robot_2,EV_move_backward,EV_path_clear,CLEAR
98.851,robot_2,EV_move_backward,EV_blue_visible|EV_path_clear|EV_green_not_visible|EV_red_visible,CLEAR
99.148,robot_2,EV_approach_color,EV_path_clear,CLEAR
99.349,robot_2,EV_move_backward,EV_blue_visible|EV_path_clear|EV_green_not_visible|EV_red_visible,CLEAR
99.558,robot_2,EV_move_backward,EV_path_clear,CLEAR
99.850,robot_2,EV_move_forward,EV_blue_visible|EV_path_clear|EV_green_not_visible|EV_red_visible,CLEAR
100.150,robot_2,EV_u_turn,EV_path_clear,CLEAR
100.246,robot_2,EV_move_forward,EV_blue_visible|EV_path_clear|EV_green_not_visible|EV_red_visible,CLEAR
100.454,robot_2,EV_move_forward,EV_path_clear,CLEAR
100.747,robot_2,EV_move_forward,EV_blue_visible|EV_path_clear|EV_green_not_visible|EV_red_visible,CLEAR
101.051,robot_2,EV_u_turn,EV_blue_not_visible|EV_path_clear|EV_green_not_visible|EV_red_visible,CLEAR
104.354,robot_2,EV_rotate_counterclockwise,EV_blue_visible|EV_path_clear|EV_green_not_visible|EV_red_not_visible,CLEAR
104.548,robot_2,EV_u_turn,EV_blue_visible|EV_path_clear|EV_green_not_visible|EV_red_not_visible,CLEAR
104.655,robot_2,EV_move_backward,EV_path_clear,CLEAR
104.857,robot_2,EV_rotate_clockwise,EV_path_clear,CLEAR
105.052,robot_2,EV_u_turn,EV_blue_not_visible|EV_path_clear|EV_red_not_visible|EV_green_visible,CLEAR
105.153,robot_2,EV_search_color,EV_path_clear,CLEAR
105.356,robot_2,EV_move_forward,EV_path_clear,CLEAR
105.648,robot_2,EV_move_backward,EV_blue_not_visible|EV_path_clear|EV_red_not_visible|EV_green_visible,CLEAR
105.854,robot_2,EV_move_backward,EV_path_clear,CLEAR
106.158,robot_2,EV_move_forward,EV_blue_not_visible|EV_path_clear|EV_red_not_visible|EV_green_visible,CLEAR
106.456,robot_2,EV_rotate_counterclockwise,EV_blue_not_visible|EV_path_clear|EV_red_not_visible|EV_green_visible,CLEAR
106.558,robot_2,EV_move_backward,EV_path_clear,CLEAR
106.852,robot_2,EV_u_turn,EV_blue_not_visible|EV_path_clear|EV_red_not_visible|EV_green_visible,CLEAR
110.059,robot_2,EV_rotate_counterclockwise,EV_blue_not_visible|EV_path_clear|EV_red_visible|EV_green_visible,CLEAR
110.253,robot_2,EV_u_turn,EV_path_clear,CLEAR
110.346,robot_2,EV_move_backward,EV_blue_not_visible|EV_path_clear|EV_green_not_visible|EV_red_visible,CLEAR
110.553,robot_2,EV_rotate_counterclockwise,EV_path_clear,CLEAR
110.746,robot_2,EV_u_turn,EV_path_clear,CLEAR
110.846,robot_2,EV_move_backward,EV_blue_not_visible|EV_path_clear|EV_green_not_visible|EV_red_visible,CLEAR
111.056,robot_2,EV_move_backward,EV_path_clear,CLEAR
111.351,robot_2,EV_move_forward,EV_blue_not_visible|EV_path_clear|EV_green_not_visible|EV_red_visible,CLEAR
111.650,robot_2,EV_u_turn,EV_path_clear,CLEAR
111.755,robot_2,EV_u_turn,EV_blue_not_visible|EV_path_clear|EV_green_not_visible|EV_red_visible,CLEAR
111.850,robot_2,EV_rotate_clockwise,EV_path_clear,CLEAR
111.954,robot_2,EV_approach_color,EV_path_clear,CLEAR
112.248,robot_2,EV_rotate_clockwise,EV_blue_not_visible|EV_path_clear|EV_green_not_visible|EV_red_visible,CLEAR
112.453,robot_2,EV_move_backward,EV_path_clear,CLEAR
112.746,robot_2,EV_move_forward,EV_blue_not_visible|EV_path_clear|EV_green_not_visible|EV_red_visible,CLEAR
113.052,robot_2,EV_move_forward,EV_path_clear,CLEAR
113.351,robot_2,EV_move_backward,EV_blue_not_visible|EV_path_clear|EV_green_not_visible|EV_red_visible,CLEAR
113.656,robot_2,EV_move_backward,EV_blue_not_visible|EV_path_clear|EV_green_not_visible|EV_red_visible,CLEAR
113.954,robot_2,EV_u_turn,EV_path_clear,CLEAR
117.646,robot_2,EV_rotate_clockwise,EV_blue_visible|EV_path_clear|EV_green_not_visible|EV_red_not_visible,CLEAR
117.753,robot_2,EV_move_backward,EV_path_clear,CLEAR
117.954,robot_2,EV_search_color,EV_path_clear,CLEAR
118.151,robot_2,EV_search_color,EV_blue_visible|EV_path_clear|EV_green_not_visible|EV_red_not_visible,CLEAR
118.355,robot_2,EV_rotate_clockwise,EV_path_clear,CLEAR
118.549,robot_2,EV_rotate_clockwise,EV_blue_visible|EV_path_clear|EV_green_not_visible|EV_red_not_visible,CLEAR
118.748,robot_2,EV_u_turn,EV_path_clear,CLEAR
118.856,robot_2,EV_search_color,EV_path_clear,CLEAR
119.055,robot_2,EV_move_forward,EV_blue_not_visible|EV_path_clear|EV_red_not_visible|EV_green_visible,CLEAR
119.349,robot_2,EV_rotate_counterclockwise,EV_blue_not_visible|EV_path_clear|EV_red_not_visible|EV_green_visible,CLEAR
119.553,robot_2,EV_rotate_counterclockwise,EV_path_clear,CLEAR
119.763,robot_2,EV_move_backward,EV_path_clear,CLEAR
120.048,robot_2,EV_move_forward,EV_blue_not_visible|EV_path_clear|EV_red_not_visible|EV_green_visible,CLEAR
120.352,robot_2,EV_move_backward,EV_blue_not_visible|EV_path_clear|EV_red_not_visible|EV_green_visible,CLEAR
120.561,robot_2,EV_search_color,EV_path_clear,CLEAR
120.752,robot_2,EV_search_color,EV_blue_not_visible|EV_path_clear|EV_red_not_visible|EV_green_visible,CLEAR
120.947,robot_2,EV_u_turn,EV_path_clear,CLEAR
124.049,robot_2,EV_rotate_clockwise,EV_blue_not_visible|EV_path_clear|EV_green_not_visible|EV_red_visible,CLEAR
124.160,robot_2,EV_rotate_counterclockwise,EV_path_clear,CLEAR
124.348,robot_2,EV_rotate_counterclockwise,EV_blue_not_visible|EV_path_clear|EV_green_not_visible|EV_red_visible,CLEAR
124.551,robot_2,EV_approach_color,EV_path_clear,CLEAR
124.761,robot_2,EV_rotate_clockwise,EV_blue_visible|EV_path_clear|EV_green_not_visible|EV_red_visible,CLEAR
124.950,robot_2,EV_rotate_counterclockwise,EV_path_clear,CLEAR
125.050,robot_2,EV_u_turn,EV_path_clear|EV_green_not_visible|EV_red_visible,CLEAR
125.152,robot_2,EV_approach_color,EV_blue_visible|EV_path_clear,CLEAR
125.454,robot_2,EV_u_turn,EV_path_clear,CLEAR
125.563,robot_2,EV_rotate_counterclockwise,EV_blue_visible|EV_path_clear|EV_green_not_visible|EV_red_not_visible,CLEAR
125.754,robot_2,EV_move_forward,EV_path_clear,CLEAR
126.051,robot_2,EV_search_color,EV_blue_visible|EV_path_clear|EV_green_not_visible|EV_red_not_visible,CLEAR
126.248,robot_2,EV_u_turn,EV_path_clear,CLEAR
129.166,robot_2,EV_u_turn,EV_blue_visible|EV_path_clear|EV_red_not_visible|EV_green_visible,CLEAR
129.257,robot_2,EV_u_turn,EV_path_clear,CLEAR
129.353,robot_2,EV_u_turn,EV_path_clear,CLEAR
129.453,robot_2,EV_search_color,EV_blue_not_visible|EV_red_not_visible|EV_green_visible|EV_obstacle_left,LEFT
129.650,robot_2,EV_move_backward,EV_obstacle_left,LEFT
129.856,robot_2,EV_move_backward,EV_blue_not_visible|EV_path_clear|EV_red_not_visible|EV_green_visible,CLEAR
130.148,robot_2,EV_rotate_counterclockwise,EV_path_clear,CLEAR
130.254,robot_2,EV_search_color,EV_path_clear,CLEAR
130.449,robot_2,EV_u_turn,EV_blue_not_visible|EV_path_clear|EV_red_not_visible|EV_green_visible,CLEAR
130.549,robot_2,EV_rotate_counterclockwise,EV_path_clear,CLEAR
130.649,robot_2,EV_search_color,EV_path_clear,CLEAR
130.855,robot_2,EV_move_forward,EV_blue_not_visible|EV_red_not_visible|EV_green_visible|EV_obstacle_left,LEFT
131.154,robot_2,EV_search_color,EV_obstacle_left,LEFT
131.349,robot_2,EV_move_backward,EV_blue_not_visible|EV_red_not_visible|EV_green_visible|EV_obstacle_left,LEFT
131.550,robot_2,EV_move_backward,EV_obstacle_left,LEFT
131.751,robot_2,EV_u_turn,EV_blue_not_visible|EV_red_not_visible|EV_green_visible|EV_obstacle_left,LEFT
135.148,robot_2,EV_u_turn,EV_blue_not_visible|EV_path_clear|EV_green_not_visible|EV_red_visible,CLEAR
135.251,robot_2,EV_move_forward,EV_path_clear,CLEAR
135.547,robot_2,EV_u_turn,EV_blue_visible|EV_path_clear|EV_green_not_visible|EV_red_visible,CLEAR
135.656,robot_2,EV_rotate_counterclockwise,EV_path_clear,CLEAR
135.853,robot_2,EV_move_forward,EV_blue_visible|EV_path_clear|EV_green_not_visible|EV_red_visible,CLEAR
136.147,robot_2,EV_u_turn,EV_path_clear,CLEAR
136.253,robot_2,EV_move_backward,EV_blue_visible|EV_path_clear|EV_green_not_visible|EV_red_not_visible,CLEAR
136.457,robot_2,EV_rotate_clockwise,EV_path_clear,CLEAR
136.664,robot_2,EV_move_forward,EV_blue_visible|EV_path_clear|EV_green_not_visible|EV_red_not_visible,CLEAR
136.949,robot_2,EV_u_turn,EV_path_clear,CLEAR
137.047,robot_2,EV_rotate_counterclockwise,EV_path_clear,CLEAR
137.148,robot_2,EV_move_forward,EV_blue_visible|EV_path_clear|EV_green_not_visible|EV_red_not_visible,CLEAR
137.354,robot_2,EV_rotate_clockwise,EV_path_clear,CLEAR
137.551,robot_2,EV_search_color,EV_blue_visible|EV_path_clear|EV_green_not_visible|EV_red_not_visible,CLEAR
137.754,robot_2,EV_move_backward,EV_path_clear,CLEAR
138.046,robot_2,EV_rotate_clockwise,EV_blue_visible|EV_path_clear|EV_green_not_visible|EV_red_not_visible,CLEAR
138.148,robot_2,EV_move_forward,EV_path_clear,CLEAR
138.352,robot_2,EV_move_forward,EV_path_clear,CLEAR
138.555,robot_2,EV_rotate_counterclockwise,EV_blue_visible|EV_path_clear|EV_green_not_visible|EV_red_not_visible,CLEAR
138.748,robot_2,EV_search_color,EV_path_clear,CLEAR
138.947,robot_2,EV_rotate_counterclockwise,EV_blue_visible|EV_path_clear|EV_green_not_visible|EV_red_not_visible,CLEAR
139.152,robot_2,EV_rotate_counterclockwise,EV_path_clear,CLEAR
139.256,robot_2,EV_rotate_clockwise,EV_path_clear,CLEAR
139.447,robot_2,EV_u_turn,EV_blue_visible|EV_path_clear|EV_green_not_visible|EV_red_not_visible,CLEAR
142.653,robot_2,EV_search_color,EV_blue_not_visible|EV_path_clear|EV_red_not_visible|EV_green_visible,CLEAR
142.847,robot_2,EV_rotate_counterclockwise,EV_blue_not_visible|EV_path_clear|EV_red_not_visible|EV_green_visible,CLEAR
143.047,robot_2,EV_rotate_counterclockwise,EV_path_clear,CLEAR
143.148,robot_2,EV_u_turn,EV_path_clear,CLEAR
143.248,robot_2,EV_u_turn,EV_path_clear,CLEAR
143.346,robot_2,EV_u_turn,EV_blue_not_visible|EV_path_clear|EV_red_visible|EV_green_visible,CLEAR
143.454,robot_2,EV_approach_color,EV_path_clear,CLEAR
143.655,robot_2,EV_u_turn,EV_blue_not_visible|EV_path_clear|EV_red_visible|EV_green_visible,CLEAR
143.752,robot_2,EV_move_backward,EV_path_clear,CLEAR
144.051,robot_2,EV_move_forward,EV_path_clear,CLEAR
144.353,robot_2,EV_move_backward,EV_blue_not_visible|EV_path_clear|EV_red_visible|EV_green_visible,CLEAR
144.657,robot_2,EV_move_backward,EV_blue_not_visible|EV_path_clear|EV_green_not_visible|EV_red_visible,CLEAR
144.860,robot_2,EV_move_backward,EV_path_clear,CLEAR
145.154,robot_2,EV_u_turn,EV_blue_not_visible|EV_path_clear|EV_green_not_visible|EV_red_visible,CLEAR
148.446,robot_2,EV_u_turn,EV_blue_visible|EV_path_clear|EV_green_not_visible|EV_red_visible,CLEAR
148.555,robot_2,EV_move_backward,EV_blue_visible|EV_path_clear,CLEAR
148.851,robot_2,EV_move_backward,EV_path_clear,CLEAR
149.149,robot_2,EV_search_color,EV_blue_visible|EV_path_clear|EV_green_not_visible|EV_red_not_visible,CLEAR
149.355,robot_2,EV_move_forward,EV_blue_visible|EV_path_clear|EV_green_not_visible|EV_red_not_visible,CLEAR
149.647,robot_2,EV_search_color,EV_path_clear,CLEAR
149.751,robot_2,EV_rotate_clockwise,EV_path_clear,CLEAR
149.950,robot_2,EV_move_forward,EV_blue_visible|EV_path_clear|EV_green_not_visible|EV_red_not_visible,CLEAR
150.253,robot_2,EV_rotate_counterclockwise,EV_blue_visible|EV_path_clear|EV_green_not_visible|EV_red_not_visible,CLEAR
150.451,robot_2,EV_move_forward,EV_path_clear,CLEAR
150.748,robot_2,EV_move_forward,EV_blue_visible|EV_path_clear|EV_green_not_visible|EV_red_not_visible,CLEAR
150.956,robot_2,EV_rotate_counterclockwise,EV_path_clear,CLEAR
151.152,robot_2,EV_move_forward,EV_blue_visible|EV_path_clear|EV_green_not_visible|EV_red_not_visible,CLEAR
151.460,robot_2,EV_search_color,EV_path_clear,CLEAR
151.561,robot_2,EV_move_forward,EV_blue_not_visible|EV_path_clear|EV_green_not_visible|EV_red_not_visible,CLEAR
151.853,robot_2,EV_search_color,EV_path_clear,CLEAR
152.048,robot_2,EV_move_forward,EV_blue_not_visible|EV_path_clear|EV_green_not_visible|EV_red_not_visible,CLEAR
152.254,robot_2,EV_u_turn,EV_path_clear,CLEAR
155.554,robot_2,EV_rotate_clockwise,EV_blue_not_visible|EV_path_clear|EV_red_visible|EV_green_visible,CLEAR
155.749,robot_2,EV_approach_color,EV_path_clear,CLEAR
155.958,robot_2,EV_approach_color,EV_path_clear,CLEAR
156.258,robot_2,EV_u_turn,EV_blue_not_visible|EV_path_clear|EV_red_visible|EV_green_visible,CLEAR
156.352,robot_2,EV_u_turn,EV_path_clear,CLEAR
156.455,robot_2,EV_rotate_counterclockwise,EV_blue_not_visible|EV_path_clear|EV_red_visible|EV_green_visible,CLEAR
156.658,robot_2,EV_u_turn,EV_path_clear,CLEAR
156.747,robot_2,EV_move_forward,EV_path_clear,CLEAR
156.952,robot_2,EV_move_forward,EV_blue_not_visible|EV_path_clear|EV_green_not_visible|EV_red_visible,CLEAR
157.246,robot_2,EV_rotate_clockwise,EV_path_clear,CLEAR
157.349,robot_2,EV_move_backward,EV_blue_not_visible|EV_path_clear|EV_green_not_visible|EV_red_visible,CLEAR
157.551,robot_2,EV_move_backward,EV_path_clear,CLEAR
157.752,robot_2,EV_move_backward,EV_blue_not_visible|EV_path_clear|EV_green_not_visible|EV_red_visible,CLEAR
158.052,robot_2,EV_approach_color,EV_path_clear,CLEAR
158.346,robot_2,EV_approach_color,EV_blue_not_visible|EV_path_clear|EV_green_not_visible|EV_red_visible,CLEAR
158.547,robot_2,EV_rotate_clockwise,EV_path_clear,CLEAR
158.650,robot_2,EV_move_forward,EV_blue_not_visible|EV_path_clear|EV_green_not_visible|EV_red_visible,CLEAR
158.958,robot_2,EV_move_backward,EV_path_clear,CLEAR
159.160,robot_2,EV_rotate_counterclockwise,EV_blue_not_visible|EV_path_clear|EV_green_not_visible|EV_red_visible,CLEAR
159.348,robot_2,EV_u_turn,EV_path_clear,CLEAR
162.452,robot_2,EV_rotate_counterclockwise,EV_blue_visible|EV_path_clear|EV_green_not_visible|EV_red_not_visible,CLEAR
162.649,robot_2,EV_move_backward,EV_path_clear,CLEAR
162.856,robot_2,EV_search_color,EV_path_clear,CLEAR
163.054,robot_2,EV_u_turn,EV_blue_visible|EV_path_clear|EV_green_not_visible|EV_red_not_visible,CLEAR
163.147,robot_2,EV_rotate_counterclockwise,EV_path_clear,CLEAR
163.254,robot_2,EV_move_backward,EV_path_clear,CLEAR
163.456,robot_2,EV_search_color,EV_blue_visible|EV_path_clear|EV_green_not_visible|EV_red_not_visible,CLEAR
163.652,robot_2,EV_move_forward,EV_path_clear,CLEAR
163.950,robot_2,EV_u_turn,EV_blue_visible|EV_path_clear|EV_green_not_visible|EV_red_not_visible,CLEAR
164.051,robot_2,EV_move_forward,EV_path_clear,CLEAR
164.351,robot_2,EV_rotate_counterclockwise,EV_blue_not_visible|EV_path_clear|EV_green_not_visible|EV_red_not_visible,CLEAR
164.553,robot_2,EV_u_turn,EV_path_clear,CLEAR
164.652,robot_2,EV_move_forward,EV_blue_not_visible|EV_path_clear|EV_green_not_visible|EV_red_not_visible,CLEAR
164.948,robot_2,EV_move_backward,EV_path_clear,CLEAR
165.150,robot_2,EV_u_turn,EV_blue_not_visible|EV_path_clear|EV_green_not_visible|EV_red_not_visible,CLEAR
168.447,robot_2,EV_approach_color,EV_blue_not_visible|EV_path_clear|EV_red_visible|EV_green_visible,CLEAR
168.753,robot_2,EV_move_forward,EV_blue_not_visible|EV_path_clear|EV_red_visible|EV_green_visible,CLEAR
169.050,robot_2,EV_rotate_clockwise,EV_path_clear,CLEAR
169.151,robot_2,EV_move_forward,EV_blue_not_visible|EV_path_clear|EV_red_visible|EV_green_visible,CLEAR
169.451,robot_2,EV_rotate_clockwise,EV_path_clear,CLEAR
169.557,robot_2,EV_move_forward,EV_blue_not_visible|EV_path_clear|EV_green_not_visible|EV_red_visible,CLEAR
169.857,robot_2,EV_move_forward,EV_path_clear,CLEAR
170.146,robot_2,EV_u_turn,EV_blue_not_visible|EV_path_clear|EV_green_not_visible|EV_red_visible,CLEAR
170.251,robot_2,EV_rotate_clockwise,EV_path_clear,CLEAR
170.355,robot_2,EV_approach_color,EV_blue_not_visible|EV_path_clear|EV_green_not_visible|EV_red_visible,CLEAR
170.649,robot_2,EV_approach_color,EV_path_clear,CLEAR
170.851,robot_2,EV_rotate_clockwise,EV_blue_not_visible|EV_path_clear|EV_green_not_visible|EV_red_visible,CLEAR
171.049,robot_2,EV_move_forward,EV_path_clear,CLEAR
171.352,robot_2,EV_u_turn,EV_blue_not_visible|EV_path_clear|EV_green_not_visible|EV_red_visible,CLEAR
174.753,robot_2,EV_rotate_clockwise,EV_blue_visible|EV_path_clear|EV_green_not_visible|EV_red_visible,CLEAR
174.946,robot_2,EV_u_turn,EV_blue_visible|EV_path_clear|EV_green_not_visible|EV_red_not_visible,CLEAR
175.046,robot_2,EV_search_color,EV_path_clear,CLEAR
175.148,robot_2,EV_search_color,EV_path_clear,CLEAR
175.257,robot_2,EV_u_turn,EV_path_clear,CLEAR
175.360,robot_2,EV_move_backward,EV_blue_visible|EV_path_clear|EV_green_not_visible|EV_red_not_visible,CLEAR
175.563,robot_2,EV_u_turn,EV_path_clear,CLEAR
175.648,robot_2,EV_search_color,EV_path_clear,CLEAR
175.750,robot_2,EV_move_forward,EV_blue_visible|EV_path_clear|EV_green_not_visible|EV_red_not_visible,CLEAR
176.052,robot_2,EV_rotate_counterclockwise,EV_path_clear,CLEAR
176.248,robot_2,EV_move_forward,EV_blue_visible|EV_path_clear|EV_green_not_visible|EV_red_not_visible,CLEAR
176.456,robot_2,EV_rotate_counterclockwise,EV_path_clear,CLEAR
176.646,robot_2,EV_rotate_counterclockwise,EV_blue_visible|EV_path_clear|EV_green_not_visible|EV_red_not_visible,CLEAR
176.847,robot_2,EV_move_forward,EV_path_clear,CLEAR
177.050,robot_2,EV_search_color,EV_blue_visible|EV_path_clear|EV_green_not_visible|EV_red_not_visible,CLEAR
177.249,robot_2,EV_rotate_clockwise,EV_path_clear,CLEAR
177.352,robot_2,EV_move_backward,EV_path_clear,CLEAR
177.648,robot_2,EV_u_turn,EV_blue_visible|EV_path_clear|EV_green_not_visible|EV_red_not_visible,CLEAR
180.856,robot_2,EV_u_turn,EV_blue_not_visible|EV_path_clear|EV_red_visible|EV_green_visible,CLEAR
180.953,robot_2,EV_move_backward,EV_path_clear,CLEAR
181.251,robot_2,EV_u_turn,EV_blue_not_visible|EV_path_clear|EV_red_visible|EV_green_visible,CLEAR
181.348,robot_2,EV_u_turn,EV_path_clear,CLEAR
181.455,robot_2,EV_rotate_clockwise,EV_blue_not_visible|EV_path_clear|EV_red_visible|EV_green_visible,CLEAR
181.558,robot_2,EV_approach_color,EV_path_clear,CLEAR
181.851,robot_2,EV_move_backward,EV_path_clear,CLEAR
182.150,robot_2,EV_rotate_counterclockwise,EV_blue_not_visible|EV_path_clear|EV_green_not_visible|EV_red_visible,CLEAR
182.352,robot_2,EV_move_forward,EV_blue_not_visible|EV_path_clear|EV_green_not_visible|EV_red_visible,CLEAR
182.655,robot_2,EV_rotate_clockwise,EV_path_clear,CLEAR
182.852,robot_2,EV_approach_color,EV_blue_not_visible|EV_path_clear|EV_green_not_visible|EV_red_visible,CLEAR
183.155,robot_2,EV_move_backward,EV_blue_not_visible|EV_path_clear|EV_green_not_visible|EV_red_visible,CLEAR
183.454,robot_2,EV_u_turn,EV_path_clear,CLEAR
186.649,robot_2,EV_search_color,EV_blue_visible|EV_path_clear|EV_green_not_visible|EV_red_not_visible,CLEAR
186.850,robot_2,EV_move_forward,EV_path_clear,CLEAR
187.148,robot_2,EV_rotate_counterclockwise,EV_blue_visible|EV_path_clear|EV_green_not_visible|EV_red_not_visible,CLEAR
187.254,robot_2,EV_move_forward,EV_path_clear,CLEAR
187.549,robot_2,EV_move_backward,EV_blue_visible|EV_path_clear|EV_green_not_visible|EV_red_not_visible,CLEAR
187.852,robot_2,EV_u_turn,EV_path_clear,CLEAR
187.956,robot_2,EV_rotate_counterclockwise,EV_blue_visible|EV_path_clear|EV_green_not_visible|EV_red_not_visible,CLEAR
188.149,robot_2,EV_move_forward,EV_path_clear,CLEAR
188.447,robot_2,EV_rotate_counterclockwise,EV_blue_visible|EV_path_clear|EV_green_not_visible|EV_red_not_visible,CLEAR
188.548,robot_2,EV_move_forward,EV_path_clear,CLEAR
188.756,robot_2,EV_move_forward,EV_blue_not_visible|EV_path_clear|EV_green_not_visible|EV_red_not_visible,CLEAR
189.061,robot_2,EV_rotate_counterclockwise,EV_path_clear,CLEAR
189.261,robot_2,EV_u_turn,EV_blue_not_visible|EV_path_clear|EV_green_not_visible|EV_red_not_visible,CLEAR
192.451,robot_2,EV_move_backward,EV_blue_not_visible|EV_path_clear|EV_red_visible|EV_green_visible,CLEAR
192.750,robot_2,EV_u_turn,EV_blue_not_visible|EV_path_clear|EV_red_visible|EV_green_visible,CLEAR
192.850,robot_2,EV_rotate_clockwise,EV_path_clear,CLEAR
193.051,robot_2,EV_u_turn,EV_path_clear,CLEAR
193.153,robot_2,EV_move_forward,EV_blue_not_visible|EV_path_clear|EV_red_visible|EV_green_visible,CLEAR
193.357,robot_2,EV_move_backward,EV_path_clear,CLEAR
193.650,robot_2,EV_move_backward,EV_blue_not_visible|EV_path_clear|EV_green_not_visible|EV_red_visible,CLEAR
193.950,robot_2,EV_move_backward,EV_path_clear,CLEAR
194.248,robot_2,EV_rotate_clockwise,EV_blue_not_visible|EV_path_clear|EV_green_not_visible|EV_red_visible,CLEAR
194.451,robot_2,EV_move_forward,EV_path_clear,CLEAR
194.758,robot_2,EV_rotate_clockwise,EV_blue_not_visible|EV_path_clear|EV_green_not_visible|EV_red_visible,CLEAR
194.953,robot_2,EV_rotate_counterclockwise,EV_blue_not_visible|EV_path_clear|EV_green_not_visible|EV_red_visible,CLEAR
195.146,robot_2,EV_approach_color,EV_path_clear,CLEAR
195.349,robot_2,EV_move_backward,EV_path_clear,CLEAR
195.555,robot_2,EV_rotate_clockwise,EV_blue_not_visible|EV_path_clear|EV_green_not_visible|EV_red_visible,CLEAR
195.754,robot_2,EV_u_turn,EV_path_clear,CLEAR
199.150,robot_2,EV_rotate_counterclockwise,EV_blue_visible|EV_path_clear|EV_green_not_visible|EV_red_not_visible,CLEAR
199.258,robot_2,EV_rotate_counterclockwise,EV_path_clear,CLEAR
199.451,robot_2,EV_move_backward,EV_blue_visible|EV_path_clear|EV_green_not_visible|EV_red_not_visible,CLEAR
199.655,robot_2,EV_move_forward,EV_path_clear,CLEAR
199.949,robot_2,EV_move_backward,EV_blue_visible|EV_path_clear|EV_green_not_visible|EV_red_not_visible,CLEAR
200.157,robot_2,EV_u_turn,EV_path_clear,CLEAR
200.246,robot_2,EV_search_color,EV_path_clear,CLEAR
200.348,robot_2,EV_u_turn,EV_blue_visible|EV_path_clear|EV_green_not_visible|EV_red_not_visible,CLEAR
200.453,robot_2,EV_u_turn,EV_path_clear,CLEAR
200.551,robot_2,EV_rotate_clockwise,EV_path_clear,CLEAR
200.746,robot_2,EV_move_backward,EV_path_clear,CLEAR
200.953,robot_2,EV_move_backward,EV_blue_visible|EV_path_clear|EV_green_not_visible|EV_red_not_visible,CLEAR
201.249,robot_2,EV_search_color,EV_blue_not_visible|EV_path_clear|EV_green_not_visible|EV_red_not_visible,CLEAR
201.448,robot_2,EV_move_backward,EV_path_clear,CLEAR
201.654,robot_2,EV_search_color,EV_blue_not_visible|EV_path_clear|EV_green_not_visible|EV_red_not_visible,CLEAR
201.847,robot_2,EV_u_turn,EV_path_clear,CLEAR
204.847,robot_2,EV_rotate_clockwise,EV_blue_not_visible|EV_path_clear|EV_red_visible|EV_green_visible,CLEAR
204.962,robot_2,EV_approach_color,EV_path_clear|EV_red_visible,CLEAR
205.248,robot_2,EV_u_turn,EV_blue_not_visible|EV_path_clear|EV_green_visible,CLEAR
205.350,robot_2,EV_move_forward,EV_path_clear,CLEAR
205.647,robot_2,EV_rotate_counterclockwise,EV_blue_not_visible|EV_path_clear|EV_red_visible|EV_green_visible,CLEAR
205.749,robot_2,EV_u_turn,EV_path_clear,CLEAR
205.854,robot_2,EV_approach_color,EV_path_clear,CLEAR
206.056,robot_2,EV_u_turn,EV_blue_not_visible|EV_path_clear|EV_red_visible|EV_green_visible,CLEAR
206.159,robot_2,EV_move_forward,EV_path_clear,CLEAR
206.453,robot_2,EV_rotate_clockwise,EV_blue_not_visible|EV_path_clear|EV_green_not_visible|EV_red_visible,CLEAR
206.653,robot_2,EV_move_forward,EV_path_clear,CLEAR
206.854,robot_2,EV_u_turn,EV_blue_not_visible|EV_path_clear|EV_green_not_visible|EV_red_visible,CLEAR
206.947,robot_2,EV_move_backward,EV_path_clear,CLEAR
207.151,robot_2,EV_u_turn,EV_path_clear,CLEAR
210.452,robot_2,EV_move_backward,EV_blue_visible|EV_path_clear|EV_green_not_visible|EV_red_not_visible,CLEAR
210.654,robot_2,EV_move_forward,EV_path_clear,CLEAR
210.949,robot_2,EV_rotate_counterclockwise,EV_blue_visible|EV_path_clear|EV_green_not_visible|EV_red_not_visible,CLEAR
211.052,robot_2,EV_move_backward,EV_path_clear,CLEAR
211.260,robot_2,EV_u_turn,EV_blue_visible|EV_path_clear|EV_green_not_visible|EV_red_not_visible,CLEAR
211.349,robot_2,EV_move_backward,EV_path_clear,CLEAR
211.657,robot_2,EV_u_turn,EV_path_clear,CLEAR
211.751,robot_2,EV_move_backward,EV_path_clear,CLEAR
212.056,robot_2,EV_rotate_counterclockwise,EV_blue_visible|EV_path_clear|EV_green_not_visible|EV_red_not_visible,CLEAR
212.251,robot_2,EV_rotate_counterclockwise,EV_path_clear,CLEAR
212.447,robot_2,EV_rotate_clockwise,EV_blue_visible|EV_path_clear|EV_green_not_visible|EV_red_not_visible,CLEAR
212.650,robot_2,EV_move_forward,EV_path_clear,CLEAR
212.853,robot_2,EV_rotate_clockwise,EV_blue_not_visible|EV_path_clear|EV_green_not_visible|EV_red_not_visible,CLEAR
213.050,robot_2,EV_move_forward,EV_path_clear,CLEAR
213.347,robot_2,EV_rotate_clockwise,EV_blue_not_visible|EV_path_clear|EV_green_not_visible|EV_red_not_visible,CLEAR
213.550,robot_2,EV_move_backward,EV_path_clear,CLEAR
213.762,robot_2,EV_search_color,EV_blue_not_visible|EV_path_clear|EV_green_not_visible|EV_red_not_visible,CLEAR
213.950,robot_2,EV_rotate_counterclockwise,EV_path_clear,CLEAR
214.153,robot_2,EV_u_turn,EV_blue_not_visible|EV_path_clear|EV_green_not_visible|EV_red_not_visible,CLEAR
217.256,robot_2,EV_u_turn,EV_blue_not_visible|EV_path_clear|EV_red_not_visible|EV_green_visible,CLEAR
217.349,robot_2,EV_rotate_counterclockwise,EV_blue_not_visible|EV_path_clear|EV_red_visible|EV_green_visible,CLEAR
217.453,robot_2,EV_rotate_counterclockwise,EV_path_clear,CLEAR
217.649,robot_2,EV_move_backward,EV_path_clear,CLEAR
217.851,robot_2,EV_approach_color,EV_blue_not_visible|EV_path_clear|EV_red_visible|EV_green_visible,CLEAR
218.154,robot_2,EV_move_backward,EV_path_clear,CLEAR
218.451,robot_2,EV_move_backward,EV_blue_not_visible|EV_path_clear|EV_green_not_visible|EV_red_visible,CLEAR
218.756,robot_2,EV_move_backward,EV_blue_not_visible|EV_path_clear|EV_green_not_visible|EV_red_visible,CLEAR
219.057,robot_2,EV_move_backward,EV_path_clear,CLEAR
219.349,robot_2,EV_rotate_clockwise,EV_blue_not_visible|EV_path_clear|EV_green_not_visible|EV_red_visible,CLEAR
219.559,robot_2,EV_move_backward,EV_path_clear,CLEAR
219.846,robot_2,EV_approach_color,EV_blue_not_visible|EV_path_clear|EV_green_not_visible|EV_red_visible,CLEAR
220.151,robot_2,EV_rotate_counterclockwise,EV_blue_not_visible|EV_path_clear|EV_green_not_visible|EV_red_visible,CLEAR
220.351,robot_2,EV_u_turn,EV_path_clear,CLEAR
223.954,robot_2,EV_rotate_clockwise,EV_blue_visible|EV_path_clear|EV_green_not_visible|EV_red_not_visible,CLEAR
224.146,robot_2,EV_search_color,EV_blue_visible|EV_path_clear|EV_green_not_visible|EV_red_not_visible,CLEAR
224.248,robot_2,EV_rotate_clockwise,EV_path_clear,CLEAR
224.355,robot_2,EV_rotate_counterclockwise,EV_path_clear,CLEAR
224.548,robot_2,EV_search_color,EV_blue_visible|EV_path_clear|EV_green_not_visible|EV_red_not_visible,CLEAR
224.756,robot_2,EV_rotate_clockwise,EV_path_clear,CLEAR
227.553,robot_2,EV_move_forward,EV_blue_visible|EV_path_clear|EV_green_not_visible|EV_red_not_visible,CLEAR
227.849,robot_2,EV_move_backward,EV_blue_visible|EV_path_clear|EV_green_not_visible|EV_red_not_visible,CLEAR
228.052,robot_2,EV_move_forward,EV_path_clear,CLEAR
228.350,robot_2,EV_move_backward,EV_blue_visible|EV_path_clear|EV_green_not_visible|EV_red_not_visible,CLEAR
228.650,robot_2,EV_move_backward,EV_blue_visible|EV_path_clear|EV_green_not_visible|EV_red_not_visible,CLEAR
228.956,robot_2,EV_rotate_clockwise,EV_path_clear,CLEAR
229.152,robot_2,EV_move_forward,EV_blue_visible|EV_path_clear|EV_green_not_visible|EV_red_not_visible,CLEAR
229.355,robot_2,EV_u_turn,EV_path_clear,CLEAR
232.762,robot_2,EV_rotate_counterclockwise,EV_blue_visible|EV_path_clear|EV_green_not_visible|EV_red_not_visible,CLEAR
232.948,robot_2,EV_u_turn,EV_blue_visible|EV_path_clear|EV_green_not_visible|EV_red_not_visible,CLEAR
233.047,robot_2,EV_move_backward,EV_path_clear,CLEAR
233.248,robot_2,EV_u_turn,EV_blue_visible|EV_path_clear|EV_red_not_visible|EV_green_visible,CLEAR
233.354,robot_2,EV_move_backward,EV_path_clear,CLEAR
233.654,robot_2,EV_move_forward,EV_path_clear,CLEAR
233.956,robot_2,EV_search_color,EV_blue_not_visible|EV_path_clear|EV_red_not_visible|EV_green_visible,CLEAR
234.152,robot_2,EV_move_forward,EV_path_clear,CLEAR
234.456,robot_2,EV_move_backward,EV_blue_not_visible|EV_path_clear|EV_red_not_visible|EV_green_visible,CLEAR
234.763,robot_2,EV_u_turn,EV_blue_not_visible|EV_path_clear|EV_red_not_visible|EV_green_visible,CLEAR
234.846,robot_2,EV_move_forward,EV_path_clear,CLEAR
235.047,robot_2,EV_u_turn,EV_path_clear,CLEAR
238.448,robot_2,EV_move_forward,EV_blue_not_visible|EV_path_clear|EV_green_not_visible|EV_red_visible,CLEAR
238.655,robot_2,EV_u_turn,EV_path_clear,CLEAR
238.747,robot_2,EV_move_forward,EV_path_clear,CLEAR
238.948,robot_2,EV_u_turn,EV_blue_not_visible|EV_path_clear|EV_green_not_visible|EV_red_visible,CLEAR
239.064,robot_2,EV_move_backward,EV_path_clear,CLEAR
239.351,robot_2,EV_move_backward,EV_blue_not_visible|EV_path_clear|EV_green_not_visible|EV_red_visible,CLEAR
239.653,robot_2,EV_rotate_clockwise,EV_blue_not_visible|EV_path_clear|EV_green_not_visible|EV_red_visible,CLEAR
239.858,robot_2,EV_rotate_counterclockwise,EV_path_clear,CLEAR
240.050,robot_2,EV_u_turn,EV_path_clear,CLEAR
240.149,robot_2,EV_move_backward,EV_blue_not_visible|EV_path_clear|EV_green_not_visible|EV_red_not_visible,CLEAR
240.451,robot_2,EV_move_forward,EV_path_clear,CLEAR
240.764,robot_2,EV_move_backward,EV_blue_not_visible|EV_path_clear|EV_green_not_visible|EV_red_not_visible,CLEAR
241.048,robot_2,EV_rotate_clockwise,EV_blue_not_visible|EV_path_clear|EV_green_not_visible|EV_red_not_visible,CLEAR
241.253,robot_2,EV_move_forward,EV_path_clear,CLEAR
241.454,robot_2,EV_rotate_counterclockwise,EV_blue_not_visible|EV_path_clear|EV_green_not_visible|EV_red_not_visible,CLEAR
241.556,robot_2,EV_move_forward,EV_path_clear,CLEAR
241.846,robot_2,EV_search_color,EV_path_clear,CLEAR
241.948,robot_2,EV_search_color,EV_blue_not_visible|EV_path_clear|EV_green_not_visible|EV_red_not_visible,CLEAR
242.056,robot_2,EV_move_backward,EV_path_clear,CLEAR
242.355,robot_2,EV_rotate_clockwise,EV_path_clear,CLEAR
245.149,robot_2,EV_rotate_counterclockwise,EV_blue_not_visible|EV_path_clear|EV_green_not_visible|EV_red_visible,CLEAR
245.347,robot_2,EV_move_backward,EV_blue_not_visible|EV_path_clear|EV_green_not_visible|EV_red_visible,CLEAR
245.548,robot_2,EV_u_turn,EV_path_clear,CLEAR
249.049,robot_2,EV_move_forward,EV_blue_visible|EV_path_clear|EV_green_not_visible|EV_red_visible,CLEAR
249.355,robot_2,EV_move_forward,EV_blue_visible|EV_path_clear|EV_green_not_visible|EV_red_visible,CLEAR
249.646,robot_2,EV_move_forward,EV_path_clear,CLEAR
249.847,robot_2,EV_search_color,EV_blue_visible|EV_path_clear|EV_green_not_visible|EV_red_not_visible,CLEAR
249.949,robot_2,EV_move_forward,EV_path_clear,CLEAR
250.152,robot_2,EV_rotate_clockwise,EV_path_clear,CLEAR
250.256,robot_2,EV_move_forward,EV_blue_visible|EV_path_clear|EV_green_not_visible|EV_red_not_visible,CLEAR
250.550,robot_2,EV_rotate_clockwise,EV_path_clear,CLEAR
250.653,robot_2,EV_rotate_counterclockwise,EV_path_clear,CLEAR
250.761,robot_2,EV_u_turn,EV_blue_visible|EV_path_clear|EV_green_not_visible|EV_red_not_visible,CLEAR
250.854,robot_2,EV_move_backward,EV_path_clear,CLEAR
251.150,robot_2,EV_u_turn,EV_path_clear,CLEAR
251.248,robot_2,EV_rotate_clockwise,EV_path_clear,CLEAR
251.455,robot_2,EV_u_turn,EV_blue_visible|EV_path_clear|EV_green_not_visible|EV_red_not_visible,CLEAR
254.956,robot_2,EV_rotate_clockwise,EV_blue_not_visible|EV_path_clear|EV_red_not_visible|EV_green_visible,CLEAR
255.158,robot_2,EV_move_backward,EV_path_clear,CLEAR
255.457,robot_2,EV_search_color,EV_path_clear,CLEAR
255.648,robot_2,EV_u_turn,EV_blue_not_visible|EV_path_clear|EV_red_not_visible|EV_green_visible,CLEAR
255.754,robot_2,EV_rotate_counterclockwise,EV_path_clear,CLEAR
255.958,robot_2,EV_rotate_counterclockwise,EV_path_clear,CLEAR
256.150,robot_2,EV_move_backward,EV_blue_not_visible|EV_path_clear|EV_red_not_visible|EV_green_visible,CLEAR
256.355,robot_2,EV_move_backward,EV_path_clear,CLEAR
256.652,robot_2,EV_rotate_counterclockwise,EV_blue_not_visible|EV_path_clear|EV_red_not_visible|EV_green_visible,CLEAR
256.846,robot_2,EV_rotate_counterclockwise,EV_path_clear,CLEAR
256.954,robot_2,EV_u_turn,EV_blue_not_visible|EV_path_clear|EV_red_not_visible|EV_green_visible,CLEAR
257.049,robot_2,EV_u_turn,EV_path_clear,CLEAR
257.155,robot_2,EV_move_backward,EV_path_clear,CLEAR
257.474,robot_2,EV_rotate_counterclockwise,EV_blue_not_visible|EV_path_clear|EV_red_visible|EV_green_visible,CLEAR
257.646,robot_2,EV_move_backward,EV_path_clear,CLEAR
257.849,robot_2,EV_approach_color,EV_path_clear,CLEAR
258.053,robot_2,EV_approach_color,EV_blue_not_visible|EV_path_clear|EV_red_visible|EV_green_visible,CLEAR
258.349,robot_2,EV_move_forward,EV_blue_not_visible|EV_path_clear|EV_red_visible|EV_green_visible,CLEAR
258.553,robot_2,EV_approach_color,EV_path_clear,CLEAR
258.755,robot_2,EV_u_turn,EV_path_clear,CLEAR
262.151,robot_2,EV_move_backward,EV_blue_visible|EV_path_clear|EV_green_not_visible|EV_red_visible,CLEAR
262.449,robot_2,EV_rotate_clockwise,EV_path_clear,CLEAR
262.561,robot_2,EV_rotate_clockwise,EV_path_clear,CLEAR
262.749,robot_2,EV_move_forward,EV_blue_visible|EV_path_clear|EV_green_not_visible|EV_red_not_visible,CLEAR
263.049,robot_2,EV_rotate_clockwise,EV_path_clear,CLEAR
263.153,robot_2,EV_rotate_counterclockwise,EV_blue_visible|EV_path_clear|EV_green_not_visible|EV_red_not_visible,CLEAR
263.347,robot_2,EV_rotate_counterclockwise,EV_path_clear,CLEAR
263.456,robot_2,EV_u_turn,EV_path_clear,CLEAR
263.549,robot_2,EV_search_color,EV_path_clear,CLEAR
263.651,robot_2,EV_u_turn,EV_blue_visible|EV_path_clear|EV_green_not_visible|EV_red_not_visible,CLEAR
263.748,robot_2,EV_move_forward,EV_path_clear,CLEAR
263.953,robot_2,EV_search_color,EV_path_clear,CLEAR
264.150,robot_2,EV_rotate_counterclockwise,EV_blue_visible|EV_path_clear|EV_green_not_visible|EV_red_not_visible,CLEAR
264.252,robot_2,EV_move_forward,EV_path_clear,CLEAR
264.547,robot_2,EV_rotate_clockwise,EV_blue_visible|EV_path_clear|EV_green_not_visible|EV_red_not_visible,CLEAR
264.648,robot_2,EV_move_backward,EV_path_clear,CLEAR
264.946,robot_2,EV_move_forward,EV_blue_visible|EV_path_clear|EV_green_not_visible|EV_red_not_visible,CLEAR
265.150,robot_2,EV_search_color,EV_path_clear,CLEAR
265.355,robot_2,EV_rotate_counterclockwise,EV_blue_visible|EV_path_clear|EV_green_not_visible|EV_red_not_visible,CLEAR
265.549,robot_2,EV_search_color,EV_path_clear,CLEAR
265.755,robot_2,EV_u_turn,EV_path_clear,CLEAR
269.153,robot_2,EV_move_backward,EV_blue_not_visible|EV_path_clear|EV_red_visible|EV_green_visible,CLEAR
269.451,robot_2,EV_rotate_clockwise,EV_blue_not_visible|EV_path_clear|EV_red_visible|EV_green_visible,CLEAR
269.655,robot_2,EV_move_backward,EV_blue_not_visible|EV_path_clear|EV_red_visible|EV_green_visible,CLEAR
269.947,robot_2,EV_rotate_counterclockwise,EV_path_clear,CLEAR
270.051,robot_2,EV_move_forward,EV_path_clear,CLEAR
270.351,robot_2,EV_rotate_clockwise,EV_blue_not_visible|EV_path_clear|EV_red_visible|EV_green_visible,CLEAR
270.552,robot_2,EV_u_turn,EV_path_clear,CLEAR
270.646,robot_2,EV_move_forward,EV_path_clear,CLEAR
270.851,robot_2,EV_rotate_counterclockwise,EV_blue_not_visible|EV_path_clear|EV_green_not_visible|EV_red_visible,CLEAR
271.051,robot_2,EV_u_turn,EV_path_clear,CLEAR
271.149,robot_2,EV_move_forward,EV_path_clear,CLEAR
271.456,robot_2,EV_rotate_clockwise,EV_blue_not_visible|EV_path_clear|EV_green_not_visible|EV_red_visible,CLEAR
271.651,robot_2,EV_move_forward,EV_path_clear,CLEAR
271.957,robot_2,EV_rotate_counterclockwise,EV_blue_not_visible|EV_path_clear|EV_green_not_visible|EV_red_visible,CLEAR
272.152,robot_2,EV_rotate_counterclockwise,EV_path_clear,CLEAR
272.360,robot_2,EV_rotate_counterclockwise,EV_blue_not_visible|EV_path_clear|EV_green_not_visible|EV_red_visible,CLEAR
272.551,robot_2,EV_u_turn,EV_path_clear,CLEAR
275.757,robot_2,EV_rotate_clockwise,EV_blue_visible|EV_path_clear|EV_green_not_visible|EV_red_not_visible,CLEAR
275.949,robot_2,EV_move_forward,EV_blue_visible|EV_path_clear|EV_green_not_visible|EV_red_not_visible,CLEAR
276.249,robot_2,EV_move_forward,EV_path_clear,CLEAR
276.551,robot_2,EV_search_color,EV_blue_visible|EV_path_clear|EV_green_not_visible|EV_red_not_visible,CLEAR
276.655,robot_2,EV_move_forward,EV_path_clear,CLEAR
276.953,robot_2,EV_rotate_counterclockwise,EV_blue_visible|EV_path_clear|EV_green_not_visible|EV_red_not_visible,CLEAR
277.155,robot_2,EV_move_forward,EV_path_clear,CLEAR
277.358,robot_2,EV_rotate_clockwise,EV_blue_not_visible|EV_path_clear|EV_green_not_visible|EV_red_not_visible,CLEAR
277.555,robot_2,EV_move_backward,EV_path_clear,CLEAR
277.849,robot_2,EV_rotate_counterclockwise,EV_blue_not_visible|EV_path_clear|EV_green_not_visible|EV_red_not_visible,CLEAR
278.052,robot_2,EV_move_backward,EV_path_clear,CLEAR
278.346,robot_2,EV_u_turn,EV_blue_not_visible|EV_path_clear|EV_green_not_visible|EV_red_not_visible,CLEAR
281.657,robot_2,EV_move_forward,EV_blue_not_visible|EV_path_clear|EV_red_visible|EV_green_visible,CLEAR
281.950,robot_2,EV_move_backward,EV_blue_not_visible|EV_path_clear|EV_red_visible|EV_green_visible,CLEAR
282.246,robot_2,EV_approach_color,EV_blue_not_visible|EV_path_clear|EV_red_visible|EV_green_visible,CLEAR
282.548,robot_2,EV_move_backward,EV_path_clear,CLEAR
282.756,robot_2,EV_move_forward,EV_blue_not_visible|EV_path_clear|EV_green_not_visible|EV_red_visible,CLEAR
283.051,robot_2,EV_approach_color,EV_blue_not_visible|EV_path_clear|EV_green_not_visible|EV_red_visible,CLEAR
283.350,robot_2,EV_approach_color,EV_path_clear,CLEAR
283.653,robot_2,EV_rotate_clockwise,EV_blue_not_visible|EV_path_clear|EV_green_not_visible|EV_red_visible,CLEAR
283.857,robot_2,EV_u_turn,EV_path_clear,CLEAR
287.457,robot_2,EV_move_forward,EV_blue_visible|EV_path_clear|EV_green_not_visible|EV_red_visible,CLEAR
287.672,robot_2,EV_rotate_counterclockwise,EV_path_clear,CLEAR
287.853,robot_2,EV_u_turn,EV_blue_visible|EV_path_clear|EV_green_not_visible|EV_red_not_visible,CLEAR
287.953,robot_2,EV_u_turn,EV_path_clear,CLEAR
288.054,robot_2,EV_rotate_counterclockwise,EV_path_clear,CLEAR
288.158,robot_2,EV_rotate_clockwise,EV_path_clear,CLEAR
288.351,robot_2,EV_rotate_clockwise,EV_blue_visible|EV_path_clear|EV_green_not_visible|EV_red_not_visible,CLEAR
288.550,robot_2,EV_move_backward,EV_path_clear,CLEAR
288.751,robot_2,EV_move_backward,EV_blue_visible|EV_path_clear|EV_green_not_visible|EV_red_not_visible,CLEAR
288.957,robot_2,EV_search_color,EV_path_clear,CLEAR
289.152,robot_2,EV_move_forward,EV_blue_visible|EV_path_clear|EV_green_not_visible|EV_red_not_visible,CLEAR
289.451,robot_2,EV_rotate_counterclockwise,EV_path_clear,CLEAR
289.559,robot_2,EV_search_color,EV_path_clear,CLEAR
289.749,robot_2,EV_move_backward,EV_blue_visible|EV_path_clear|EV_green_not_visible|EV_red_not_visible,CLEAR
289.953,robot_2,EV_move_forward,EV_path_clear,CLEAR
290.248,robot_2,EV_move_forward,EV_blue_visible|EV_path_clear|EV_green_not_visible|EV_red_not_visible,CLEAR
290.460,robot_2,EV_search_color,EV_path_clear,CLEAR
290.648,robot_2,EV_move_forward,EV_blue_visible|EV_path_clear|EV_green_not_visible|EV_red_not_visible,CLEAR
290.946,robot_2,EV_u_turn,EV_path_clear,CLEAR
294.651,robot_2,EV_rotate_clockwise,EV_blue_not_visible|EV_path_clear|EV_red_not_visible|EV_green_visible,CLEAR
294.759,robot_2,EV_rotate_counterclockwise,EV_path_clear,CLEAR
294.949,robot_2,EV_u_turn,EV_path_clear,CLEAR
295.053,robot_2,EV_u_turn,EV_path_clear,CLEAR
295.149,robot_2,EV_search_color,EV_path_clear,CLEAR
295.346,robot_2,EV_move_backward,EV_blue_not_visible|EV_path_clear|EV_red_visible|EV_green_visible,CLEAR
295.557,robot_2,EV_move_backward,EV_blue_not_visible|EV_path_clear|EV_red_visible|EV_green_visible,CLEAR
295.851,robot_2,EV_u_turn,EV_path_clear,CLEAR
295.947,robot_2,EV_u_turn,EV_path_clear|EV_red_visible|EV_green_visible,CLEAR
296.050,robot_2,EV_move_forward,EV_blue_not_visible|EV_path_clear,CLEAR
296.253,robot_2,EV_approach_color,EV_path_clear,CLEAR
296.554,robot_2,EV_move_backward,EV_blue_not_visible|EV_path_clear|EV_green_not_visible|EV_red_visible,CLEAR
296.849,robot_2,EV_rotate_counterclockwise,EV_blue_not_visible|EV_path_clear|EV_green_not_visible|EV_red_visible,CLEAR
297.048,robot_2,EV_rotate_clockwise,EV_path_clear,CLEAR
297.152,robot_2,EV_move_forward,EV_path_clear,CLEAR
297.449,robot_2,EV_move_forward,EV_blue_not_visible|EV_path_clear|EV_green_not_visible|EV_red_visible,CLEAR
297.747,robot_2,EV_approach_color,EV_blue_not_visible|EV_path_clear|EV_green_not_visible|EV_red_visible,CLEAR
298.048,robot_2,EV_rotate_clockwise,EV_path_clear,CLEAR
