robot,selected_event,count,percentage
robot_2,EV_drop_zone_red,1,0.052
robot_2,EV_move_backward,10,0.524
robot_2,EV_move_forward,868,45.469
robot_2,EV_pick_up_object,1,0.052
robot_2,EV_rotate_clockwise,29,1.519
robot_2,EV_rotate_counterclockwise,22,1.152
robot_2,EV_search_color,915,47.931
robot_2,EV_search_object,6,0.314
robot_2,EV_u_turn,57,2.986
robot_2,TOTAL,1909,100.000
