stamp_sec,stamp_nsec,elapsed_s,robot,x,y
1789261636,660755908,3.170,robot_1,1.017,-2.060
1789261636,666396537,3.176,robot_0,1.979,0.850
1789261636,666584200,3.176,robot_2,0.209,1.312
1789261644,541255508,11.050,robot_1,1.017,-2.060
1789261644,541327906,11.050,robot_0,1.979,0.850
1789261644,541364738,11.050,robot_2,0.209,1.312
1789261650,232855315,16.742,robot_1,1.017,-2.060
1789261650,232946869,16.742,robot_0,1.979,0.850
1789261650,232988847,16.742,robot_2,0.209,1.312
1789261650,456952851,16.966,robot_1,1.017,-2.060
1789261650,457041372,16.966,robot_0,1.979,0.850
1789261650,457077217,16.966,robot_2,0.209,1.311
1789261650,678811819,17.188,robot_1,1.018,-2.060
1789261650,678902195,17.188,robot_0,1.979,0.850
1789261650,678942836,17.188,robot_2,0.220,1.306
1789261650,906493483,17.416,robot_1,1.017,-2.060
1789261650,910982858,17.420,robot_0,1.979,0.850
1789261650,911065229,17.420,robot_2,0.231,1.301
1789261651,117239078,17.626,robot_1,1.017,-2.061
1789261651,117316287,17.626,robot_0,1.979,0.850
1789261651,117350543,17.626,robot_2,0.231,1.301
1789261651,355762030,17.865,robot_1,1.017,-2.061
1789261651,355843931,17.865,robot_0,1.979,0.850
1789261651,355887237,17.865,robot_2,0.222,1.305
1789261651,602299778,18.111,robot_1,1.017,-2.061
1789261651,602369530,18.111,robot_0,1.979,0.850
1789261651,602403797,18.112,robot_2,0.216,1.308
1789261651,836629054,18.346,robot_1,1.017,-2.061
1789261651,836700219,18.346,robot_0,1.979,0.850
1789261651,836738894,18.346,robot_2,0.215,1.308
1789261652,66773038,18.576,robot_1,1.017,-2.061
1789261652,66833922,18.576,robot_0,1.979,0.850
1789261652,66864604,18.576,robot_2,0.215,1.308
1789261652,318438724,18.828,robot_1,1.018,-2.061
1789261652,318529144,18.828,robot_0,1.979,0.850
1789261652,318565358,18.828,robot_2,0.215,1.308
1789261652,511122045,19.020,robot_1,1.018,-2.061
1789261652,511204139,19.020,robot_0,1.979,0.850
1789261652,511244420,19.020,robot_2,0.215,1.308
1789261652,758163149,19.267,robot_1,1.018,-2.061
1789261652,758235239,19.267,robot_0,1.978,0.850
1789261652,758266304,19.267,robot_2,0.216,1.308
1789261652,979711969,19.489,robot_1,1.018,-2.062
1789261652,979778966,19.489,robot_0,1.978,0.851
1789261652,979810620,19.489,robot_2,0.216,1.308
1789261653,203731906,19.713,robot_1,1.018,-2.062
1789261653,203809308,19.713,robot_0,1.978,0.851
1789261653,226999149,19.736,robot_2,0.216,1.308
1789261653,459995610,19.969,robot_1,1.018,-2.062
1789261653,460062665,19.969,robot_0,1.978,0.851
1789261653,460096658,19.969,robot_2,0.216,1.309
1789261653,703875977,20.213,robot_1,1.018,-2.062
1789261653,711096406,20.220,robot_0,1.978,0.851
1789261653,711189436,20.220,robot_2,0.216,1.309
1789261653,911434334,20.421,robot_1,1.018,-2.062
1789261653,911508723,20.421,robot_0,1.978,0.851
1789261653,911541289,20.421,robot_2,0.215,1.310
1789261654,121402675,20.631,robot_1,1.018,-2.062
1789261654,121474793,20.631,robot_0,1.977,0.851
1789261654,121510825,20.631,robot_2,0.210,1.317
1789261654,328239637,20.837,robot_1,1.018,-2.062
1789261654,328314633,20.837,robot_0,1.977,0.851
1789261654,328348767,20.837,robot_2,0.207,1.321
1789261654,563733025,21.073,robot_1,1.018,-2.062
1789261654,563802937,21.073,robot_0,1.977,0.851
1789261654,563837191,21.073,robot_2,0.202,1.330
1789261654,784447839,21.294,robot_1,1.017,-2.064
1789261654,784523521,21.294,robot_0,1.977,0.851
1789261654,784560818,21.294,robot_2,0.197,1.337
1789261655,15864084,21.525,robot_1,1.008,-2.072
1789261655,23979743,21.533,robot_0,1.977,0.854
1789261655,24064740,21.533,robot_2,0.197,1.337
1789261655,226569712,21.736,robot_1,1.004,-2.076
1789261655,226641212,21.736,robot_0,1.975,0.865
1789261655,226680851,21.736,robot_2,0.197,1.337
1789261655,434695276,21.944,robot_1,1.004,-2.076
1789261655,434765535,21.944,robot_0,1.974,0.868
1789261655,434804481,21.944,robot_2,0.197,1.337
1789261655,688910258,22.198,robot_1,1.004,-2.076
1789261655,688996619,22.198,robot_0,1.974,0.868
1789261655,689031354,22.198,robot_2,0.198,1.338
1789261655,903876295,22.413,robot_1,1.004,-2.076
1789261655,903973881,22.413,robot_0,1.974,0.872
1789261655,904005005,22.413,robot_2,0.198,1.338
1789261656,120934621,22.630,robot_1,1.004,-2.076
1789261656,121017163,22.630,robot_0,1.973,0.877
1789261656,121061261,22.630,robot_2,0.198,1.338
1789261656,354300775,22.863,robot_1,1.004,-2.076
1789261656,354372626,22.863,robot_0,1.970,0.889
1789261656,354407863,22.864,robot_2,0.199,1.339
1789261656,638240063,23.147,robot_1,0.998,-2.082
1789261656,638337808,23.147,robot_0,1.967,0.907
1789261656,638379570,23.148,robot_2,0.200,1.340
1789261656,840340033,23.349,robot_1,0.990,-2.090
1789261656,840405968,23.350,robot_0,1.965,0.918
1789261656,840436978,23.350,robot_2,0.200,1.341
1789261657,47482191,23.557,robot_1,0.988,-2.092
1789261657,47551630,23.557,robot_0,1.964,0.920
1789261657,47584342,23.557,robot_2,0.201,1.341
1789261657,256783261,23.766,robot_1,0.984,-2.096
1789261657,256853741,23.766,robot_0,1.964,0.920
1789261657,256891845,23.766,robot_2,0.201,1.342
1789261657,466591858,23.976,robot_1,0.973,-2.105
1789261657,466658522,23.976,robot_0,1.964,0.920
1789261657,466692790,23.976,robot_2,0.202,1.344
1789261657,722519346,24.232,robot_1,0.967,-2.111
1789261657,722602308,24.232,robot_0,1.964,0.920
1789261657,722637785,24.232,robot_2,0.202,1.345
1789261657,926044349,24.435,robot_1,0.966,-2.112
1789261657,926115970,24.435,robot_0,1.964,0.920
1789261657,926149087,24.435,robot_2,0.201,1.347
1789261658,175263346,24.684,robot_1,0.966,-2.112
1789261658,175332578,24.684,robot_0,1.964,0.920
1789261658,175364662,24.684,robot_2,0.200,1.350
1789261658,403162005,24.912,robot_1,0.967,-2.112
1789261658,403232527,24.912,robot_0,1.964,0.920
1789261658,403267528,24.912,robot_2,0.199,1.353
1789261658,619209954,25.128,robot_1,0.967,-2.112
1789261658,619292993,25.128,robot_0,1.964,0.920
1789261658,619333344,25.128,robot_2,0.198,1.356
1789261658,887647103,25.397,robot_1,0.967,-2.112
1789261658,887742752,25.397,robot_0,1.964,0.920
1789261658,887778273,25.397,robot_2,0.198,1.357
1789261659,93840932,25.603,robot_1,0.967,-2.112
1789261659,93905166,25.603,robot_0,1.966,0.917
1789261659,93938973,25.603,robot_2,0.198,1.359
1789261659,321989674,25.831,robot_1,0.967,-2.112
1789261659,322082774,25.831,robot_0,1.973,0.909
1789261659,325124108,25.834,robot_2,0.203,1.360
1789261659,582473102,26.092,robot_1,0.967,-2.112
1789261659,582557869,26.092,robot_0,1.982,0.899
1789261659,582594021,26.092,robot_2,0.202,1.360
1789261659,800970771,26.310,robot_1,0.967,-2.112
1789261659,801039859,26.310,robot_0,1.986,0.895
1789261659,801072444,26.310,robot_2,0.203,1.361
1789261660,9816061,26.519,robot_1,0.967,-2.112
1789261660,9891739,26.519,robot_0,1.986,0.895
1789261660,47045106,26.556,robot_2,0.212,1.362
1789261660,246743968,26.756,robot_1,0.967,-2.112
1789261660,246811493,26.756,robot_0,1.986,0.894
1789261660,246845068,26.756,robot_2,0.217,1.362
1789261660,476683714,26.986,robot_1,0.968,-2.112
1789261660,476765729,26.986,robot_0,1.986,0.894
1789261660,476800025,26.986,robot_2,0.217,1.362
1789261660,692905186,27.202,robot_1,0.968,-2.112
1789261660,692979630,27.202,robot_0,1.986,0.894
1789261660,693013906,27.202,robot_2,0.217,1.362
1789261660,950856364,27.460,robot_1,0.968,-2.112
1789261660,950954071,27.460,robot_0,1.986,0.894
1789261660,950989624,27.460,robot_2,0.216,1.362
1789261661,169885637,27.679,robot_1,0.968,-2.112
1789261661,169957083,27.679,robot_0,1.985,0.894
1789261661,169991994,27.679,robot_2,0.205,1.361
1789261661,371475870,27.881,robot_1,0.968,-2.112
1789261661,371552685,27.881,robot_0,1.985,0.894
1789261661,371592549,27.881,robot_2,0.193,1.359
1789261661,574846752,28.084,robot_1,0.968,-2.112
1789261661,574916239,28.084,robot_0,1.985,0.894
1789261661,574960810,28.084,robot_2,0.180,1.357
1789261661,779413508,28.289,robot_1,0.969,-2.116
1789261661,779476705,28.304,robot_0,1.985,0.894
1789261661,794716744,28.304,robot_2,0.178,1.357
1789261662,41869816,28.551,robot_1,0.970,-2.126
1789261662,43066100,28.552,robot_0,1.985,0.893
1789261662,43138571,28.552,robot_2,0.178,1.357
1789261662,234489706,28.744,robot_1,0.970,-2.129
1789261662,234554181,28.744,robot_0,1.985,0.893
1789261662,234589309,28.744,robot_2,0.178,1.357
1789261662,478722099,28.988,robot_1,0.969,-2.120
1789261662,478791346,28.988,robot_0,1.985,0.893
1789261662,478823289,28.988,robot_2,0.178,1.357
1789261662,706845692,29.216,robot_1,0.968,-2.114
1789261662,706951572,29.216,robot_0,1.985,0.893
1789261662,706994890,29.216,robot_2,0.178,1.357
1789261662,914372849,29.424,robot_1,0.970,-2.122
1789261662,914447597,29.444,robot_0,1.985,0.893
1789261662,941590180,29.451,robot_2,0.178,1.357
1789261663,149905586,29.659,robot_1,0.971,-2.126
1789261663,149973388,29.659,robot_0,1.985,0.893
1789261663,150018908,29.659,robot_2,0.178,1.357
1789261663,387324799,29.896,robot_1,0.973,-2.137
1789261663,387400411,29.897,robot_0,1.985,0.892
1789261663,387439335,29.897,robot_2,0.178,1.358
1789261663,611300251,30.120,robot_1,0.975,-2.149
1789261663,611370530,30.120,robot_0,1.985,0.892
1789261663,611406327,30.121,robot_2,0.178,1.358
1789261663,819330064,30.328,robot_1,0.976,-2.152
1789261663,819403260,30.329,robot_0,1.985,0.892
1789261663,819441131,30.329,robot_2,0.176,1.359
1789261664,32165705,30.541,robot_1,0.976,-2.152
1789261664,32236809,30.541,robot_0,1.988,0.893
1789261664,32267870,30.541,robot_2,0.164,1.364
1789261664,250320823,30.776,robot_1,0.976,-2.152
1789261664,267414389,30.777,robot_0,1.995,0.895
1789261664,267469583,30.777,robot_2,0.162,1.365
1789261664,453568931,30.963,robot_1,0.976,-2.153
1789261664,453637446,30.963,robot_0,2.000,0.897
1789261664,453677528,30.963,robot_2,0.162,1.365
1789261664,675049654,31.184,robot_1,0.977,-2.164
1789261664,675118416,31.184,robot_0,2.000,0.897
1789261664,675153597,31.184,robot_2,0.162,1.365
1789261664,910048564,31.419,robot_1,0.979,-2.178
1789261664,910123144,31.419,robot_0,1.996,0.895
1789261664,910164234,31.419,robot_2,0.162,1.365
1789261665,141033756,31.650,robot_1,0.981,-2.190
1789261665,141116456,31.650,robot_0,1.981,0.889
1789261665,141159140,31.650,robot_2,0.162,1.365
1789261665,388018689,31.897,robot_1,0.981,-2.191
1789261665,388090541,31.897,robot_0,1.971,0.885
1789261665,388125269,31.897,robot_2,0.162,1.365
1789261665,592190220,32.101,robot_1,0.981,-2.191
1789261665,592269475,32.101,robot_0,1.971,0.884
1789261665,592306164,32.101,robot_2,0.162,1.365
1789261665,838302051,32.347,robot_1,0.981,-2.191
1789261665,838378758,32.348,robot_0,1.971,0.884
1789261665,838420542,32.348,robot_2,0.162,1.365
1789261666,52069891,32.561,robot_1,0.981,-2.191
1789261666,56266942,32.565,robot_0,1.971,0.884
1789261666,56351416,32.565,robot_2,0.162,1.365
1789261666,313057526,32.822,robot_1,0.981,-2.191
1789261666,313127421,32.822,robot_0,1.971,0.884
1789261666,313156907,32.822,robot_2,0.162,1.365
1789261666,554592423,33.064,robot_1,0.981,-2.191
1789261666,554680424,33.064,robot_0,1.971,0.884
1789261666,554723488,33.064,robot_2,0.162,1.365
1789261666,756092125,33.265,robot_1,0.981,-2.191
1789261666,756152207,33.265,robot_0,1.971,0.884
1789261666,756187823,33.265,robot_2,0.162,1.365
1789261666,960143613,33.469,robot_1,0.981,-2.191
1789261666,960212830,33.469,robot_0,1.971,0.884
1789261666,960247436,33.469,robot_2,0.162,1.365
1789261667,215833024,33.725,robot_1,0.982,-2.191
1789261667,215927103,33.725,robot_0,1.971,0.884
1789261667,215964428,33.725,robot_2,0.162,1.364
1789261667,419291926,33.928,robot_1,0.982,-2.191
1789261667,419356463,33.928,robot_0,1.971,0.884
1789261667,419384795,33.929,robot_2,0.162,1.364
1789261667,645751670,34.155,robot_1,0.981,-2.190
1789261667,645820440,34.155,robot_0,1.971,0.884
1789261667,645854215,34.155,robot_2,0.162,1.364
1789261667,881679895,34.391,robot_1,0.977,-2.184
1789261667,881760016,34.391,robot_0,1.971,0.884
1789261667,881796317,34.391,robot_2,0.162,1.364
1789261668,101610344,34.611,robot_1,0.977,-2.184
1789261668,101688145,34.611,robot_0,1.971,0.884
1789261668,101723304,34.611,robot_2,0.162,1.364
1789261668,339859026,34.849,robot_1,0.977,-2.184
1789261668,339937697,34.849,robot_0,1.971,0.884
1789261668,339971266,34.849,robot_2,0.162,1.364
1789261668,547682003,35.057,robot_1,0.977,-2.184
1789261668,554073195,35.063,robot_0,1.971,0.884
1789261668,554148337,35.063,robot_2,0.161,1.364
1789261668,805541960,35.315,robot_1,0.977,-2.184
1789261668,805625594,35.315,robot_0,1.972,0.883
1789261668,805668000,35.315,robot_2,0.152,1.360
1789261669,41136218,35.550,robot_1,0.977,-2.184
1789261669,41203408,35.550,robot_0,1.972,0.883
1789261669,41233481,35.550,robot_2,0.141,1.355
1789261669,269335665,35.785,robot_1,0.977,-2.183
1789261669,276246294,35.785,robot_0,1.972,0.883
1789261669,276295006,35.785,robot_2,0.131,1.350
1789261669,493857055,36.003,robot_1,0.977,-2.183
1789261669,493936655,36.003,robot_0,1.972,0.883
1789261669,493968961,36.003,robot_2,0.130,1.349
1789261669,713426106,36.223,robot_1,0.977,-2.183
1789261669,713494033,36.223,robot_0,1.972,0.883
1789261669,713525892,36.223,robot_2,0.133,1.351
1789261669,960709726,36.470,robot_1,0.977,-2.183
1789261669,960801478,36.470,robot_0,1.972,0.883
1789261669,960845281,36.470,robot_2,0.135,1.352
1789261670,167952489,36.677,robot_1,0.977,-2.183
1789261670,168022435,36.677,robot_0,1.974,0.889
1789261670,168061787,36.677,robot_2,0.150,1.359
1789261670,404796694,36.914,robot_1,0.977,-2.183
1789261670,404857120,36.914,robot_0,1.977,0.903
1789261670,404887329,36.914,robot_2,0.159,1.364
1789261670,662752171,37.172,robot_1,0.977,-2.183
1789261670,662822583,37.172,robot_0,1.980,0.920
1789261670,662863262,37.172,robot_2,0.160,1.364
1789261670,866021364,37.375,robot_1,0.977,-2.182
1789261670,866103611,37.375,robot_0,1.983,0.937
1789261670,866139446,37.375,robot_2,0.153,1.360
1789261671,85580275,37.595,robot_1,0.977,-2.182
1789261671,85659041,37.595,robot_0,1.984,0.947
1789261671,85690986,37.595,robot_2,0.142,1.355
1789261671,286218769,37.795,robot_1,0.977,-2.182
1789261671,286294973,37.795,robot_0,1.986,0.959
1789261671,286330002,37.795,robot_2,0.138,1.352
1789261671,502170141,38.011,robot_1,0.977,-2.182
1789261671,502234333,38.011,robot_0,1.988,0.983
1789261671,502264637,38.011,robot_2,0.137,1.352
1789261671,704437769,38.214,robot_1,0.977,-2.182
1789261671,704504351,38.214,robot_0,1.989,0.995
1789261671,704540962,38.214,robot_2,0.137,1.352
1789261671,909705805,38.419,robot_1,0.977,-2.182
1789261671,909769951,38.419,robot_0,1.991,1.019
1789261671,909800655,38.419,robot_2,0.137,1.352
1789261672,146436288,38.656,robot_1,0.978,-2.182
1789261672,146538394,38.656,robot_0,1.993,1.034
1789261672,146576645,38.656,robot_2,0.137,1.352
1789261672,384872187,38.894,robot_1,0.986,-2.180
1789261672,384936587,38.894,robot_0,1.994,1.046
1789261672,384965535,38.894,robot_2,0.137,1.352
1789261672,637674742,39.147,robot_1,0.992,-2.178
1789261672,637740366,39.147,robot_0,1.995,1.058
1789261672,637771154,39.147,robot_2,0.138,1.352
1789261672,840157270,39.349,robot_1,0.992,-2.178
1789261672,840218163,39.349,robot_0,1.997,1.077
1789261672,840246634,39.349,robot_2,0.138,1.352
1789261673,67925286,39.577,robot_1,0.982,-2.181
1789261673,68036320,39.577,robot_0,1.998,1.098
1789261673,68078387,39.577,robot_2,0.138,1.352
1789261673,280628200,39.790,robot_1,0.974,-2.183
1789261673,280696420,39.790,robot_0,1.999,1.111
1789261673,280734872,39.790,robot_2,0.138,1.352
1789261673,512863824,40.022,robot_1,0.969,-2.184
1789261673,512933391,40.022,robot_0,2.000,1.115
1789261673,512965028,40.022,robot_2,0.138,1.352
1789261673,730522075,40.240,robot_1,0.957,-2.187
1789261673,730590053,40.240,robot_0,2.000,1.115
1789261673,730623418,40.240,robot_2,0.138,1.352
1789261673,959486267,40.469,robot_1,0.942,-2.191
1789261673,959554597,40.469,robot_0,2.000,1.115
1789261673,959586722,40.469,robot_2,0.138,1.352
1789261674,166914233,40.676,robot_1,0.929,-2.195
1789261674,166995971,40.676,robot_0,2.000,1.115
1789261674,167027080,40.676,robot_2,0.138,1.352
1789261674,369035383,40.878,robot_1,0.920,-2.197
1789261674,369096902,40.878,robot_0,2.000,1.115
1789261674,369128398,40.878,robot_2,0.138,1.352
1789261674,601913222,41.111,robot_1,0.918,-2.198
1789261674,602072577,41.111,robot_0,2.000,1.115
1789261674,602111266,41.111,robot_2,0.138,1.352
1789261674,831396903,41.341,robot_1,0.924,-2.196
1789261674,831461772,41.341,robot_0,2.000,1.115
1789261674,831492009,41.341,robot_2,0.138,1.352
1789261675,44453055,41.554,robot_1,0.935,-2.193
1789261675,44535112,41.554,robot_0,2.000,1.115
1789261675,47571494,41.557,robot_2,0.138,1.352
1789261675,278251902,41.787,robot_1,0.931,-2.194
1789261675,278320532,41.787,robot_0,2.000,1.115
1789261675,278351531,41.787,robot_2,0.139,1.352
1789261675,478477385,41.988,robot_1,0.919,-2.197
1789261675,478561820,41.988,robot_0,2.001,1.116
1789261675,478605867,41.988,robot_2,0.140,1.358
1789261675,724186697,42.233,robot_1,0.908,-2.199
1789261675,724250566,42.233,robot_0,2.001,1.116
1789261675,724280874,42.233,robot_2,0.142,1.372
1789261675,946417377,42.456,robot_1,0.900,-2.201
1789261675,946491306,42.456,robot_0,2.001,1.116
1789261675,946530374,42.456,robot_2,0.144,1.389
1789261676,149766210,42.659,robot_1,0.886,-2.203
1789261676,149832696,42.659,robot_0,2.001,1.116
1789261676,149867200,42.659,robot_2,0.145,1.399
1789261676,387289718,42.896,robot_1,0.877,-2.204
1789261676,387356458,42.896,robot_0,2.001,1.116
1789261676,387388146,42.897,robot_2,0.146,1.400
1789261676,621341978,43.130,robot_1,0.877,-2.204
1789261676,621410634,43.131,robot_0,2.001,1.116
1789261676,621446512,43.131,robot_2,0.145,1.393
1789261676,870982574,43.380,robot_1,0.877,-2.204
1789261676,871083906,43.380,robot_0,2.002,1.116
1789261676,871117771,43.380,robot_2,0.145,1.389
1789261677,84520496,43.594,robot_1,0.877,-2.204
1789261677,84588587,43.594,robot_0,2.010,1.108
1789261677,84624199,43.594,robot_2,0.145,1.389
1789261677,334045609,43.843,robot_1,0.877,-2.204
1789261677,334111834,43.843,robot_0,2.016,1.102
1789261677,334147060,43.843,robot_2,0.145,1.389
1789261677,544708546,44.054,robot_1,0.877,-2.204
1789261677,544779452,44.054,robot_0,2.015,1.102
1789261677,544812703,44.054,robot_2,0.145,1.389
1789261677,763129941,44.272,robot_1,0.877,-2.204
1789261677,763193829,44.272,robot_0,2.011,1.106
1789261677,763223436,44.272,robot_2,0.145,1.389
1789261677,968387490,44.478,robot_1,0.877,-2.204
1789261677,968458263,44.478,robot_0,2.005,1.111
1789261677,968489789,44.478,robot_2,0.145,1.389
1789261678,202720134,44.712,robot_1,0.877,-2.204
1789261678,202795560,44.712,robot_0,2.000,1.115
1789261678,202826551,44.712,robot_2,0.145,1.389
1789261678,409619907,44.919,robot_1,0.877,-2.204
1789261678,409695771,44.919,robot_0,1.994,1.120
1789261678,409728739,44.919,robot_2,0.145,1.389
1789261678,658290447,45.167,robot_1,0.876,-2.204
1789261678,658355505,45.167,robot_0,1.995,1.119
1789261678,664904994,45.174,robot_2,0.145,1.389
1789261678,926612125,45.436,robot_1,0.876,-2.203
1789261678,926723790,45.436,robot_0,2.002,1.114
1789261678,926764602,45.436,robot_2,0.146,1.389
1789261679,96784639,45.606,robot_1,0.876,-2.203
1789261679,96852226,45.606,robot_0,2.003,1.113
1789261679,96882634,45.606,robot_2,0.146,1.389
1789261679,352033299,45.861,robot_1,0.876,-2.203
1789261679,352125783,45.861,robot_0,2.003,1.113
1789261679,352161804,45.861,robot_2,0.146,1.389
1789261679,568808939,46.078,robot_1,0.876,-2.203
1789261679,568875125,46.078,robot_0,2.002,1.113
1789261679,568904826,46.078,robot_2,0.146,1.389
1789261679,769339576,46.278,robot_1,0.876,-2.203
1789261679,769410260,46.279,robot_0,2.002,1.113
1789261679,769445725,46.279,robot_2,0.146,1.389
1789261679,991808001,46.501,robot_1,0.876,-2.203
1789261679,991879755,46.501,robot_0,2.002,1.113
1789261679,991918633,46.515,robot_2,0.146,1.389
1789261680,198308417,46.712,robot_1,0.876,-2.203
1789261680,203063345,46.712,robot_0,2.002,1.113
1789261680,203121294,46.712,robot_2,0.146,1.389
1789261680,435763279,46.945,robot_1,0.876,-2.202
1789261680,435828095,46.945,robot_0,2.002,1.113
1789261680,435863675,46.945,robot_2,0.146,1.389
1789261680,701229110,47.210,robot_1,0.890,-2.189
1789261680,701294665,47.210,robot_0,2.003,1.113
1789261680,701333919,47.210,robot_2,0.146,1.389
1789261680,960847542,47.470,robot_1,0.899,-2.180
1789261680,960908896,47.470,robot_0,2.003,1.113
1789261680,960940550,47.470,robot_2,0.146,1.389
1789261681,200851903,47.710,robot_1,0.902,-2.176
1789261681,200916405,47.723,robot_0,2.003,1.113
1789261681,213902227,47.723,robot_2,0.146,1.389
1789261681,419283907,47.928,robot_1,0.897,-2.181
1789261681,419380983,47.929,robot_0,2.003,1.113
1789261681,419421721,47.929,robot_2,0.142,1.393
1789261681,613299123,48.122,robot_1,0.889,-2.190
1789261681,613374525,48.123,robot_0,2.003,1.114
1789261681,613408228,48.123,robot_2,0.139,1.395
1789261681,814785149,48.324,robot_1,0.888,-2.191
1789261681,814852356,48.324,robot_0,2.003,1.114
1789261681,814881309,48.324,robot_2,0.139,1.395
1789261682,34358190,48.543,robot_1,0.886,-2.192
1789261682,34420809,48.544,robot_0,2.003,1.114
1789261682,34452222,48.544,robot_2,0.129,1.401
1789261682,280635529,48.805,robot_1,0.879,-2.199
1789261682,296240259,48.805,robot_0,2.003,1.114
1789261682,296302440,48.805,robot_2,0.126,1.403
1789261682,522151473,49.031,robot_1,0.876,-2.202
1789261682,522225080,49.031,robot_0,2.003,1.114
1789261682,522257952,49.031,robot_2,0.125,1.404
1789261682,725351370,49.234,robot_1,0.876,-2.202
1789261682,725420887,49.235,robot_0,2.003,1.114
1789261682,725455908,49.235,robot_2,0.119,1.408
1789261682,941703614,49.451,robot_1,0.874,-2.204
1789261682,941778702,49.451,robot_0,2.003,1.115
1789261682,941818042,49.451,robot_2,0.111,1.412
1789261683,151642492,49.661,robot_1,0.869,-2.207
1789261683,151710133,49.661,robot_0,1.995,1.115
1789261683,151747575,49.661,robot_2,0.093,1.423
1789261683,354819502,49.864,robot_1,0.869,-2.208
1789261683,354886070,49.864,robot_0,1.983,1.114
1789261683,354918724,49.864,robot_2,0.083,1.429
1789261683,559844694,50.069,robot_1,0.869,-2.208
1789261683,559916584,50.069,robot_0,1.964,1.113
1789261683,559956130,50.069,robot_2,0.081,1.431
1789261683,765762214,50.275,robot_1,0.869,-2.208
1789261683,765832886,50.275,robot_0,1.949,1.111
1789261683,765870754,50.275,robot_2,0.081,1.431
1789261684,15147154,50.524,robot_1,0.869,-2.208
1789261684,15234252,50.524,robot_0,1.934,1.110
1789261684,15265562,50.524,robot_2,0.081,1.431
1789261684,266932850,50.776,robot_1,0.869,-2.208
1789261684,279280107,50.788,robot_0,1.933,1.110
1789261684,279361624,50.788,robot_2,0.081,1.431
1789261684,471297788,50.980,robot_1,0.869,-2.207
1789261684,471362222,50.980,robot_0,1.938,1.110
1789261684,471397763,50.981,robot_2,0.081,1.431
1789261684,701549652,51.211,robot_1,0.869,-2.207
1789261684,701618312,51.211,robot_0,1.936,1.110
1789261684,701648557,51.211,robot_2,0.081,1.431
1789261684,924348944,51.433,robot_1,0.869,-2.207
1789261684,924411296,51.434,robot_0,1.936,1.110
1789261684,924444190,51.434,robot_2,0.081,1.431
1789261685,153216266,51.662,robot_1,0.869,-2.207
1789261685,153298823,51.662,robot_0,1.936,1.110
1789261685,153347864,51.662,robot_2,0.081,1.431
1789261685,387710023,51.897,robot_1,0.869,-2.207
1789261685,387793488,51.897,robot_0,1.931,1.109
1789261685,387827209,51.897,robot_2,0.081,1.431
1789261685,635006608,52.144,robot_1,0.868,-2.207
1789261685,635094578,52.144,robot_0,1.911,1.106
1789261685,635131029,52.144,robot_2,0.081,1.431
1789261685,854227832,52.363,robot_1,0.868,-2.207
1789261685,854312198,52.363,robot_0,1.897,1.104
1789261685,854351325,52.363,robot_2,0.081,1.432
1789261686,94482157,52.604,robot_1,0.868,-2.207
1789261686,94557149,52.604,robot_0,1.887,1.102
1789261686,94589872,52.604,robot_2,0.081,1.432
1789261686,345657201,52.855,robot_1,0.868,-2.207
1789261686,345728612,52.855,robot_0,1.885,1.102
1789261686,345757190,52.855,robot_2,0.081,1.432
1789261686,550653096,53.060,robot_1,0.868,-2.207
1789261686,550717706,53.060,robot_0,1.885,1.102
1789261686,550748696,53.060,robot_2,0.081,1.432
1789261686,771056255,53.280,robot_1,0.868,-2.207
1789261686,771137446,53.280,robot_0,1.885,1.102
1789261686,771177702,53.280,robot_2,0.081,1.432
1789261687,16206292,53.525,robot_1,0.868,-2.207
1789261687,16270779,53.525,robot_0,1.885,1.102
1789261687,16302497,53.525,robot_2,0.081,1.432
1789261687,259630694,53.769,robot_1,0.868,-2.207
1789261687,259694633,53.769,robot_0,1.885,1.103
1789261687,259731482,53.769,robot_2,0.080,1.432
1789261687,468195082,53.977,robot_1,0.867,-2.207
1789261687,468264970,53.977,robot_0,1.885,1.103
1789261687,468448686,53.978,robot_2,0.071,1.428
1789261687,698384970,54.208,robot_1,0.867,-2.207
1789261687,698454252,54.208,robot_0,1.885,1.103
1789261687,698493766,54.208,robot_2,0.063,1.425
1789261687,902508187,54.412,robot_1,0.867,-2.220
1789261687,902571046,54.412,robot_0,1.885,1.103
1789261687,902602924,54.412,robot_2,0.060,1.424
1789261688,109890365,54.619,robot_1,0.866,-2.227
1789261688,109982137,54.619,robot_0,1.885,1.103
1789261688,110018349,54.619,robot_2,0.055,1.421
1789261688,326933075,54.836,robot_1,0.866,-2.247
1789261688,327021870,54.839,robot_0,1.885,1.103
1789261688,329504963,54.839,robot_2,0.045,1.416
1789261688,545408494,55.055,robot_1,0.866,-2.263
1789261688,545478522,55.055,robot_0,1.885,1.103
1789261688,545515278,55.055,robot_2,0.044,1.416
1789261688,794283344,55.304,robot_1,0.865,-2.270
1789261688,795025831,55.304,robot_0,1.885,1.103
1789261688,795074844,55.304,robot_2,0.042,1.415
1789261689,20871118,55.530,robot_1,0.865,-2.270
1789261689,20944979,55.530,robot_0,1.885,1.104
1789261689,20979859,55.530,robot_2,0.032,1.410
1789261689,287953470,55.797,robot_1,0.865,-2.270
1789261689,288071384,55.797,robot_0,1.884,1.104
1789261689,288108406,55.797,robot_2,0.030,1.409
1789261689,474330105,55.983,robot_1,0.866,-2.270
1789261689,474394400,55.984,robot_0,1.884,1.104
1789261689,474426951,55.984,robot_2,0.030,1.408
1789261689,694624587,56.204,robot_1,0.866,-2.270
1789261689,694692397,56.204,robot_0,1.884,1.104
1789261689,694723309,56.204,robot_2,0.030,1.409
1789261689,904700393,56.414,robot_1,0.866,-2.270
1789261689,904777894,56.414,robot_0,1.882,1.100
1789261689,904813452,56.414,robot_2,0.036,1.412
1789261690,149149592,56.658,robot_1,0.866,-2.270
1789261690,155302380,56.664,robot_0,1.879,1.096
1789261690,155386803,56.665,robot_2,0.044,1.416
1789261690,375426590,56.885,robot_1,0.866,-2.270
1789261690,375525982,56.885,robot_0,1.879,1.095
1789261690,375584567,56.885,robot_2,0.044,1.416
1789261690,619863008,57.129,robot_1,0.866,-2.270
1789261690,621079597,57.130,robot_0,1.873,1.085
1789261690,621169752,57.130,robot_2,0.040,1.414
1789261690,830686311,57.340,robot_1,0.865,-2.270
1789261690,830744418,57.340,robot_0,1.864,1.066
1789261690,830772091,57.340,robot_2,0.031,1.409
1789261691,61728132,57.571,robot_1,0.865,-2.270
1789261691,61793279,57.571,robot_0,1.856,1.050
1789261691,61824825,57.571,robot_2,0.030,1.408
1789261691,277419446,57.787,robot_1,0.865,-2.270
1789261691,277485937,57.787,robot_0,1.849,1.034
1789261691,277516273,57.787,robot_2,0.030,1.408
1789261691,547556511,58.057,robot_1,0.865,-2.270
1789261691,547652456,58.057,robot_0,1.843,1.022
1789261691,547682257,58.057,robot_2,0.030,1.408
1789261691,767056560,58.276,robot_1,0.865,-2.270
1789261691,767138418,58.276,robot_0,1.841,1.017
1789261691,767175677,58.276,robot_2,0.030,1.408
1789261692,8047659,58.517,robot_1,0.865,-2.270
1789261692,8172753,58.517,robot_0,1.843,1.022
1789261692,8218813,58.517,robot_2,0.030,1.408
1789261692,225763469,58.735,robot_1,0.865,-2.270
1789261692,232027983,58.741,robot_0,1.844,1.022
1789261692,232099867,58.741,robot_2,0.030,1.408
1789261692,431531855,58.941,robot_1,0.865,-2.270
1789261692,431593677,58.941,robot_0,1.844,1.022
1789261692,431623250,58.941,robot_2,0.030,1.408
1789261692,659515727,59.169,robot_1,0.864,-2.270
1789261692,659592400,59.169,robot_0,1.844,1.022
1789261692,659622932,59.169,robot_2,0.029,1.408
1789261692,875678598,59.385,robot_1,0.864,-2.270
1789261692,875745905,59.385,robot_0,1.843,1.022
1789261692,875781577,59.385,robot_2,0.029,1.408
1789261693,83236348,59.592,robot_1,0.863,-2.269
1789261693,83302321,59.592,robot_0,1.843,1.023
1789261693,83335398,59.592,robot_2,0.029,1.408
1789261693,330015512,59.839,robot_1,0.856,-2.260
1789261693,330093825,59.839,robot_0,1.843,1.023
1789261693,330132940,59.839,robot_2,0.029,1.408
1789261693,551476782,60.061,robot_1,0.854,-2.258
1789261693,551542830,60.061,robot_0,1.843,1.023
1789261693,580173305,60.089,robot_2,0.029,1.409
1789261693,770470624,60.280,robot_1,0.854,-2.258
1789261693,770548459,60.280,robot_0,1.843,1.023
1789261693,770580528,60.280,robot_2,0.029,1.409
1789261693,981032452,60.490,robot_1,0.854,-2.258
1789261693,981110946,60.490,robot_0,1.843,1.023
1789261693,981154026,60.490,robot_2,0.029,1.409
1789261694,194460697,60.704,robot_1,0.853,-2.257
1789261694,194527158,60.704,robot_0,1.843,1.023
1789261694,194563251,60.704,robot_2,0.029,1.409
1789261694,460807205,60.970,robot_1,0.846,-2.249
1789261694,460881410,60.970,robot_0,1.843,1.023
1789261694,460924844,60.970,robot_2,0.029,1.409
1789261694,671629638,61.181,robot_1,0.839,-2.241
1789261694,671697570,61.181,robot_0,1.842,1.023
1789261694,671733711,61.181,robot_2,0.029,1.408
1789261694,886100791,61.395,robot_1,0.831,-2.233
1789261694,886175574,61.395,robot_0,1.842,1.023
1789261694,886208860,61.395,robot_2,0.027,1.402
1789261695,98119763,61.607,robot_1,0.823,-2.224
1789261695,98187350,61.607,robot_0,1.842,1.023
1789261695,98217274,61.607,robot_2,0.027,1.400
1789261695,306437045,61.816,robot_1,0.810,-2.209
1789261695,306502546,61.816,robot_0,1.842,1.023
1789261695,306533346,61.816,robot_2,0.027,1.400
1789261695,510640579,62.020,robot_1,0.800,-2.199
1789261695,510708458,62.020,robot_0,1.842,1.022
1789261695,510740487,62.020,robot_2,0.027,1.400
1789261695,715874250,62.225,robot_1,0.797,-2.195
1789261695,731483219,62.241,robot_0,1.842,1.022
1789261695,731567493,62.241,robot_2,0.027,1.404
1789261695,928456546,62.438,robot_1,0.797,-2.195
1789261695,928532466,62.438,robot_0,1.842,1.020
1789261695,928567360,62.438,robot_2,0.026,1.415
1789261696,130441903,62.640,robot_1,0.797,-2.195
1789261696,130510815,62.640,robot_0,1.847,1.011
1789261696,130544069,62.640,robot_2,0.026,1.426
1789261696,387732528,62.897,robot_1,0.797,-2.195
1789261696,389239032,62.898,robot_0,1.855,0.992
1789261696,389314338,62.898,robot_2,0.025,1.440
1789261696,644506075,63.154,robot_1,0.797,-2.195
1789261696,644582243,63.154,robot_0,1.862,0.979
1789261696,644614693,63.154,robot_2,0.025,1.453
1789261696,871590871,63.381,robot_1,0.796,-2.195
1789261696,871662076,63.381,robot_0,1.865,0.973
1789261696,871694640,63.381,robot_2,0.025,1.454
1789261697,102863455,63.612,robot_1,0.796,-2.195
1789261697,102932929,63.612,robot_0,1.872,0.961
1789261697,102963288,63.612,robot_2,0.025,1.454
1789261697,329829314,63.839,robot_1,0.796,-2.195
1789261697,329891558,63.839,robot_0,1.874,0.957
1789261697,340672972,63.850,robot_2,0.025,1.454
1789261697,538292595,64.047,robot_1,0.796,-2.195
1789261697,538371415,64.047,robot_0,1.884,0.942
1789261697,538416338,64.048,robot_2,0.025,1.454
1789261697,748160700,64.257,robot_1,0.796,-2.195
1789261697,748232255,64.257,robot_0,1.892,0.930
1789261697,748269271,64.257,robot_2,0.025,1.454
1789261698,19800863,64.529,robot_1,0.796,-2.196
1789261698,19865816,64.529,robot_0,1.909,0.902
1789261698,19894403,64.529,robot_2,0.025,1.453
1789261698,244753182,64.754,robot_1,0.796,-2.196
1789261698,244819432,64.754,robot_0,1.917,0.890
1789261698,244853426,64.754,robot_2,0.024,1.453
1789261698,472818499,64.982,robot_1,0.796,-2.196
1789261698,472883019,64.982,robot_0,1.920,0.885
1789261698,472919166,64.982,robot_2,0.024,1.453
1789261698,688463390,65.198,robot_1,0.796,-2.196
1789261698,688526019,65.198,robot_0,1.920,0.885
1789261698,688554468,65.198,robot_2,0.024,1.453
1789261698,899387056,65.409,robot_1,0.796,-2.196
1789261698,899460097,65.409,robot_0,1.920,0.885
1789261698,899494310,65.409,robot_2,0.024,1.453
1789261699,130814154,65.640,robot_1,0.796,-2.196
1789261699,130881675,65.640,robot_0,1.920,0.885
1789261699,130912331,65.640,robot_2,0.024,1.453
1789261699,355899543,65.865,robot_1,0.796,-2.197
1789261699,355983714,65.865,robot_0,1.920,0.885
1789261699,356015152,65.865,robot_2,0.024,1.453
1789261699,563062106,66.072,robot_1,0.796,-2.197
1789261699,563128463,66.072,robot_0,1.920,0.885
1789261699,563169229,66.072,robot_2,0.024,1.453
1789261699,763246885,66.272,robot_1,0.796,-2.197
1789261699,763311986,66.272,robot_0,1.920,0.885
1789261699,763343037,66.272,robot_2,0.024,1.453
1789261699,979212583,66.488,robot_1,0.796,-2.197
1789261699,979285417,66.488,robot_0,1.919,0.885
1789261699,979322785,66.488,robot_2,0.024,1.453
1789261700,201021500,66.710,robot_1,0.796,-2.197
1789261700,201095168,66.710,robot_0,1.919,0.885
1789261700,201131223,66.710,robot_2,0.024,1.453
1789261700,429331912,66.943,robot_1,0.796,-2.197
1789261700,433968555,66.943,robot_0,1.919,0.885
1789261700,434025848,66.943,robot_2,0.024,1.453
1789261700,632060052,67.141,robot_1,0.796,-2.197
1789261700,632137596,67.141,robot_0,1.919,0.885
1789261700,632169320,67.141,robot_2,0.025,1.452
1789261700,877955551,67.387,robot_1,0.796,-2.197
1789261700,878022095,67.387,robot_0,1.919,0.884
1789261700,878055030,67.387,robot_2,0.032,1.447
1789261701,85805905,67.595,robot_1,0.796,-2.198
1789261701,85866852,67.595,robot_0,1.919,0.884
1789261701,85898012,67.595,robot_2,0.033,1.446
1789261701,333388245,67.843,robot_1,0.797,-2.198
1789261701,333462138,67.843,robot_0,1.919,0.884
1789261701,333495390,67.843,robot_2,0.030,1.448
1789261701,555950173,68.065,robot_1,0.797,-2.198
1789261701,556030687,68.065,robot_0,1.919,0.884
1789261701,556063947,68.065,robot_2,0.030,1.448
1789261701,756413575,68.266,robot_1,0.797,-2.198
1789261701,756490526,68.266,robot_0,1.919,0.884
1789261701,756527937,68.266,robot_2,0.030,1.448
1789261701,980275850,68.489,robot_1,0.797,-2.198
1789261701,980338225,68.489,robot_0,1.919,0.884
1789261701,980367395,68.489,robot_2,0.030,1.448
1789261702,217556305,68.727,robot_1,0.798,-2.196
1789261702,217627688,68.727,robot_0,1.919,0.884
1789261702,217658869,68.727,robot_2,0.032,1.447
1789261702,461853860,68.971,robot_1,0.806,-2.189
1789261702,467873877,68.977,robot_0,1.920,0.883
1789261702,467970451,68.977,robot_2,0.045,1.442
1789261702,678433747,69.188,robot_1,0.808,-2.187
1789261702,678505403,69.188,robot_0,1.931,0.882
1789261702,678533475,69.188,robot_2,0.064,1.435
1789261702,940482831,69.450,robot_1,0.809,-2.187
1789261702,940544141,69.450,robot_0,1.936,0.881
1789261702,940576942,69.450,robot_2,0.074,1.432
1789261703,184324077,69.693,robot_1,0.814,-2.181
1789261703,184397468,69.694,robot_0,1.943,0.881
1789261703,184428786,69.694,robot_2,0.078,1.430
1789261703,386028572,69.895,robot_1,0.814,-2.181
1789261703,386087373,69.895,robot_0,1.948,0.880
1789261703,386115085,69.895,robot_2,0.078,1.430
1789261703,610190642,70.119,robot_1,0.814,-2.180
1789261703,610268073,70.119,robot_0,1.948,0.880
1789261703,610303494,70.119,robot_2,0.078,1.430
1789261703,829918708,70.339,robot_1,0.819,-2.176
1789261703,830032162,70.339,robot_0,1.948,0.880
1789261703,830072754,70.339,robot_2,0.078,1.430
1789261704,35865083,70.545,robot_1,0.832,-2.163
1789261704,63444350,70.573,robot_0,1.948,0.880
1789261704,63530564,70.573,robot_2,0.078,1.430
1789261704,240379528,70.750,robot_1,0.842,-2.153
1789261704,240447396,70.750,robot_0,1.947,0.880
1789261704,240481770,70.750,robot_2,0.078,1.430
1789261704,480728810,70.990,robot_1,0.849,-2.147
1789261704,480797151,70.990,robot_0,1.934,0.880
1789261704,480833539,70.990,robot_2,0.078,1.430
1789261704,721575626,71.231,robot_1,0.849,-2.147
1789261704,725024535,71.234,robot_0,1.922,0.879
1789261704,725091797,71.234,robot_2,0.078,1.430
1789261704,938299825,71.464,robot_1,0.849,-2.147
1789261704,955138827,71.464,robot_0,1.913,0.879
1789261704,955195020,71.464,robot_2,0.078,1.430
1789261705,188496369,71.698,robot_1,0.849,-2.147
1789261705,189253029,71.698,robot_0,1.912,0.879
1789261705,189305240,71.698,robot_2,0.078,1.430
1789261705,393596311,71.903,robot_1,0.849,-2.147
1789261705,393661708,71.903,robot_0,1.912,0.879
1789261705,393693825,71.903,robot_2,0.078,1.430
1789261705,614561282,72.124,robot_1,0.849,-2.147
1789261705,614635718,72.124,robot_0,1.912,0.879
1789261705,614667287,72.124,robot_2,0.078,1.429
1789261705,875006371,72.384,robot_1,0.849,-2.147
1789261705,875092492,72.384,robot_0,1.912,0.879
1789261705,875149298,72.384,robot_2,0.078,1.429
1789261706,58234979,72.567,robot_1,0.849,-2.147
1789261706,58298694,72.567,robot_0,1.912,0.879
1789261706,58328180,72.567,robot_2,0.078,1.429
1789261706,275582933,72.785,robot_1,0.850,-2.147
1789261706,295096552,72.804,robot_0,1.912,0.878
1789261706,295176053,72.804,robot_2,0.078,1.429
1789261706,482352786,72.991,robot_1,0.850,-2.147
1789261706,482413023,72.992,robot_0,1.913,0.878
1789261706,482442278,72.992,robot_2,0.078,1.429
1789261706,686792317,73.196,robot_1,0.850,-2.147
1789261706,686856675,73.196,robot_0,1.913,0.878
1789261706,686890382,73.196,robot_2,0.078,1.429
1789261706,894903292,73.404,robot_1,0.850,-2.147
1789261706,894976470,73.404,robot_0,1.913,0.878
1789261706,895013247,73.404,robot_2,0.078,1.429
1789261707,115422950,73.625,robot_1,0.850,-2.147
1789261707,115496827,73.625,robot_0,1.913,0.878
1789261707,115535438,73.625,robot_2,0.078,1.429
1789261707,336886438,73.846,robot_1,0.850,-2.147
1789261707,336984482,73.846,robot_0,1.913,0.878
1789261707,337025365,73.846,robot_2,0.078,1.428
1789261707,526262221,74.035,robot_1,0.850,-2.147
1789261707,526344642,74.035,robot_0,1.909,0.875
1789261707,526383349,74.036,robot_2,0.074,1.424
1789261707,729785576,74.239,robot_1,0.850,-2.147
1789261707,729850575,74.239,robot_0,1.903,0.870
1789261707,729883179,74.239,robot_2,0.067,1.418
1789261707,932179101,74.441,robot_1,0.851,-2.147
1789261707,932243561,74.441,robot_0,1.903,0.870
1789261707,932280042,74.441,robot_2,0.069,1.419
1789261708,145809410,74.655,robot_1,0.851,-2.147
1789261708,145891695,74.655,robot_0,1.900,0.867
1789261708,145928943,74.655,robot_2,0.070,1.420
1789261708,380769921,74.890,robot_1,0.851,-2.147
1789261708,380839224,74.890,robot_0,1.897,0.864
1789261708,380878995,74.890,robot_2,0.067,1.418
1789261708,600401725,75.110,robot_1,0.850,-2.142
1789261708,600470750,75.110,robot_0,1.895,0.861
1789261708,600507273,75.110,robot_2,0.069,1.419
1789261708,813085813,75.322,robot_1,0.848,-2.133
1789261708,813165172,75.322,robot_0,1.891,0.858
1789261708,813198814,75.322,robot_2,0.077,1.427
1789261709,23799427,75.533,robot_1,0.848,-2.131
1789261709,23866287,75.533,robot_0,1.891,0.858
1789261709,23895611,75.533,robot_2,0.082,1.432
1789261709,259904780,75.769,robot_1,0.849,-2.134
1789261709,259983923,75.769,robot_0,1.890,0.857
1789261709,260013949,75.769,robot_2,0.083,1.434
1789261709,508884333,76.018,robot_1,0.848,-2.131
1789261709,509184164,76.018,robot_0,1.886,0.852
1789261709,515235626,76.024,robot_2,0.091,1.442
1789261709,736093632,76.245,robot_1,0.849,-2.133
1789261709,739724489,76.249,robot_0,1.884,0.851
1789261709,739804615,76.249,robot_2,0.104,1.454
1789261710,122080714,76.631,robot_1,0.849,-2.134
1789261710,122147205,76.631,robot_0,1.884,0.851
1789261710,122177003,76.631,robot_2,0.106,1.456
1789261710,122205592,76.631,robot_2_carried_generic_box,0.093,1.444
1789261710,359715811,76.869,robot_1,0.852,-2.140
1789261710,359777839,76.869,robot_0,1.884,0.851
1789261710,359810591,76.869,robot_2,0.114,1.464
1789261710,359847680,76.869,robot_2_carried_generic_box,0.107,1.458
1789261710,589456938,77.099,robot_1,0.853,-2.141
1789261710,589529942,77.099,robot_0,1.884,0.851
1789261710,589563761,77.099,robot_2,0.115,1.466
1789261710,589598442,77.099,robot_2_carried_generic_box,0.110,1.461
1789261710,846183210,77.358,robot_1,0.853,-2.141
1789261710,848614233,77.358,robot_0,1.885,0.851
1789261710,848671699,77.358,robot_2,0.115,1.466
1789261710,848707832,77.358,robot_2_carried_generic_box,0.115,1.466
1789261711,118504216,77.628,robot_1,0.853,-2.141
1789261711,118569928,77.634,robot_0,1.885,0.851
1789261711,124855200,77.635,robot_2,0.115,1.466
1789261711,125625536,77.635,robot_2_carried_generic_box,0.115,1.466
1789261711,356424367,77.866,robot_1,0.853,-2.141
1789261711,356490659,77.866,robot_0,1.885,0.851
1789261711,356525035,77.866,robot_2,0.115,1.466
1789261711,356557462,77.866,robot_2_carried_generic_box,0.115,1.466
1789261711,558831176,78.068,robot_1,0.853,-2.141
1789261711,558914508,78.068,robot_0,1.885,0.851
1789261711,558959385,78.068,robot_2,0.115,1.466
1789261711,558998178,78.068,robot_2_carried_generic_box,0.115,1.466
1789261711,781105061,78.290,robot_1,0.853,-2.141
1789261711,781176718,78.290,robot_0,1.885,0.851
1789261711,781210187,78.290,robot_2,0.115,1.466
1789261711,781241908,78.290,robot_2_carried_generic_box,0.115,1.466
1789261712,14629270,78.524,robot_1,0.853,-2.141
1789261712,14703813,78.524,robot_0,1.885,0.851
1789261712,14749731,78.524,robot_2,0.116,1.466
1789261712,14793053,78.524,robot_2_carried_generic_box,0.115,1.466
1789261712,233844155,78.743,robot_1,0.853,-2.141
1789261712,233911701,78.743,robot_0,1.885,0.851
1789261712,233950853,78.743,robot_2,0.116,1.466
1789261712,233982392,78.743,robot_2_carried_generic_box,0.115,1.466
1789261712,479849034,78.989,robot_1,0.853,-2.141
1789261712,479931449,78.989,robot_0,1.885,0.851
1789261712,479965225,78.989,robot_2,0.116,1.466
1789261712,479997074,78.989,robot_2_carried_generic_box,0.116,1.466
1789261712,662118528,79.171,robot_1,0.853,-2.141
1789261712,662192507,79.171,robot_0,1.885,0.851
1789261712,662225663,79.171,robot_2,0.116,1.466
1789261712,662263584,79.171,robot_2_carried_generic_box,0.116,1.466
1789261712,891041382,79.400,robot_1,0.853,-2.141
1789261712,891105808,79.400,robot_0,1.886,0.851
1789261712,891137358,79.400,robot_2,0.116,1.466
1789261712,891168851,79.400,robot_2_carried_generic_box,0.116,1.466
1789261713,100683275,79.610,robot_1,0.853,-2.141
1789261713,100743705,79.610,robot_0,1.886,0.851
1789261713,100778628,79.610,robot_2,0.116,1.466
1789261713,100813557,79.610,robot_2_carried_generic_box,0.116,1.466
1789261713,300846957,79.810,robot_1,0.853,-2.140
1789261713,300928652,79.810,robot_0,1.886,0.851
1789261713,300979721,79.810,robot_2,0.116,1.466
1789261713,301031088,79.810,robot_2_carried_generic_box,0.116,1.466
1789261713,538598748,80.048,robot_1,0.854,-2.140
1789261713,538667561,80.048,robot_0,1.886,0.847
1789261713,538706744,80.048,robot_2,0.116,1.466
1789261713,538744030,80.048,robot_2_carried_generic_box,0.116,1.466
1789261713,789838542,80.299,robot_1,0.854,-2.140
1789261713,789905236,80.299,robot_0,1.886,0.834
1789261713,789942286,80.299,robot_2,0.116,1.466
1789261713,789973828,80.299,robot_2_carried_generic_box,0.116,1.466
1789261714,39260158,80.548,robot_1,0.854,-2.140
1789261714,39324470,80.548,robot_0,1.887,0.823
1789261714,39358849,80.548,robot_2,0.116,1.466
1789261714,39389514,80.549,robot_2_carried_generic_box,0.116,1.466
1789261714,267415018,80.777,robot_1,0.854,-2.140
1789261714,267480419,80.777,robot_0,1.887,0.819
1789261714,267511498,80.777,robot_2,0.116,1.466
1789261714,267553815,80.777,robot_2_carried_generic_box,0.116,1.466
1789261714,470538173,80.980,robot_1,0.854,-2.140
1789261714,470625075,80.980,robot_0,1.887,0.818
1789261714,470659086,80.980,robot_2,0.117,1.467
1789261714,470688912,80.980,robot_2_carried_generic_box,0.116,1.466
1789261714,698736431,81.208,robot_1,0.860,-2.142
1789261714,698800301,81.208,robot_0,1.888,0.811
1789261714,698829922,81.208,robot_2,0.116,1.472
1789261714,698857807,81.208,robot_2_carried_generic_box,0.116,1.466
1789261714,916068242,81.425,robot_1,0.865,-2.143
1789261714,916150861,81.425,robot_0,1.888,0.807
1789261714,916192926,81.425,robot_2,0.116,1.475
1789261714,916234212,81.425,robot_2_carried_generic_box,0.116,1.467
1789261715,157152151,81.666,robot_1,0.865,-2.143
1789261715,157224117,81.666,robot_0,1.888,0.812
1789261715,157258694,81.666,robot_2,0.116,1.475
1789261715,157293525,81.666,robot_2_carried_generic_box,0.116,1.473
1789261715,442148896,81.951,robot_1,0.865,-2.143
1789261715,442225918,81.951,robot_0,1.885,0.827
1789261715,442263612,81.951,robot_2,0.116,1.475
1789261715,442300666,81.951,robot_2_carried_generic_box,0.116,1.475
1789261715,659291152,82.168,robot_1,0.865,-2.143
1789261715,659372450,82.168,robot_0,1.885,0.832
1789261715,659410298,82.169,robot_2,0.116,1.475
1789261715,659442197,82.169,robot_2_carried_generic_box,0.116,1.475
1789261715,877830975,82.387,robot_1,0.865,-2.143
1789261715,877893591,82.387,robot_0,1.884,0.838
1789261715,890995278,82.400,robot_2,0.116,1.475
1789261715,891101602,82.400,robot_2_carried_generic_box,0.116,1.475
1789261716,114449630,82.624,robot_1,0.865,-2.143
1789261716,120506697,82.630,robot_0,1.882,0.848
1789261716,120573450,82.630,robot_2,0.116,1.475
1789261716,120610344,82.630,robot_2_carried_generic_box,0.116,1.475
1789261716,325204421,82.834,robot_1,0.865,-2.143
1789261716,325265902,82.834,robot_0,1.882,0.850
1789261716,325298404,82.834,robot_2,0.116,1.478
1789261716,325328944,82.834,robot_2_carried_generic_box,0.116,1.475
1789261716,534754965,83.044,robot_1,0.867,-2.143
1789261716,534820727,83.044,robot_0,1.882,0.850
1789261716,534852580,83.044,robot_2,0.113,1.486
1789261716,534887290,83.044,robot_2_carried_generic_box,0.116,1.475
1789261716,757376114,83.267,robot_1,0.878,-2.144
1789261716,757449740,83.267,robot_0,1.882,0.850
1789261716,757490923,83.267,robot_2,0.112,1.489
1789261716,757529127,83.267,robot_2_carried_generic_box,0.115,1.481
1789261716,961512597,83.471,robot_1,0.884,-2.145
1789261716,961579791,83.471,robot_0,1.882,0.850
1789261716,961614314,83.471,robot_2,0.112,1.489
1789261716,961647538,83.471,robot_2_carried_generic_box,0.113,1.487
1789261717,190755814,83.700,robot_1,0.890,-2.146
1789261717,190828536,83.700,robot_0,1.882,0.850
1789261717,195392692,83.705,robot_2,0.112,1.489
1789261717,195485102,83.705,robot_2_carried_generic_box,0.112,1.489
1789261717,448646725,83.958,robot_1,0.905,-2.147
1789261717,448712475,83.958,robot_0,1.882,0.850
1789261717,448744928,83.958,robot_2,0.112,1.489
1789261717,448773816,83.958,robot_2_carried_generic_box,0.112,1.489
1789261717,672095615,84.182,robot_1,0.909,-2.147
1789261717,672962254,84.182,robot_0,1.882,0.850
1789261717,673003063,84.182,robot_2,0.112,1.489
1789261717,673035443,84.182,robot_2_carried_generic_box,0.112,1.489
1789261717,884264484,84.393,robot_1,0.907,-2.147
1789261717,884331341,84.393,robot_0,1.882,0.850
1789261717,893984463,84.403,robot_2,0.112,1.490
1789261717,894091850,84.403,robot_2_carried_generic_box,0.112,1.489
1789261718,85624966,84.595,robot_1,0.898,-2.146
1789261718,85689872,84.595,robot_0,1.882,0.850
1789261718,85720813,84.595,robot_2,0.113,1.490
1789261718,85752326,84.595,robot_2_carried_generic_box,0.112,1.489
1789261718,304694180,84.814,robot_1,0.884,-2.144
1789261718,304761214,84.818,robot_0,1.882,0.850
1789261718,308794797,84.818,robot_2,0.113,1.490
1789261718,308853660,84.818,robot_2_carried_generic_box,0.113,1.490
1789261718,553630963,85.063,robot_1,0.869,-2.143
1789261718,553700005,85.063,robot_0,1.882,0.850
1789261718,553738726,85.063,robot_2,0.113,1.490
1789261718,553777189,85.063,robot_2_carried_generic_box,0.113,1.490
1789261718,762524470,85.272,robot_1,0.868,-2.143
1789261718,762591092,85.272,robot_0,1.882,0.850
1789261718,762620846,85.272,robot_2,0.113,1.490
1789261718,762651284,85.272,robot_2_carried_generic_box,0.113,1.490
1789261718,999375780,85.509,robot_1,0.876,-2.143
1789261719,4979210,85.514,robot_0,1.883,0.850
1789261719,5058946,85.514,robot_2,0.113,1.490
1789261719,5100986,85.514,robot_2_carried_generic_box,0.113,1.490
1789261719,202646038,85.712,robot_1,0.887,-2.145
1789261719,202720984,85.712,robot_0,1.883,0.850
1789261719,202753250,85.712,robot_2,0.113,1.490
1789261719,202788220,85.712,robot_2_carried_generic_box,0.113,1.490
1789261719,441159752,85.950,robot_1,0.889,-2.145
1789261719,441227211,85.950,robot_0,1.883,0.850
1789261719,441264657,85.950,robot_2,0.113,1.490
1789261719,441303102,85.950,robot_2_carried_generic_box,0.113,1.490
1789261719,699786318,86.209,robot_1,0.883,-2.144
1789261719,699885323,86.209,robot_0,1.883,0.850
1789261719,699932077,86.209,robot_2,0.113,1.490
1789261719,699971166,86.209,robot_2_carried_generic_box,0.113,1.490
1789261719,920398591,86.430,robot_1,0.878,-2.143
1789261719,920468849,86.430,robot_0,1.883,0.850
1789261719,920508288,86.430,robot_2,0.113,1.490
1789261719,920546339,86.430,robot_2_carried_generic_box,0.113,1.490
1789261720,121844819,86.631,robot_1,0.877,-2.143
1789261720,121911575,86.634,robot_0,1.883,0.850
1789261720,124775934,86.634,robot_2,0.113,1.490
1789261720,124840169,86.634,robot_2_carried_generic_box,0.113,1.490
1789261720,349117612,86.858,robot_1,0.877,-2.143
1789261720,349185405,86.858,robot_0,1.884,0.850
1789261720,349217714,86.858,robot_2,0.113,1.490
1789261720,349248848,86.858,robot_2_carried_generic_box,0.113,1.490
1789261720,567895365,87.077,robot_1,0.877,-2.143
1789261720,575912048,87.085,robot_0,1.891,0.844
1789261720,576008917,87.085,robot_2,0.113,1.490
1789261720,576048596,87.085,robot_2_carried_generic_box,0.113,1.490
1789261720,785062252,87.294,robot_1,0.877,-2.143
1789261720,785145780,87.294,robot_0,1.895,0.840
1789261720,785182290,87.294,robot_2,0.113,1.491
1789261720,785223462,87.294,robot_2_carried_generic_box,0.113,1.490
1789261720,976256774,87.485,robot_1,0.877,-2.143
1789261720,976335849,87.485,robot_0,1.895,0.840
1789261720,976375999,87.486,robot_2,0.113,1.491
1789261720,976415586,87.486,robot_2_carried_generic_box,0.113,1.490
1789261721,215795747,87.725,robot_1,0.877,-2.143
1789261721,215878471,87.725,robot_0,1.897,0.839
1789261721,215917688,87.725,robot_2,0.113,1.491
1789261721,215961886,87.725,robot_2_carried_generic_box,0.113,1.491
1789261721,455565977,87.965,robot_1,0.877,-2.143
1789261721,455633763,87.965,robot_0,1.907,0.832
1789261721,455666913,87.965,robot_2,0.115,1.491
1789261721,455698267,87.965,robot_2_carried_generic_box,0.113,1.491
1789261721,686469573,88.196,robot_1,0.877,-2.143
1789261721,686536338,88.196,robot_0,1.917,0.825
1789261721,686570791,88.196,robot_2,0.123,1.490
1789261721,686605217,88.196,robot_2_carried_generic_box,0.114,1.491
1789261721,896211569,88.405,robot_1,0.877,-2.143
1789261721,896291907,88.405,robot_0,1.927,0.819
1789261721,896326606,88.405,robot_2,0.125,1.490
1789261721,896359407,88.405,robot_2_carried_generic_box,0.118,1.490
1789261722,127149210,88.636,robot_1,0.877,-2.143
1789261722,127231801,88.636,robot_0,1.936,0.812
1789261722,127273756,88.636,robot_2,0.130,1.490
1789261722,127314188,88.636,robot_2_carried_generic_box,0.125,1.490
1789261722,386114636,88.895,robot_1,0.877,-2.143
1789261722,386179485,88.895,robot_0,1.939,0.810
1789261722,386211481,88.895,robot_2,0.134,1.490
1789261722,386243652,88.895,robot_2_carried_generic_box,0.125,1.490
1789261722,618261453,89.127,robot_1,0.877,-2.143
1789261722,622012562,89.131,robot_0,1.939,0.810
1789261722,622085617,89.131,robot_2,0.132,1.490
1789261722,622123464,89.131,robot_2_carried_generic_box,0.134,1.490
1789261722,871608404,89.381,robot_1,0.877,-2.143
1789261722,871678694,89.381,robot_0,1.939,0.810
1789261722,871712085,89.381,robot_2,0.123,1.490
1789261722,871747559,89.381,robot_2_carried_generic_box,0.132,1.490
1789261723,72069330,89.581,robot_1,0.877,-2.142
1789261723,72146450,89.581,robot_0,1.939,0.810
1789261723,72180037,89.581,robot_2,0.111,1.490
1789261723,72214904,89.581,robot_2_carried_generic_box,0.128,1.490
1789261723,290457848,89.800,robot_1,0.877,-2.142
1789261723,290530980,89.800,robot_0,1.939,0.810
1789261723,290562457,89.800,robot_2,0.103,1.490
1789261723,290596978,89.800,robot_2_carried_generic_box,0.123,1.490
1789261723,526935426,90.036,robot_1,0.877,-2.142
1789261723,527019949,90.036,robot_0,1.940,0.810
1789261723,527052552,90.036,robot_2,0.096,1.490
1789261723,527083687,90.036,robot_2_carried_generic_box,0.113,1.490
1789261723,745769952,90.255,robot_1,0.875,-2.143
1789261723,745835437,90.255,robot_0,1.940,0.810
1789261723,745869004,90.255,robot_2,0.087,1.490
1789261723,745902062,90.255,robot_2_carried_generic_box,0.100,1.490
1789261723,969681971,90.479,robot_1,0.868,-2.147
1789261723,969752185,90.479,robot_0,1.940,0.811
1789261723,969786786,90.479,robot_2,0.087,1.490
1789261723,969817021,90.479,robot_2_carried_generic_box,0.087,1.490
1789261724,171623703,90.681,robot_1,0.866,-2.148
1789261724,171689734,90.681,robot_0,1.940,0.811
1789261724,171718929,90.681,robot_2,0.089,1.490
1789261724,171747995,90.681,robot_2_carried_generic_box,0.087,1.490
1789261724,399459406,90.909,robot_1,0.871,-2.144
1789261724,399524808,90.909,robot_0,1.940,0.811
1789261724,399560646,90.909,robot_2,0.095,1.490
1789261724,399596362,90.909,robot_2_carried_generic_box,0.087,1.490
1789261724,618667153,91.128,robot_1,0.880,-2.138
1789261724,621093398,91.130,robot_0,1.940,0.811
1789261724,621168370,91.130,robot_2,0.097,1.490
1789261724,621204596,91.130,robot_2_carried_generic_box,0.094,1.490
1789261724,849500868,91.359,robot_1,0.883,-2.135
1789261724,849566961,91.359,robot_0,1.940,0.811
1789261724,849602961,91.359,robot_2,0.104,1.490
1789261724,849641850,91.359,robot_2_carried_generic_box,0.096,1.490
1789261725,66566968,91.581,robot_1,0.878,-2.139
1789261725,71495278,91.581,robot_0,1.940,0.811
1789261725,71553190,91.581,robot_2,0.105,1.490
1789261725,71590550,91.581,robot_2_carried_generic_box,0.102,1.490
1789261725,272972418,91.791,robot_1,0.871,-2.145
1789261725,282052679,91.791,robot_0,1.940,0.811
1789261725,282103233,91.791,robot_2,0.105,1.490
1789261725,282138591,91.791,robot_2_carried_generic_box,0.104,1.490
1789261725,526069893,92.035,robot_1,0.868,-2.147
1789261725,526158226,92.035,robot_0,1.940,0.812
1789261725,526195026,92.035,robot_2,0.105,1.490
1789261725,526229541,92.035,robot_2_carried_generic_box,0.105,1.490
1789261725,704650365,92.214,robot_1,0.864,-2.150
1789261725,704714091,92.214,robot_0,1.940,0.812
1789261725,704745216,92.214,robot_2,0.105,1.490
1789261725,704775438,92.214,robot_2_carried_generic_box,0.105,1.490
1789261725,921458371,92.431,robot_1,0.864,-2.150
1789261725,921542283,92.431,robot_0,1.940,0.812
1789261725,921578605,92.431,robot_2,0.105,1.490
1789261725,921607267,92.431,robot_2_carried_generic_box,0.105,1.490
1789261726,144996978,92.654,robot_1,0.859,-2.153
1789261726,145060675,92.654,robot_0,1.940,0.812
1789261726,145096801,92.654,robot_2,0.105,1.490
1789261726,145127882,92.654,robot_2_carried_generic_box,0.105,1.490
1789261726,353616782,92.863,robot_1,0.857,-2.155
1789261726,353687984,92.863,robot_0,1.940,0.812
1789261726,353717460,92.863,robot_2,0.105,1.491
1789261726,353747514,92.863,robot_2_carried_generic_box,0.105,1.490
1789261726,617887625,93.127,robot_1,0.864,-2.150
1789261726,629180563,93.138,robot_0,1.939,0.812
1789261726,629247694,93.138,robot_2,0.105,1.491
1789261726,629281075,93.138,robot_2_carried_generic_box,0.105,1.490
1789261726,884016814,93.393,robot_1,0.867,-2.148
1789261726,884081614,93.393,robot_0,1.939,0.812
1789261726,884110010,93.393,robot_2,0.105,1.491
1789261726,884139936,93.393,robot_2_carried_generic_box,0.105,1.491
1789261727,96456635,93.606,robot_1,0.867,-2.148
1789261727,96525716,93.613,robot_0,1.939,0.812
1789261727,104021876,93.613,robot_2,0.105,1.491
1789261727,104100874,93.613,robot_2_carried_generic_box,0.105,1.491
1789261727,308607171,93.818,robot_1,0.873,-2.145
1789261727,308678299,93.818,robot_0,1.939,0.813
1789261727,308714147,93.818,robot_2,0.104,1.491
1789261727,308745961,93.818,robot_2_carried_generic_box,0.105,1.491
1789261727,516762955,94.026,robot_1,0.878,-2.142
1789261727,524211646,94.033,robot_0,1.939,0.813
1789261727,524286181,94.033,robot_2,0.104,1.491
1789261727,524324205,94.033,robot_2_carried_generic_box,0.104,1.491
1789261727,744818543,94.254,robot_1,0.874,-2.144
1789261727,744875959,94.254,robot_0,1.939,0.813
1789261727,744904855,94.254,robot_2,0.104,1.491
1789261727,744938656,94.254,robot_2_carried_generic_box,0.104,1.491
1789261727,945793631,94.455,robot_1,0.870,-2.147
1789261727,945867255,94.455,robot_0,1.939,0.813
1789261727,945898369,94.455,robot_2,0.104,1.491
1789261727,945933320,94.455,robot_2_carried_generic_box,0.104,1.491
1789261728,147773174,94.657,robot_1,0.873,-2.145
1789261728,147844248,94.657,robot_0,1.939,0.813
1789261728,147882443,94.657,robot_2,0.104,1.491
1789261728,147925684,94.657,robot_2_carried_generic_box,0.104,1.491
1789261728,360141260,94.869,robot_1,0.885,-2.138
1789261728,360208661,94.869,robot_0,1.940,0.815
1789261728,360240011,94.869,robot_2,0.104,1.491
1789261728,360271335,94.869,robot_2_carried_generic_box,0.104,1.491
1789261728,585009717,95.094,robot_1,0.890,-2.135
1789261728,585087812,95.094,robot_0,1.946,0.821
1789261728,585128683,95.094,robot_2,0.104,1.491
1789261728,585165072,95.094,robot_2_carried_generic_box,0.104,1.491
1789261728,794562602,95.304,robot_1,0.891,-2.134
1789261728,794622873,95.304,robot_0,1.954,0.830
1789261728,794651302,95.304,robot_2,0.105,1.492
1789261728,794681051,95.304,robot_2_carried_generic_box,0.104,1.491
1789261728,998445514,95.508,robot_1,0.891,-2.134
1789261728,998513650,95.508,robot_0,1.959,0.836
1789261728,998548639,95.508,robot_2,0.112,1.500
1789261728,998584630,95.508,robot_2_carried_generic_box,0.104,1.491
1789261729,213694969,95.723,robot_1,0.891,-2.134
1789261729,218866322,95.728,robot_0,1.960,0.837
1789261729,219774321,95.729,robot_2,0.114,1.503
1789261729,219846760,95.729,robot_2_carried_generic_box,0.107,1.495
1789261729,458689351,95.968,robot_1,0.891,-2.135
1789261729,458754208,95.968,robot_0,1.959,0.835
1789261729,458784880,95.968,robot_2,0.114,1.504
1789261729,458815672,95.968,robot_2_carried_generic_box,0.114,1.503
1789261729,702775628,96.212,robot_1,0.891,-2.135
1789261729,702866548,96.212,robot_0,1.951,0.827
1789261729,702901752,96.212,robot_2,0.114,1.504
1789261729,702942577,96.212,robot_2_carried_generic_box,0.114,1.504
1789261729,876164017,96.385,robot_1,0.891,-2.135
1789261729,876235865,96.385,robot_0,1.946,0.821
1789261729,876273928,96.385,robot_2,0.114,1.504
1789261729,876310370,96.385,robot_2_carried_generic_box,0.114,1.504
1789261730,88700210,96.598,robot_1,0.891,-2.135
1789261730,88773717,96.598,robot_0,1.940,0.813
1789261730,88803907,96.598,robot_2,0.115,1.505
1789261730,88837401,96.598,robot_2_carried_generic_box,0.114,1.504
1789261730,332359878,96.841,robot_1,0.891,-2.135
1789261730,332425354,96.842,robot_0,1.940,0.813
1789261730,332455557,96.842,robot_2,0.120,1.512
1789261730,332485753,96.842,robot_2_carried_generic_box,0.114,1.504
1789261730,545660161,97.055,robot_1,0.891,-2.135
1789261730,545726181,97.055,robot_0,1.942,0.814
1789261730,545756452,97.055,robot_2,0.124,1.519
1789261730,545786051,97.055,robot_2_carried_generic_box,0.116,1.506
1789261730,784607652,97.294,robot_1,0.885,-2.136
1789261730,784685217,97.294,robot_0,1.952,0.824
1789261730,784720389,97.294,robot_2,0.126,1.522
1789261730,784754599,97.294,robot_2_carried_generic_box,0.124,1.519
1789261731,25169999,97.534,robot_1,0.877,-2.136
1789261731,25247453,97.534,robot_0,1.961,0.832
1789261731,25285537,97.534,robot_2,0.132,1.531
1789261731,25315084,97.534,robot_2_carried_generic_box,0.125,1.520
1789261731,230096114,97.743,robot_1,0.863,-2.136
1789261731,233469655,97.743,robot_0,1.969,0.839
1789261731,233521192,97.743,robot_2,0.135,1.537
1789261731,233558833,97.743,robot_2_carried_generic_box,0.127,1.525
1789261731,439268134,97.948,robot_1,0.850,-2.136
1789261731,439388404,97.949,robot_0,1.970,0.839
1789261731,439430622,97.949,robot_2,0.134,1.534
1789261731,439472739,97.949,robot_2_carried_generic_box,0.135,1.537
1789261731,652450081,98.162,robot_1,0.843,-2.135
1789261731,652523102,98.162,robot_0,1.970,0.839
1789261731,652564413,98.162,robot_2,0.132,1.532
1789261731,652602630,98.162,robot_2_carried_generic_box,0.135,1.537
1789261731,865901818,98.375,robot_1,0.843,-2.135
1789261731,865975133,98.375,robot_0,1.970,0.839
1789261731,866008030,98.375,robot_2,0.135,1.538
1789261731,866035867,98.375,robot_2_carried_generic_box,0.133,1.533
1789261732,79659090,98.589,robot_1,0.843,-2.135
1789261732,79726620,98.589,robot_0,1.970,0.839
1789261732,79758295,98.589,robot_2,0.143,1.552
1789261732,79789707,98.589,robot_2_carried_generic_box,0.132,1.532
1789261732,322787682,98.832,robot_1,0.843,-2.136
1789261732,322885316,98.832,robot_0,1.970,0.839
1789261732,322931044,98.832,robot_2,0.147,1.560
1789261732,322968381,98.832,robot_2_carried_generic_box,0.140,1.547
1789261732,502090821,99.011,robot_1,0.845,-2.136
1789261732,502153821,99.011,robot_0,1.970,0.839
1789261732,502184528,99.011,robot_2,0.148,1.562
1789261732,502451851,99.012,robot_2_carried_generic_box,0.145,1.556
1789261732,746635992,99.256,robot_1,0.849,-2.137
1789261732,746729254,99.256,robot_0,1.970,0.839
1789261732,746765334,99.256,robot_2,0.148,1.562
1789261732,746796461,99.256,robot_2_carried_generic_box,0.148,1.561
1789261732,962752310,99.472,robot_1,0.842,-2.135
1789261732,962812824,99.472,robot_0,1.970,0.838
1789261732,962843470,99.472,robot_2,0.148,1.562
1789261732,962874733,99.472,robot_2_carried_generic_box,0.148,1.562
1789261733,170494645,99.680,robot_1,0.831,-2.133
1789261733,170570220,99.680,robot_0,1.970,0.838
1789261733,170609772,99.680,robot_2,0.148,1.562
1789261733,170646821,99.680,robot_2_carried_generic_box,0.148,1.562
1789261733,384891454,99.894,robot_1,0.829,-2.132
1789261733,384960699,99.894,robot_0,1.970,0.838
1789261733,384990976,99.894,robot_2,0.148,1.562
1789261733,414980047,99.924,robot_2_carried_generic_box,0.148,1.562
1789261733,591601029,100.101,robot_1,0.829,-2.132
1789261733,591664893,100.101,robot_0,1.970,0.838
1789261733,591697983,100.101,robot_2,0.148,1.562
1789261733,591729342,100.101,robot_2_carried_generic_box,0.148,1.562
1789261733,794122795,100.303,robot_1,0.829,-2.132
1789261733,794193357,100.303,robot_0,1.970,0.838
1789261733,794232376,100.303,robot_2,0.148,1.562
1789261733,794270161,100.303,robot_2_carried_generic_box,0.148,1.562
1789261734,1688023,100.511,robot_1,0.829,-2.132
1789261734,1751494,100.511,robot_0,1.970,0.838
1789261734,1781088,100.511,robot_2,0.148,1.562
1789261734,1811116,100.511,robot_2_carried_generic_box,0.148,1.562
1789261734,208958242,100.718,robot_1,0.829,-2.132
1789261734,209030109,100.718,robot_0,1.970,0.838
1789261734,209065682,100.718,robot_2,0.148,1.562
1789261734,209098720,100.718,robot_2_carried_generic_box,0.148,1.562
1789261734,457410018,100.967,robot_1,0.829,-2.132
1789261734,457472739,100.967,robot_0,1.970,0.838
1789261734,457506917,100.967,robot_2,0.148,1.562
1789261734,457543684,100.967,robot_2_carried_generic_box,0.148,1.562
1789261734,702868651,101.212,robot_1,0.829,-2.132
1789261734,704673385,101.214,robot_0,1.970,0.838
1789261734,704751485,101.214,robot_2,0.148,1.562
1789261734,704790847,101.214,robot_2_carried_generic_box,0.148,1.562
1789261734,944159176,101.453,robot_1,0.829,-2.132
1789261734,944238585,101.453,robot_0,1.970,0.838
1789261734,944277760,101.453,robot_2,0.148,1.562
1789261734,944309794,101.453,robot_2_carried_generic_box,0.148,1.562
1789261735,148559267,101.658,robot_1,0.829,-2.132
1789261735,148626752,101.658,robot_0,1.970,0.838
1789261735,148658191,101.658,robot_2,0.148,1.562
1789261735,148690549,101.658,robot_2_carried_generic_box,0.148,1.562
1789261735,369426014,101.879,robot_1,0.829,-2.131
1789261735,369499090,101.879,robot_0,1.970,0.838
1789261735,369528495,101.879,robot_2,0.148,1.562
1789261735,369556224,101.879,robot_2_carried_generic_box,0.148,1.562
1789261735,591067579,102.100,robot_1,0.829,-2.131
1789261735,591155189,102.100,robot_0,1.970,0.838
1789261735,591189059,102.100,robot_2,0.148,1.562
1789261735,591221781,102.100,robot_2_carried_generic_box,0.148,1.562
1789261735,843829155,102.353,robot_1,0.829,-2.131
1789261735,843905826,102.353,robot_0,1.970,0.838
1789261735,843948749,102.353,robot_2,0.147,1.562
1789261735,843981787,102.353,robot_2_carried_generic_box,0.148,1.562
1789261736,55879318,102.565,robot_1,0.829,-2.131
1789261736,65259498,102.577,robot_0,1.970,0.838
1789261736,68068645,102.577,robot_2,0.147,1.562
1789261736,68133839,102.577,robot_2_carried_generic_box,0.148,1.562
1789261736,275130841,102.784,robot_1,0.829,-2.131
1789261736,275191905,102.784,robot_0,1.970,0.838
1789261736,275222639,102.784,robot_2,0.147,1.562
1789261736,275252951,102.784,robot_2_carried_generic_box,0.147,1.562
1789261736,476160037,102.985,robot_1,0.829,-2.131
1789261736,476236072,102.985,robot_0,1.970,0.838
1789261736,476274384,102.985,robot_2,0.148,1.559
1789261736,476312369,102.985,robot_2_carried_generic_box,0.147,1.562
1789261736,682044728,103.191,robot_1,0.829,-2.131
1789261736,682118103,103.191,robot_0,1.970,0.838
1789261736,682155586,103.191,robot_2,0.152,1.547
1789261736,682191741,103.191,robot_2_carried_generic_box,0.147,1.562
1789261736,940905455,103.450,robot_1,0.829,-2.130
1789261736,940988703,103.450,robot_0,1.970,0.839
1789261736,941028637,103.450,robot_2,0.156,1.535
1789261736,941064353,103.450,robot_2_carried_generic_box,0.150,1.552
1789261737,142005509,103.678,robot_1,0.827,-2.131
1789261737,168821050,103.678,robot_0,1.969,0.838
1789261737,168860095,103.678,robot_2,0.162,1.520
1789261737,168894212,103.678,robot_2_carried_generic_box,0.153,1.545
1789261737,349820161,103.859,robot_1,0.818,-2.137
1789261737,349884123,103.859,robot_0,1.964,0.834
1789261737,349925226,103.859,robot_2,0.167,1.507
1789261737,349958232,103.859,robot_2_carried_generic_box,0.159,1.528
1789261737,555618018,104.065,robot_1,0.809,-2.142
1789261737,555688990,104.065,robot_0,1.963,0.834
1789261737,555720755,104.065,robot_2,0.172,1.495
1789261737,555752668,104.082,robot_2_carried_generic_box,0.165,1.512
1789261737,763251560,104.272,robot_1,0.803,-2.145
1789261737,763324755,104.272,robot_0,1.963,0.834
1789261737,763355013,104.272,robot_2,0.176,1.485
1789261737,763383249,104.273,robot_2_carried_generic_box,0.167,1.508
1789261737,968628881,104.478,robot_1,0.801,-2.146
1789261737,968688734,104.478,robot_0,1.962,0.833
1789261737,968718872,104.478,robot_2,0.180,1.475
1789261737,968752291,104.478,robot_2_carried_generic_box,0.175,1.487
1789261738,201218176,104.710,robot_1,0.805,-2.143
1789261738,201287237,104.710,robot_0,1.953,0.825
1789261738,201320722,104.710,robot_2,0.180,1.477
1789261738,201352033,104.710,robot_2_carried_generic_box,0.180,1.476
1789261738,430653303,104.940,robot_1,0.803,-2.145
1789261738,430718873,104.940,robot_0,1.943,0.815
1789261738,430749725,104.940,robot_2,0.178,1.482
1789261738,430784256,104.940,robot_2_carried_generic_box,0.180,1.475
1789261738,672132127,105.181,robot_1,0.791,-2.153
1789261738,672207032,105.181,robot_0,1.931,0.802
1789261738,672243701,105.181,robot_2,0.179,1.479
1789261738,672276770,105.181,robot_2_carried_generic_box,0.179,1.479
1789261738,894121347,105.403,robot_1,0.782,-2.159
1789261738,894192367,105.403,robot_0,1.930,0.801
1789261738,894223158,105.403,robot_2,0.182,1.472
1789261738,894255095,105.403,robot_2_carried_generic_box,0.177,1.483
1789261739,101509575,105.611,robot_1,0.773,-2.165
1789261739,101582537,105.611,robot_0,1.933,0.804
1789261739,101621113,105.611,robot_2,0.182,1.472
1789261739,101657979,105.611,robot_2_carried_generic_box,0.179,1.479
1789261739,332997383,105.842,robot_1,0.765,-2.170
1789261739,333074879,105.842,robot_0,1.939,0.811
1789261739,333114167,105.842,robot_2,0.182,1.472
1789261739,333149748,105.842,robot_2_carried_generic_box,0.181,1.474
1789261739,555683964,106.065,robot_1,0.760,-2.173
1789261739,555745653,106.065,robot_0,1.942,0.814
1789261739,555775761,106.065,robot_2,0.179,1.479
1789261739,555807015,106.065,robot_2_carried_generic_box,0.182,1.472
1789261739,757696838,106.267,robot_1,0.764,-2.172
1789261739,757764291,106.267,robot_0,1.940,0.812
1789261739,757797592,106.267,robot_2,0.178,1.482
1789261739,757827373,106.267,robot_2_carried_generic_box,0.180,1.476
1789261739,981852301,106.491,robot_1,0.773,-2.168
1789261739,981928528,106.491,robot_0,1.934,0.806
1789261739,981967978,106.491,robot_2,0.180,1.478
1789261739,982005408,106.491,robot_2_carried_generic_box,0.178,1.481
1789261740,216779791,106.726,robot_1,0.786,-2.162
1789261740,216843383,106.726,robot_0,1.925,0.797
1789261740,216874774,106.726,robot_2,0.184,1.465
1789261740,216905990,106.726,robot_2_carried_generic_box,0.180,1.478
1789261740,465565425,106.975,robot_1,0.788,-2.161
1789261740,465635216,106.975,robot_0,1.925,0.796
1789261740,465670200,106.975,robot_2,0.187,1.458
1789261740,465709447,106.975,robot_2_carried_generic_box,0.183,1.469
1789261740,691536594,107.201,robot_1,0.788,-2.161
1789261740,691612302,107.201,robot_0,1.925,0.796
1789261740,691650952,107.201,robot_2,0.193,1.442
1789261740,691688107,107.201,robot_2_carried_generic_box,0.184,1.465
1789261740,910612854,107.420,robot_1,0.788,-2.161
1789261740,910678040,107.420,robot_0,1.924,0.796
1789261740,910710222,107.420,robot_2,0.200,1.424
1789261740,910744091,107.420,robot_2_carried_generic_box,0.188,1.456
1789261741,140758290,107.650,robot_1,0.788,-2.160
1789261741,140822022,107.650,robot_0,1.924,0.796
1789261741,140853162,107.650,robot_2,0.205,1.413
1789261741,140883206,107.650,robot_2_carried_generic_box,0.199,1.429
1789261741,343284927,107.852,robot_1,0.788,-2.160
1789261741,343353223,107.852,robot_0,1.924,0.796
1789261741,343386314,107.853,robot_2,0.208,1.404
1789261741,343416869,107.853,robot_2_carried_generic_box,0.203,1.419
1789261741,544785848,108.054,robot_1,0.788,-2.160
1789261741,544842377,108.054,robot_0,1.924,0.796
1789261741,544876901,108.054,robot_2,0.213,1.393
1789261741,544909027,108.054,robot_2_carried_generic_box,0.205,1.413
1789261741,767778997,108.277,robot_1,0.788,-2.160
1789261741,767856942,108.277,robot_0,1.924,0.796
1789261741,767887631,108.277,robot_2,0.215,1.387
1789261741,767940194,108.277,robot_2_carried_generic_box,0.211,1.398
1789261741,966220475,108.475,robot_1,0.788,-2.160
1789261741,966292803,108.475,robot_0,1.924,0.796
1789261741,966325360,108.475,robot_2,0.216,1.386
1789261741,966353502,108.475,robot_2_carried_generic_box,0.214,1.390
1789261742,198436292,108.708,robot_1,0.788,-2.160
1789261742,198497399,108.708,robot_0,1.924,0.796
1789261742,198533177,108.708,robot_2,0.216,1.386
1789261742,198568259,108.708,robot_2_carried_generic_box,0.216,1.386
1789261742,425853777,108.935,robot_1,0.788,-2.160
1789261742,425926345,108.935,robot_0,1.924,0.796
1789261742,425963614,108.935,robot_2,0.216,1.386
1789261742,425998624,108.935,robot_2_carried_generic_box,0.216,1.386
1789261742,652361637,109.161,robot_1,0.788,-2.160
1789261742,652435214,109.162,robot_0,1.924,0.796
1789261742,652470198,109.162,robot_2,0.215,1.386
1789261742,652501699,109.162,robot_2_carried_generic_box,0.216,1.386
1789261742,900154420,109.409,robot_1,0.788,-2.160
1789261742,900238987,109.409,robot_0,1.923,0.796
1789261742,900275450,109.409,robot_2,0.215,1.386
1789261742,900306034,109.409,robot_2_carried_generic_box,0.215,1.386
1789261743,103231465,109.612,robot_1,0.788,-2.160
1789261743,103297659,109.612,robot_0,1.923,0.796
1789261743,103329645,109.612,robot_2,0.215,1.386
1789261743,103364306,109.612,robot_2_carried_generic_box,0.215,1.386
1789261743,322194252,109.831,robot_1,0.788,-2.160
1789261743,322265753,109.831,robot_0,1.923,0.796
1789261743,322303787,109.831,robot_2,0.215,1.386
1789261743,322338580,109.831,robot_2_carried_generic_box,0.215,1.386
1789261743,545411201,110.055,robot_1,0.787,-2.160
1789261743,545514012,110.055,robot_0,1.923,0.796
1789261743,545556263,110.055,robot_2,0.215,1.386
1789261743,545598780,110.055,robot_2_carried_generic_box,0.215,1.386
1789261743,748718098,110.258,robot_1,0.787,-2.160
1789261743,765254420,110.274,robot_0,1.923,0.796
1789261743,765348229,110.274,robot_2,0.215,1.386
1789261743,765394665,110.275,robot_2_carried_generic_box,0.215,1.386
1789261743,985917033,110.509,robot_1,0.787,-2.159
1789261744,654312,110.510,robot_0,1.923,0.800
1789261744,725282,110.510,robot_2,0.215,1.385
1789261744,763007,110.510,robot_2_carried_generic_box,0.215,1.386
1789261744,198318432,110.707,robot_1,0.787,-2.160
1789261744,198388973,110.708,robot_0,1.922,0.807
1789261744,198419586,110.708,robot_2,0.215,1.385
1789261744,198450293,110.708,robot_2_carried_generic_box,0.215,1.385
1789261744,424295726,110.933,robot_1,0.784,-2.167
1789261744,424364151,110.933,robot_0,1.921,0.813
1789261744,424401254,110.934,robot_2,0.215,1.385
1789261744,424438699,110.934,robot_2_carried_generic_box,0.215,1.385
1789261744,666013820,111.175,robot_1,0.782,-2.174
1789261744,666091615,111.175,robot_0,1.920,0.825
1789261744,666122564,111.175,robot_2,0.215,1.385
1789261744,666153799,111.175,robot_2_carried_generic_box,0.215,1.385
1789261744,895957855,111.405,robot_1,0.782,-2.174
1789261744,896031592,111.405,robot_0,1.919,0.827
1789261744,896064794,111.405,robot_2,0.215,1.385
1789261744,896098555,111.405,robot_2_carried_generic_box,0.215,1.385
1789261745,126138831,111.635,robot_1,0.782,-2.172
1789261745,126209756,111.635,robot_0,1.919,0.827
1789261745,126245565,111.635,robot_2,0.215,1.385
1789261745,126282641,111.635,robot_2_carried_generic_box,0.215,1.385
1789261745,367197539,111.876,robot_1,0.784,-2.166
1789261745,367257235,111.876,robot_0,1.919,0.827
1789261745,367287301,111.876,robot_2,0.214,1.385
1789261745,367316463,111.876,robot_2_carried_generic_box,0.215,1.385
1789261745,570978222,112.080,robot_1,0.784,-2.166
1789261745,571039702,112.080,robot_0,1.921,0.820
1789261745,571073676,112.080,robot_2,0.205,1.389
1789261745,571110471,112.080,robot_2_carried_generic_box,0.215,1.385
1789261745,813160227,112.322,robot_1,0.784,-2.166
1789261745,813232384,112.322,robot_0,1.923,0.809
1789261745,813266883,112.322,robot_2,0.194,1.393
1789261745,813299041,112.323,robot_2_carried_generic_box,0.212,1.386
1789261746,18369904,112.528,robot_1,0.784,-2.166
1789261746,18430781,112.528,robot_0,1.925,0.802
1789261746,18464456,112.528,robot_2,0.184,1.396
1789261746,18499285,112.528,robot_2_carried_generic_box,0.202,1.390
1789261746,235312268,112.744,robot_1,0.785,-2.161
1789261746,235381719,112.745,robot_0,1.928,0.785
1789261746,235417026,112.745,robot_2,0.182,1.397
1789261746,235449853,112.745,robot_2_carried_generic_box,0.184,1.396
1789261746,485954687,112.995,robot_1,0.789,-2.147
1789261746,486016167,112.995,robot_0,1.929,0.781
1789261746,486044174,112.995,robot_2,0.182,1.397
1789261746,486073405,112.995,robot_2_carried_generic_box,0.182,1.397
1789261746,720159764,113.229,robot_1,0.792,-2.134
1789261746,720229314,113.229,robot_0,1.929,0.781
1789261746,720255025,113.229,robot_2,0.182,1.397
1789261746,720286727,113.229,robot_2_carried_generic_box,0.182,1.397
1789261746,938705456,113.448,robot_1,0.795,-2.124
1789261746,938789381,113.448,robot_0,1.929,0.781
1789261746,938826705,113.448,robot_2,0.182,1.397
1789261746,938862914,113.448,robot_2_carried_generic_box,0.182,1.397
1789261747,161376381,113.671,robot_1,0.798,-2.111
1789261747,161460497,113.671,robot_0,1.930,0.781
1789261747,161494170,113.671,robot_2,0.182,1.397
1789261747,161526779,113.671,robot_2_carried_generic_box,0.182,1.397
1789261747,362480194,113.872,robot_1,0.799,-2.107
1789261747,362543698,113.872,robot_0,1.930,0.781
1789261747,362576733,113.872,robot_2,0.182,1.397
1789261747,362605474,113.872,robot_2_carried_generic_box,0.182,1.397
1789261747,575280549,114.084,robot_1,0.799,-2.107
1789261747,575342012,114.084,robot_0,1.930,0.781
1789261747,575372833,114.084,robot_2,0.182,1.397
1789261747,575400649,114.085,robot_2_carried_generic_box,0.182,1.397
1789261747,802502430,114.312,robot_1,0.799,-2.107
1789261747,802585758,114.312,robot_0,1.930,0.781
1789261747,802619214,114.312,robot_2,0.182,1.397
1789261747,802652328,114.312,robot_2_carried_generic_box,0.182,1.397
1789261748,10494926,114.520,robot_1,0.799,-2.107
1789261748,10563116,114.520,robot_0,1.930,0.781
1789261748,10597091,114.520,robot_2,0.182,1.397
1789261748,10632755,114.520,robot_2_carried_generic_box,0.182,1.397
1789261748,217854972,114.727,robot_1,0.799,-2.107
1789261748,217928608,114.727,robot_0,1.930,0.781
1789261748,217963869,114.727,robot_2,0.182,1.398
1789261748,217995796,114.727,robot_2_carried_generic_box,0.182,1.397
1789261748,427309576,114.936,robot_1,0.799,-2.107
1789261748,427386408,114.937,robot_0,1.929,0.781
1789261748,427423191,114.937,robot_2,0.182,1.398
1789261748,427460131,114.937,robot_2_carried_generic_box,0.182,1.397
1789261748,656752232,115.166,robot_1,0.799,-2.107
1789261748,656831370,115.166,robot_0,1.929,0.781
1789261748,656866260,115.166,robot_2,0.182,1.398
1789261748,656900240,115.166,robot_2_carried_generic_box,0.182,1.398
1789261748,903778950,115.413,robot_1,0.799,-2.107
1789261748,903856332,115.413,robot_0,1.929,0.781
1789261748,903891081,115.413,robot_2,0.182,1.398
1789261748,903930813,115.413,robot_2_carried_generic_box,0.182,1.398
1789261749,138281919,115.647,robot_1,0.799,-2.108
1789261749,138359071,115.647,robot_0,1.929,0.781
1789261749,153983450,115.663,robot_2,0.182,1.398
1789261749,154092271,115.663,robot_2_carried_generic_box,0.182,1.398
1789261749,341120824,115.850,robot_1,0.800,-2.108
1789261749,341187435,115.850,robot_0,1.929,0.781
1789261749,341214702,115.850,robot_2,0.182,1.398
1789261749,341250265,115.850,robot_2_carried_generic_box,0.182,1.398
1789261749,549652922,116.059,robot_1,0.798,-2.109
1789261749,549726091,116.059,robot_0,1.929,0.781
1789261749,549764245,116.059,robot_2,0.182,1.398
1789261749,549810936,116.059,robot_2_carried_generic_box,0.182,1.398
1789261749,758485497,116.268,robot_1,0.791,-2.117
1789261749,758555754,116.268,robot_0,1.929,0.781
1789261749,758587335,116.268,robot_2,0.182,1.398
1789261749,758616705,116.268,robot_2_carried_generic_box,0.182,1.398
1789261749,991829172,116.501,robot_1,0.784,-2.126
1789261749,991906746,116.507,robot_0,1.929,0.781
1789261749,998335558,116.507,robot_2,0.182,1.398
1789261749,998394668,116.508,robot_2_carried_generic_box,0.182,1.398
1789261750,260666558,116.770,robot_1,0.785,-2.125
1789261750,260738179,116.770,robot_0,1.929,0.781
1789261750,260777855,116.770,robot_2,0.182,1.398
1789261750,260816128,116.770,robot_2_carried_generic_box,0.182,1.398
1789261750,522743978,117.032,robot_1,0.788,-2.122
1789261750,522819089,117.032,robot_0,1.929,0.780
1789261750,522850781,117.032,robot_2,0.182,1.398
1789261750,522883840,117.032,robot_2_carried_generic_box,0.182,1.398
1789261750,752310391,117.261,robot_1,0.788,-2.122
1789261750,752377084,117.262,robot_0,1.935,0.773
1789261750,752411107,117.262,robot_2,0.182,1.398
1789261750,752444494,117.262,robot_2_carried_generic_box,0.182,1.398
1789261750,961317408,117.470,robot_1,0.788,-2.122
1789261750,961401031,117.471,robot_0,1.944,0.765
1789261750,961442502,117.471,robot_2,0.182,1.398
1789261750,961482548,117.471,robot_2_carried_generic_box,0.182,1.398
1789261751,197600022,117.707,robot_1,0.788,-2.122
1789261751,197675540,117.707,robot_0,1.958,0.752
1789261751,197707411,117.707,robot_2,0.182,1.398
1789261751,197742002,117.707,robot_2_carried_generic_box,0.182,1.398
1789261751,415902553,117.954,robot_1,0.788,-2.122
1789261751,444586865,117.954,robot_0,1.971,0.740
1789261751,444649743,117.954,robot_2,0.182,1.398
1789261751,444690393,117.954,robot_2_carried_generic_box,0.182,1.398
1789261751,716691973,118.226,robot_1,0.788,-2.122
1789261751,716753192,118.226,robot_0,1.989,0.724
1789261751,716783185,118.226,robot_2,0.182,1.398
1789261751,716814432,118.226,robot_2_carried_generic_box,0.182,1.398
1789261751,946387614,118.456,robot_1,0.788,-2.122
1789261751,946469520,118.456,robot_0,2.001,0.714
1789261751,946501366,118.456,robot_2,0.182,1.397
1789261751,946533472,118.456,robot_2_carried_generic_box,0.182,1.398
1789261752,143518488,118.653,robot_1,0.788,-2.122
1789261752,143582916,118.653,robot_0,2.005,0.709
1789261752,143614428,118.653,robot_2,0.182,1.397
1789261752,143643673,118.653,robot_2_carried_generic_box,0.182,1.398
1789261752,367649628,118.877,robot_1,0.788,-2.122
1789261752,367710031,118.877,robot_0,2.005,0.709
1789261752,367740115,118.877,robot_2,0.181,1.398
1789261752,367768340,118.877,robot_2_carried_generic_box,0.182,1.397
1789261752,589178313,119.098,robot_1,0.788,-2.122
1789261752,589243307,119.098,robot_0,2.008,0.707
1789261752,589280377,119.098,robot_2,0.171,1.401
1789261752,589318423,119.098,robot_2_carried_generic_box,0.182,1.397
1789261752,808909708,119.318,robot_1,0.788,-2.122
1789261752,810206765,119.319,robot_0,2.012,0.704
1789261752,810274915,119.319,robot_2,0.157,1.405
1789261752,810306336,119.319,robot_2_carried_generic_box,0.178,1.399
1789261753,40404571,119.550,robot_1,0.788,-2.122
1789261753,40481600,119.550,robot_0,2.012,0.704
1789261753,40517381,119.550,robot_2,0.145,1.408
1789261753,40548447,119.550,robot_2_carried_generic_box,0.161,1.404
1789261753,273426409,119.783,robot_1,0.788,-2.122
1789261753,273481947,119.783,robot_0,2.012,0.704
1789261753,273513129,119.783,robot_2,0.137,1.410
1789261753,273541170,119.783,robot_2_carried_generic_box,0.151,1.406
1789261753,486021782,119.995,robot_1,0.788,-2.122
1789261753,486100511,119.995,robot_0,2.012,0.704
1789261753,486134602,119.995,robot_2,0.136,1.410
1789261753,486166794,119.995,robot_2_carried_generic_box,0.137,1.410
1789261753,693961468,120.203,robot_1,0.788,-2.122
1789261753,694027230,120.203,robot_0,2.012,0.704
1789261753,694061007,120.203,robot_2,0.136,1.410
1789261753,694096016,120.203,robot_2_carried_generic_box,0.136,1.410
1789261753,939677012,120.449,robot_1,0.787,-2.122
1789261753,939740193,120.449,robot_0,2.012,0.703
1789261753,939770266,120.449,robot_2,0.136,1.410
1789261753,939801466,120.449,robot_2_carried_generic_box,0.136,1.410
1789261754,150400977,120.660,robot_1,0.787,-2.122
1789261754,150471309,120.660,robot_0,2.012,0.703
1789261754,150502912,120.660,robot_2,0.143,1.409
1789261754,150533848,120.660,robot_2_carried_generic_box,0.136,1.410
1789261754,396108573,120.905,robot_1,0.787,-2.122
1789261754,396179801,120.905,robot_0,2.012,0.703
1789261754,396212031,120.905,robot_2,0.151,1.407
1789261754,396242334,120.905,robot_2_carried_generic_box,0.138,1.410
1789261754,622217317,121.131,robot_1,0.787,-2.122
1789261754,622329671,121.131,robot_0,2.012,0.703
1789261754,622363611,121.131,robot_2,0.152,1.407
1789261754,622393555,121.132,robot_2_carried_generic_box,0.150,1.407
1789261754,855782185,121.365,robot_1,0.787,-2.122
1789261754,855842466,121.365,robot_0,2.012,0.703
1789261754,855877469,121.365,robot_2,0.152,1.407
1789261754,855908424,121.365,robot_2_carried_generic_box,0.152,1.407
1789261755,64123617,121.573,robot_1,0.787,-2.124
1789261755,64206108,121.573,robot_0,2.012,0.703
1789261755,64246249,121.573,robot_2,0.152,1.407
1789261755,64280541,121.573,robot_2_carried_generic_box,0.152,1.407
1789261755,267312092,121.776,robot_1,0.786,-2.131
1789261755,267376630,121.777,robot_0,2.012,0.703
1789261755,267407684,121.777,robot_2,0.152,1.407
1789261755,267434444,121.777,robot_2_carried_generic_box,0.152,1.407
1789261755,518894722,122.028,robot_1,0.786,-2.133
1789261755,521351584,122.031,robot_0,2.012,0.702
1789261755,521436498,122.031,robot_2,0.152,1.407
1789261755,521472586,122.031,robot_2_carried_generic_box,0.152,1.407
1789261755,757964094,122.267,robot_1,0.786,-2.123
1789261755,758030384,122.267,robot_0,2.012,0.702
1789261755,758057651,122.267,robot_2,0.152,1.407
1789261755,758087675,122.267,robot_2_carried_generic_box,0.152,1.407
1789261755,973276221,122.482,robot_1,0.787,-2.117
1789261755,973340219,122.482,robot_0,2.012,0.702
1789261755,973368354,122.482,robot_2,0.152,1.406
1789261755,973398117,122.483,robot_2_carried_generic_box,0.152,1.407
1789261756,222558697,122.740,robot_1,0.787,-2.100
1789261756,230818284,122.740,robot_0,2.012,0.702
1789261756,230859622,122.740,robot_2,0.152,1.406
1789261756,230888546,122.740,robot_2_carried_generic_box,0.152,1.407
1789261756,432489785,122.942,robot_1,0.788,-2.096
1789261756,432556128,122.942,robot_0,2.012,0.702
1789261756,432594631,122.942,robot_2,0.152,1.406
1789261756,432629826,122.942,robot_2_carried_generic_box,0.152,1.406
1789261756,646121683,123.155,robot_1,0.788,-2.098
1789261756,646199575,123.155,robot_0,2.012,0.702
1789261756,646231553,123.155,robot_2,0.152,1.406
1789261756,646261269,123.155,robot_2_carried_generic_box,0.152,1.406
1789261756,844996368,123.354,robot_1,0.788,-2.098
1789261756,848425054,123.358,robot_0,2.011,0.702
1789261756,848497293,123.358,robot_2,0.152,1.406
1789261756,848531096,123.358,robot_2_carried_generic_box,0.152,1.406
1789261757,69773969,123.579,robot_1,0.788,-2.098
1789261757,69833813,123.579,robot_0,2.002,0.700
1789261757,69864739,123.579,robot_2,0.152,1.406
1789261757,69897410,123.579,robot_2_carried_generic_box,0.152,1.406
1789261757,329139042,123.838,robot_1,0.788,-2.098
1789261757,329205241,123.838,robot_0,1.994,0.698
1789261757,329237316,123.838,robot_2,0.152,1.406
1789261757,329268916,123.838,robot_2_carried_generic_box,0.152,1.406
1789261757,544694690,124.054,robot_1,0.787,-2.098
1789261757,544756651,124.054,robot_0,1.994,0.698
1789261757,544784476,124.054,robot_2,0.152,1.406
1789261757,544813488,124.054,robot_2_carried_generic_box,0.152,1.406
1789261757,785229356,124.294,robot_1,0.787,-2.098
1789261757,785294631,124.294,robot_0,1.988,0.696
1789261757,785330456,124.294,robot_2,0.152,1.406
1789261757,785363272,124.294,robot_2_carried_generic_box,0.152,1.406
1789261758,17360284,124.526,robot_1,0.787,-2.098
1789261758,17427606,124.527,robot_0,1.977,0.692
1789261758,17455214,124.527,robot_2,0.152,1.406
1789261758,17490006,124.527,robot_2_carried_generic_box,0.152,1.406
1789261758,240814771,124.750,robot_1,0.787,-2.098
1789261758,240879264,124.750,robot_0,1.963,0.688
1789261758,240913095,124.766,robot_2,0.153,1.406
1789261758,257293446,124.766,robot_2_carried_generic_box,0.152,1.406
1789261758,510053723,125.019,robot_1,0.787,-2.098
1789261758,510114547,125.019,robot_0,1.950,0.684
1789261758,510144807,125.019,robot_2,0.163,1.413
1789261758,510176513,125.019,robot_2_carried_generic_box,0.152,1.406
1789261758,729898543,125.239,robot_1,0.787,-2.098
1789261758,729971758,125.239,robot_0,1.943,0.682
1789261758,734947436,125.244,robot_2,0.173,1.420
1789261758,735054228,125.244,robot_2_carried_generic_box,0.163,1.413
1789261758,930380945,125.440,robot_1,0.787,-2.098
1789261758,930442272,125.440,robot_0,1.943,0.682
1789261758,930472917,125.440,robot_2,0.181,1.426
1789261758,930502154,125.440,robot_2_carried_generic_box,0.170,1.418
1789261759,166694021,125.676,robot_1,0.787,-2.098
1789261759,166761312,125.676,robot_0,1.943,0.682
1789261759,166799659,125.676,robot_2,0.186,1.430
1789261759,166838095,125.676,robot_2_carried_generic_box,0.173,1.420
1789261759,397515158,125.907,robot_1,0.787,-2.098
1789261759,397583124,125.907,robot_0,1.943,0.681
1789261759,397620989,125.907,robot_2,0.190,1.434
1789261759,397654867,125.907,robot_2_carried_generic_box,0.183,1.428
1789261759,599995763,126.109,robot_1,0.786,-2.098
1789261759,600058342,126.109,robot_0,1.943,0.681
1789261759,600090818,126.109,robot_2,0.201,1.442
1789261759,600123650,126.109,robot_2_carried_generic_box,0.188,1.432
1789261759,812537929,126.322,robot_1,0.786,-2.098
1789261759,812615301,126.322,robot_0,1.943,0.681
1789261759,812654181,126.322,robot_2,0.213,1.451
1789261759,812692630,126.322,robot_2_carried_generic_box,0.191,1.435
1789261760,39058698,126.548,robot_1,0.786,-2.099
1789261760,39124952,126.548,robot_0,1.943,0.681
1789261760,39156178,126.548,robot_2,0.233,1.465
1789261760,39188215,126.548,robot_2_carried_generic_box,0.199,1.440
1789261760,254675883,126.764,robot_1,0.786,-2.099
1789261760,254741912,126.764,robot_0,1.944,0.681
1789261760,254778336,126.764,robot_2,0.244,1.473
1789261760,254814318,126.764,robot_2_carried_generic_box,0.225,1.459
1789261760,494672273,127.004,robot_1,0.786,-2.099
1789261760,494742331,127.004,robot_0,1.944,0.681
1789261760,494774582,127.004,robot_2,0.247,1.474
1789261760,494807392,127.004,robot_2_carried_generic_box,0.241,1.470
1789261760,718340844,127.227,robot_1,0.786,-2.099
1789261760,718403746,127.228,robot_0,1.944,0.681
1789261760,718436756,127.228,robot_2,0.247,1.475
1789261760,718467132,127.228,robot_2_carried_generic_box,0.246,1.474
1789261760,973106268,127.482,robot_1,0.785,-2.099
1789261760,973178441,127.482,robot_0,1.947,0.684
1789261760,973207943,127.482,robot_2,0.257,1.481
1789261760,973240317,127.482,robot_2_carried_generic_box,0.247,1.474
1789261761,216574186,127.726,robot_1,0.779,-2.094
1789261761,216643503,127.726,robot_0,1.952,0.689
1789261761,216680620,127.726,robot_2,0.263,1.485
1789261761,216716614,127.726,robot_2_carried_generic_box,0.251,1.477
1789261761,427949024,127.937,robot_1,0.774,-2.089
1789261761,428012662,127.937,robot_0,1.952,0.689
1789261761,428040673,127.937,robot_2,0.265,1.485
1789261761,428074105,127.937,robot_2_carried_generic_box,0.262,1.484
1789261761,675500324,128.185,robot_1,0.774,-2.089
1789261761,675560854,128.185,robot_0,1.952,0.689
1789261761,675593223,128.185,robot_2,0.273,1.490
1789261761,686786450,128.199,robot_2_carried_generic_box,0.264,1.485
1789261761,904983180,128.414,robot_1,0.775,-2.090
1789261761,905054346,128.414,robot_0,1.952,0.689
1789261761,905083453,128.414,robot_2,0.293,1.502
1789261761,905112954,128.414,robot_2_carried_generic_box,0.267,1.486
1789261762,125051434,128.634,robot_1,0.782,-2.096
1789261762,133993379,128.643,robot_0,1.953,0.689
1789261762,134069781,128.643,robot_2,0.311,1.512
1789261762,134104714,128.643,robot_2_carried_generic_box,0.288,1.499
1789261762,361859015,128.871,robot_1,0.781,-2.095
1789261762,361951160,128.871,robot_0,1.953,0.688
1789261762,361983254,128.871,robot_2,0.323,1.518
1789261762,362011363,128.871,robot_2_carried_generic_box,0.293,1.502
1789261762,590935309,129.100,robot_1,0.776,-2.091
1789261762,591005531,129.100,robot_0,1.953,0.688
1789261762,591044030,129.100,robot_2,0.323,1.519
1789261762,591082323,129.100,robot_2_carried_generic_box,0.320,1.517
1789261762,805839876,129.315,robot_1,0.776,-2.091
1789261762,805919051,129.319,robot_0,1.953,0.688
1789261762,809501741,129.319,robot_2,0.328,1.521
1789261762,809548391,129.319,robot_2_carried_generic_box,0.323,1.519
1789261763,55974596,129.565,robot_1,0.776,-2.091
1789261763,56045567,129.565,robot_0,1.953,0.688
1789261763,56077680,129.565,robot_2,0.338,1.527
1789261763,56109446,129.565,robot_2_carried_generic_box,0.323,1.519
1789261763,270329083,129.779,robot_1,0.776,-2.091
1789261763,270400859,129.780,robot_0,1.953,0.688
1789261763,270439077,129.780,robot_2,0.356,1.537
1789261763,270477932,129.780,robot_2_carried_generic_box,0.338,1.527
1789261763,478574520,129.988,robot_1,0.776,-2.091
1789261763,478638847,129.988,robot_0,1.953,0.688
1789261763,478682206,129.988,robot_2,0.364,1.542
1789261763,478711652,129.988,robot_2_carried_generic_box,0.345,1.531
1789261763,709443440,130.219,robot_1,0.776,-2.091
1789261763,709517008,130.219,robot_0,1.954,0.688
1789261763,709554555,130.219,robot_2,0.368,1.544
1789261763,709587478,130.219,robot_2_carried_generic_box,0.360,1.539
1789261763,960271731,130.469,robot_1,0.776,-2.091
1789261763,960330606,130.469,robot_0,1.954,0.688
1789261763,960361841,130.469,robot_2,0.368,1.544
1789261763,960389937,130.470,robot_2_carried_generic_box,0.368,1.544
1789261764,180910734,130.709,robot_1,0.776,-2.091
1789261764,199515487,130.709,robot_0,1.954,0.688
1789261764,199785077,130.709,robot_2,0.368,1.544
1789261764,199822074,130.709,robot_2_carried_generic_box,0.368,1.544
1789261764,403062291,130.912,robot_1,0.776,-2.091
1789261764,403233847,130.912,robot_0,1.954,0.688
1789261764,403276997,130.912,robot_2,0.368,1.544
1789261764,403315027,130.912,robot_2_carried_generic_box,0.368,1.544
1789261764,615491654,131.125,robot_1,0.776,-2.091
1789261764,615553157,131.125,robot_0,1.954,0.688
1789261764,615580423,131.125,robot_2,0.368,1.544
1789261764,615606537,131.125,robot_2_carried_generic_box,0.368,1.544
1789261764,843610552,131.390,robot_1,0.776,-2.091
1789261764,880708666,131.390,robot_0,1.954,0.688
1789261764,880769493,131.390,robot_2,0.368,1.544
1789261764,880807841,131.390,robot_2_carried_generic_box,0.368,1.544
1789261765,56796145,131.566,robot_1,0.776,-2.091
1789261765,56869337,131.566,robot_0,1.954,0.689
1789261765,56908077,131.579,robot_2,0.368,1.544
1789261765,69893637,131.579,robot_2_carried_generic_box,0.368,1.544
1789261765,277432587,131.787,robot_1,0.776,-2.092
1789261765,277498324,131.787,robot_0,1.952,0.696
1789261765,277532223,131.787,robot_2,0.368,1.544
1789261765,277560765,131.787,robot_2_carried_generic_box,0.368,1.544
1789261765,484832717,131.994,robot_1,0.776,-2.092
1789261765,484898198,131.994,robot_0,1.950,0.705
1789261765,517582306,132.027,robot_2,0.368,1.544
1789261765,517665346,132.027,robot_2_carried_generic_box,0.368,1.544
1789261765,703304339,132.212,robot_1,0.776,-2.092
1789261765,703374020,132.213,robot_0,1.948,0.711
1789261765,703411799,132.213,robot_2,0.368,1.544
1789261765,703447446,132.213,robot_2_carried_generic_box,0.368,1.544
1789261765,908580685,132.418,robot_1,0.776,-2.092
1789261765,908645410,132.418,robot_0,1.942,0.726
1789261765,908681671,132.418,robot_2,0.369,1.544
1789261765,908711209,132.418,robot_2_carried_generic_box,0.368,1.544
1789261766,187810433,132.697,robot_1,0.776,-2.092
1789261766,187890190,132.697,robot_0,1.938,0.738
1789261766,187936320,132.697,robot_2,0.369,1.543
1789261766,187972529,132.697,robot_2_carried_generic_box,0.368,1.544
1789261766,404313965,132.913,robot_1,0.776,-2.092
1789261766,404381144,132.914,robot_0,1.931,0.756
1789261766,404414189,132.914,robot_2,0.369,1.543
1789261766,404444316,132.914,robot_2_carried_generic_box,0.369,1.543
1789261766,608496695,133.118,robot_1,0.776,-2.092
1789261766,608573790,133.118,robot_0,1.928,0.762
1789261766,608606738,133.118,robot_2,0.369,1.543
1789261766,608635868,133.118,robot_2_carried_generic_box,0.369,1.543
1789261766,854350287,133.363,robot_1,0.776,-2.093
1789261766,854407529,133.364,robot_0,1.927,0.765
1789261766,854434698,133.364,robot_2,0.369,1.543
1789261766,854461077,133.364,robot_2_carried_generic_box,0.369,1.543
1789261767,71050335,133.580,robot_1,0.776,-2.093
1789261767,71116678,133.580,robot_0,1.926,0.768
1789261767,71148408,133.580,robot_2,0.369,1.543
1789261767,71175598,133.580,robot_2_carried_generic_box,0.369,1.543
1789261767,344459728,133.854,robot_1,0.776,-2.093
1789261767,344529107,133.854,robot_0,1.924,0.772
1789261767,344566471,133.854,robot_2,0.370,1.545
1789261767,344599327,133.854,robot_2_carried_generic_box,0.369,1.543
1789261767,570372456,134.080,robot_1,0.794,-2.089
1789261767,570457142,134.080,robot_0,1.930,0.757
1789261767,570494835,134.080,robot_2,0.372,1.555
1789261767,570529966,134.080,robot_2_carried_generic_box,0.369,1.544
1789261767,777452832,134.287,robot_1,0.810,-2.086
1789261767,777521648,134.287,robot_0,1.934,0.748
1789261767,777557529,134.287,robot_2,0.371,1.550
1789261767,777586369,134.287,robot_2_carried_generic_box,0.372,1.554
1789261768,9572751,134.519,robot_1,0.818,-2.084
1789261768,9638459,134.519,robot_0,1.935,0.745
1789261768,9668133,134.519,robot_2,0.370,1.539
1789261768,9694338,134.519,robot_2_carried_generic_box,0.372,1.554
1789261768,219858970,134.729,robot_1,0.818,-2.084
1789261768,250335310,134.760,robot_0,1.933,0.751
1789261768,250545385,134.760,robot_2,0.369,1.533
1789261768,250585760,134.760,robot_2_carried_generic_box,0.371,1.547
1789261768,442958649,134.952,robot_1,0.810,-2.086
1789261768,443026719,134.952,robot_0,1.932,0.754
1789261768,443057817,134.952,robot_2,0.370,1.535
1789261768,443085961,134.952,robot_2_carried_generic_box,0.370,1.539
1789261768,696343760,135.206,robot_1,0.797,-2.089
1789261768,696446098,135.206,robot_0,1.935,0.745
1789261768,696480676,135.206,robot_2,0.369,1.530
1789261768,696509551,135.206,robot_2_carried_generic_box,0.370,1.535
1789261768,895817988,135.405,robot_1,0.796,-2.090
1789261768,895895524,135.405,robot_0,1.939,0.736
1789261768,895933377,135.405,robot_2,0.369,1.521
1789261768,895964427,135.405,robot_2_carried_generic_box,0.370,1.535
1789261769,103477114,135.613,robot_1,0.796,-2.090
1789261769,113996071,135.623,robot_0,1.945,0.724
1789261769,114086102,135.623,robot_2,0.368,1.509
1789261769,114127471,135.623,robot_2_carried_generic_box,0.369,1.523
1789261769,339418315,135.849,robot_1,0.796,-2.090
1789261769,339487441,135.849,robot_0,1.946,0.720
1789261769,339523749,135.849,robot_2,0.368,1.507
1789261769,339554867,135.849,robot_2_carried_generic_box,0.368,1.510
1789261769,554429121,136.064,robot_1,0.796,-2.090
1789261769,554492026,136.064,robot_0,1.946,0.720
1789261769,554524462,136.064,robot_2,0.367,1.501
1789261769,554556373,136.064,robot_2_carried_generic_box,0.368,1.508
1789261769,765833201,136.277,robot_1,0.796,-2.090
1789261769,768270053,136.277,robot_0,1.946,0.720
1789261769,768316631,136.277,robot_2,0.366,1.493
1789261769,768349045,136.277,robot_2_carried_generic_box,0.368,1.508
1789261770,34237754,136.543,robot_1,0.796,-2.090
1789261770,34307423,136.543,robot_0,1.946,0.720
1789261770,34346647,136.543,robot_2,0.365,1.479
1789261770,34379241,136.544,robot_2_carried_generic_box,0.367,1.497
1789261770,254345306,136.763,robot_1,0.796,-2.090
1789261770,254412426,136.764,robot_0,1.946,0.720
1789261770,254444586,136.764,robot_2,0.365,1.472
1789261770,254471359,136.764,robot_2_carried_generic_box,0.366,1.489
1789261770,489961149,136.999,robot_1,0.796,-2.090
1789261770,490027600,136.999,robot_0,1.946,0.720
1789261770,490060560,136.999,robot_2,0.365,1.475
1789261770,490091636,136.999,robot_2_carried_generic_box,0.365,1.477
1789261770,701618339,137.211,robot_1,0.796,-2.090
1789261770,701689043,137.211,robot_0,1.946,0.720
1789261770,701720117,137.211,robot_2,0.366,1.490
1789261770,701749277,137.211,robot_2_carried_generic_box,0.365,1.472
1789261770,906147956,137.415,robot_1,0.796,-2.090
1789261770,906225745,137.415,robot_0,1.945,0.720
1789261770,906264798,137.424,robot_2,0.366,1.501
1789261770,915071246,137.424,robot_2_carried_generic_box,0.366,1.488
1789261771,134342146,137.643,robot_1,0.796,-2.090
1789261771,134416060,137.644,robot_0,1.945,0.720
1789261771,134464819,137.644,robot_2,0.367,1.503
1789261771,134498915,137.644,robot_2_carried_generic_box,0.366,1.490
1789261771,373176205,137.882,robot_1,0.796,-2.090
1789261771,373251309,137.882,robot_0,1.945,0.723
1789261771,373290302,137.882,robot_2,0.367,1.512
1789261771,373319737,137.882,robot_2_carried_generic_box,0.366,1.502
1789261771,612567733,138.122,robot_1,0.796,-2.091
1789261771,612632024,138.122,robot_0,1.946,0.734
1789261771,612662070,138.122,robot_2,0.367,1.518
1789261771,612690145,138.122,robot_2_carried_generic_box,0.367,1.504
1789261771,837062987,138.346,robot_1,0.796,-2.091
1789261771,837129319,138.346,robot_0,1.948,0.748
1789261771,837157288,138.346,robot_2,0.367,1.518
1789261771,837185366,138.346,robot_2_carried_generic_box,0.367,1.516
1789261772,40452068,138.550,robot_1,0.796,-2.091
1789261772,40523444,138.550,robot_0,1.949,0.756
1789261772,40558887,138.550,robot_2,0.367,1.518
1789261772,40593132,138.550,robot_2_carried_generic_box,0.367,1.518
1789261772,309019473,138.818,robot_1,0.796,-2.091
1789261772,309091405,138.818,robot_0,1.950,0.761
1789261772,309128093,138.818,robot_2,0.367,1.518
1789261772,309161656,138.818,robot_2_carried_generic_box,0.367,1.518
1789261772,550646860,139.060,robot_1,0.796,-2.091
1789261772,550740010,139.060,robot_0,1.950,0.761
1789261772,550779905,139.060,robot_2,0.367,1.518
1789261772,550814058,139.060,robot_2_carried_generic_box,0.367,1.518
1789261772,753228388,139.262,robot_1,0.797,-2.091
1789261772,753289522,139.262,robot_0,1.950,0.761
1789261772,753318601,139.262,robot_2,0.367,1.518
1789261772,753346082,139.262,robot_2_carried_generic_box,0.367,1.518
1789261772,978235763,139.487,robot_1,0.797,-2.091
1789261772,984720596,139.494,robot_0,1.950,0.761
1789261772,984821318,139.494,robot_2,0.367,1.518
1789261772,984859575,139.494,robot_2_carried_generic_box,0.367,1.518
1789261773,179407920,139.689,robot_1,0.800,-2.086
1789261773,179478196,139.689,robot_0,1.950,0.761
1789261773,179516065,139.689,robot_2,0.367,1.518
1789261773,179549299,139.689,robot_2_carried_generic_box,0.367,1.518
1789261773,406543795,139.916,robot_1,0.806,-2.076
1789261773,406610001,139.916,robot_0,1.950,0.761
1789261773,406642247,139.916,robot_2,0.367,1.518
1789261773,406674341,139.916,robot_2_carried_generic_box,0.367,1.518
1789261773,649964456,140.159,robot_1,0.810,-2.070
1789261773,650030527,140.159,robot_0,1.950,0.761
1789261773,650063732,140.159,robot_2,0.368,1.518
1789261773,650092556,140.159,robot_2_carried_generic_box,0.367,1.518
1789261773,862632363,140.372,robot_1,0.818,-2.054
1789261773,862695997,140.372,robot_0,1.950,0.761
1789261773,862727231,140.372,robot_2,0.368,1.518
1789261773,862755205,140.372,robot_2_carried_generic_box,0.368,1.518
1789261774,84306436,140.593,robot_1,0.823,-2.045
1789261774,84374267,140.594,robot_0,1.951,0.761
1789261774,84414066,140.594,robot_2,0.368,1.518
1789261774,84448012,140.594,robot_2_carried_generic_box,0.368,1.518
1789261774,305477143,140.815,robot_1,0.824,-2.044
1789261774,305565998,140.815,robot_0,1.951,0.761
1789261774,305599378,140.815,robot_2,0.368,1.518
1789261774,305627000,140.815,robot_2_carried_generic_box,0.368,1.518
1789261774,511656616,141.021,robot_1,0.824,-2.044
1789261774,511722684,141.021,robot_0,1.951,0.761
1789261774,511754974,141.021,robot_2,0.368,1.518
1789261774,511784213,141.021,robot_2_carried_generic_box,0.368,1.518
1789261774,729239462,141.238,robot_1,0.827,-2.038
1789261774,729319500,141.238,robot_0,1.951,0.761
1789261774,729355065,141.238,robot_2,0.368,1.518
1789261774,729383689,141.239,robot_2_carried_generic_box,0.368,1.518
1789261774,957607801,141.467,robot_1,0.831,-2.031
1789261774,957677917,141.467,robot_0,1.951,0.761
1789261774,957709969,141.474,robot_2,0.368,1.518
1789261774,965262958,141.474,robot_2_carried_generic_box,0.368,1.518
1789261775,225300242,141.734,robot_1,0.831,-2.030
1789261775,225374645,141.735,robot_0,1.951,0.761
1789261775,225408853,141.735,robot_2,0.368,1.518
1789261775,225438775,141.735,robot_2_carried_generic_box,0.368,1.518
1789261775,442853024,141.952,robot_1,0.831,-2.030
1789261775,443983726,141.953,robot_0,1.951,0.761
1789261775,444059719,141.953,robot_2,0.366,1.521
1789261775,444094310,141.953,robot_2_carried_generic_box,0.368,1.518
1789261775,694736201,142.204,robot_1,0.831,-2.030
1789261775,694809811,142.204,robot_0,1.952,0.761
1789261775,694845795,142.204,robot_2,0.354,1.534
1789261775,694883526,142.204,robot_2_carried_generic_box,0.367,1.520
1789261775,905754630,142.415,robot_1,0.831,-2.030
1789261775,905812350,142.415,robot_0,1.952,0.762
1789261775,905850298,142.440,robot_2,0.345,1.542
1789261775,931097683,142.440,robot_2_carried_generic_box,0.360,1.528
1789261776,137429588,142.647,robot_1,0.831,-2.030
1789261776,137494158,142.647,robot_0,1.949,0.768
1789261776,137524514,142.647,robot_2,0.340,1.547
1789261776,155415104,142.665,robot_2_carried_generic_box,0.354,1.534
1789261776,357213131,142.866,robot_1,0.831,-2.030
1789261776,357279384,142.866,robot_0,1.948,0.768
1789261776,357307439,142.866,robot_2,0.331,1.555
1789261776,357338614,142.866,robot_2_carried_generic_box,0.342,1.546
1789261776,569855366,143.079,robot_1,0.831,-2.030
1789261776,569919203,143.089,robot_0,1.949,0.768
1789261776,580226274,143.089,robot_2,0.325,1.560
1789261776,580271177,143.089,robot_2_carried_generic_box,0.339,1.548
1789261776,784697485,143.294,robot_1,0.832,-2.030
1789261776,784793164,143.295,robot_0,1.945,0.775
1789261776,785867035,143.295,robot_2,0.323,1.561
1789261776,785911858,143.303,robot_2_carried_generic_box,0.332,1.554
1789261776,993352781,143.502,robot_1,0.832,-2.030
1789261776,993418260,143.503,robot_0,1.943,0.778
1789261776,993453452,143.503,robot_2,0.323,1.561
1789261776,993483473,143.503,robot_2_carried_generic_box,0.323,1.561
1789261777,232584510,143.742,robot_1,0.832,-2.030
1789261777,232666185,143.742,robot_0,1.940,0.782
1789261777,232703353,143.742,robot_2,0.323,1.561
1789261777,232743529,143.742,robot_2_carried_generic_box,0.323,1.561
1789261777,491545424,144.001,robot_1,0.832,-2.030
1789261777,491614648,144.001,robot_0,1.934,0.791
1789261777,491648169,144.001,robot_2,0.332,1.557
1789261777,491683213,144.001,robot_2_carried_generic_box,0.323,1.561
1789261777,704898636,144.214,robot_1,0.832,-2.030
1789261777,704965270,144.214,robot_0,1.934,0.792
1789261777,704996600,144.214,robot_2,0.345,1.551
1789261777,705024259,144.214,robot_2_carried_generic_box,0.329,1.559
1789261777,906403570,144.416,robot_1,0.832,-2.030
1789261777,906473706,144.416,robot_0,1.929,0.799
1789261777,906511393,144.416,robot_2,0.358,1.545
1789261777,906548666,144.416,robot_2_carried_generic_box,0.341,1.552
1789261778,106554266,144.616,robot_1,0.832,-2.030
1789261778,109112360,144.618,robot_0,1.925,0.806
1789261778,109185401,144.618,robot_2,0.367,1.540
1789261778,109218644,144.618,robot_2_carried_generic_box,0.349,1.549
1789261778,351139495,144.860,robot_1,0.833,-2.030
1789261778,351204367,144.860,robot_0,1.918,0.819
1789261778,351234419,144.860,robot_2,0.370,1.539
1789261778,351262832,144.860,robot_2_carried_generic_box,0.361,1.543
1789261778,600287718,145.109,robot_1,0.833,-2.030
1789261778,604526083,145.114,robot_0,1.910,0.832
1789261778,604597381,145.114,robot_2,0.370,1.539
1789261778,604627931,145.114,robot_2_carried_generic_box,0.369,1.539
1789261778,823266033,145.332,robot_1,0.833,-2.030
1789261778,823336799,145.332,robot_0,1.903,0.845
1789261778,823368844,145.332,robot_2,0.370,1.539
1789261778,823394677,145.333,robot_2_carried_generic_box,0.370,1.539
1789261779,27654673,145.537,robot_1,0.833,-2.031
1789261779,27714290,145.537,robot_0,1.894,0.860
1789261779,27743856,145.537,robot_2,0.370,1.539
1789261779,27768807,145.537,robot_2_carried_generic_box,0.370,1.539
1789261779,269829579,145.779,robot_1,0.836,-2.038
1789261779,269893525,145.779,robot_0,1.887,0.871
1789261779,269926033,145.779,robot_2,0.370,1.539
1789261779,269952999,145.779,robot_2_carried_generic_box,0.370,1.539
1789261779,482371554,145.992,robot_1,0.841,-2.047
1789261779,482437051,145.992,robot_0,1.882,0.880
1789261779,482467858,145.992,robot_2,0.370,1.539
1789261779,482496890,145.992,robot_2_carried_generic_box,0.370,1.539
1789261779,711244224,146.220,robot_1,0.848,-2.061
1789261779,723444025,146.233,robot_0,1.875,0.891
1789261779,723512361,146.233,robot_2,0.370,1.540
1789261779,723545728,146.233,robot_2_carried_generic_box,0.370,1.539
1789261779,943423471,146.453,robot_1,0.853,-2.071
1789261779,943500772,146.453,robot_0,1.875,0.891
1789261779,943540205,146.453,robot_2,0.370,1.540
1789261779,943574937,146.453,robot_2_carried_generic_box,0.370,1.539
1789261780,160734724,146.670,robot_1,0.856,-2.076
1789261780,160813793,146.670,robot_0,1.873,0.895
1789261780,160844900,146.670,robot_2,0.370,1.540
1789261780,160875454,146.670,robot_2_carried_generic_box,0.370,1.540
1789261780,386179822,146.895,robot_1,0.856,-2.076
1789261780,386243171,146.895,robot_0,1.872,0.897
1789261780,386274912,146.895,robot_2,0.370,1.540
1789261780,386302255,146.895,robot_2_carried_generic_box,0.370,1.540
1789261780,586614572,147.096,robot_1,0.856,-2.076
1789261780,586677154,147.096,robot_0,1.872,0.897
1789261780,586708491,147.096,robot_2,0.370,1.540
1789261780,624967264,147.134,robot_2_carried_generic_box,0.370,1.540
1789261780,837609990,147.347,robot_1,0.856,-2.076
1789261780,837681790,147.347,robot_0,1.872,0.897
1789261780,837711361,147.347,robot_2,0.370,1.540
1789261780,837739177,147.347,robot_2_carried_generic_box,0.370,1.540
1789261781,60428529,147.570,robot_1,0.856,-2.076
1789261781,60495832,147.570,robot_0,1.872,0.897
1789261781,60530803,147.570,robot_2,0.370,1.540
1789261781,60562408,147.570,robot_2_carried_generic_box,0.370,1.540
1789261781,273207004,147.782,robot_1,0.856,-2.076
1789261781,273276821,147.782,robot_0,1.872,0.897
1789261781,273312027,147.782,robot_2,0.370,1.540
1789261781,273347585,147.782,robot_2_carried_generic_box,0.370,1.540
1789261781,501156589,148.010,robot_1,0.856,-2.076
1789261781,501218309,148.010,robot_0,1.872,0.897
1789261781,501248769,148.010,robot_2,0.370,1.540
1789261781,501277710,148.010,robot_2_carried_generic_box,0.370,1.540
1789261781,732666126,148.242,robot_1,0.856,-2.076
1789261781,732732095,148.242,robot_0,1.872,0.897
1789261781,732768249,148.242,robot_2,0.370,1.540
1789261781,732795852,148.242,robot_2_carried_generic_box,0.370,1.540
1789261782,26797380,148.536,robot_1,0.857,-2.076
1789261782,27792107,148.537,robot_0,1.873,0.897
1789261782,27901115,148.537,robot_2,0.369,1.541
1789261782,27941073,148.537,robot_2_carried_generic_box,0.370,1.540
1789261782,257142956,148.766,robot_1,0.859,-2.077
1789261782,257200806,148.766,robot_0,1.873,0.897
1789261782,257229338,148.766,robot_2,0.369,1.541
1789261782,257255138,148.766,robot_2_carried_generic_box,0.369,1.541
1789261782,474689650,148.984,robot_1,0.870,-2.083
1789261782,474756805,148.984,robot_0,1.873,0.897
1789261782,474794707,148.984,robot_2,0.369,1.541
1789261782,474831205,148.984,robot_2_carried_generic_box,0.369,1.541
1789261782,690795442,149.200,robot_1,0.875,-2.086
1789261782,690864547,149.200,robot_0,1.873,0.897
1789261782,690899091,149.200,robot_2,0.369,1.541
1789261782,690937715,149.200,robot_2_carried_generic_box,0.369,1.541
1789261782,896362517,149.405,robot_1,0.875,-2.086
1789261782,896428075,149.406,robot_0,1.873,0.898
1789261782,896465242,149.406,robot_2,0.369,1.541
1789261782,896497121,149.406,robot_2_carried_generic_box,0.369,1.541
1789261783,126705210,149.636,robot_1,0.875,-2.086
1789261783,126788180,149.636,robot_0,1.873,0.898
1789261783,126828933,149.636,robot_2,0.369,1.541
1789261783,126860146,149.636,robot_2_carried_generic_box,0.369,1.541
1789261783,374514024,149.884,robot_1,0.875,-2.086
1789261783,374579844,149.884,robot_0,1.873,0.898
1789261783,374613260,149.884,robot_2,0.369,1.541
1789261783,374641402,149.884,robot_2_carried_generic_box,0.369,1.541
1789261783,581606615,150.091,robot_1,0.875,-2.086
1789261783,581668968,150.091,robot_0,1.873,0.898
1789261783,581700322,150.091,robot_2,0.369,1.541
1789261783,581726420,150.091,robot_2_carried_generic_box,0.369,1.541
1789261783,832210061,150.341,robot_1,0.875,-2.086
1789261783,832273630,150.341,robot_0,1.873,0.898
1789261783,832307253,150.341,robot_2,0.369,1.541
1789261783,832333287,150.341,robot_2_carried_generic_box,0.369,1.541
1789261784,53023556,150.562,robot_1,0.875,-2.085
1789261784,53085584,150.562,robot_0,1.873,0.898
1789261784,53122438,150.562,robot_2,0.369,1.541
1789261784,53154287,150.562,robot_2_carried_generic_box,0.369,1.541
1789261784,280337177,150.789,robot_1,0.875,-2.085
1789261784,280411744,150.790,robot_0,1.872,0.899
1789261784,280442561,150.790,robot_2,0.369,1.541
1789261784,280474104,150.790,robot_2_carried_generic_box,0.369,1.541
1789261784,487319870,150.996,robot_1,0.875,-2.085
1789261784,487375902,150.997,robot_0,1.863,0.899
1789261784,487405830,150.997,robot_2,0.368,1.539
1789261784,487433322,150.997,robot_2_carried_generic_box,0.369,1.541
1789261784,726862278,151.236,robot_1,0.875,-2.085
1789261784,726940223,151.236,robot_0,1.846,0.901
1789261784,726973431,151.236,robot_2,0.364,1.534
1789261784,727003553,151.236,robot_2_carried_generic_box,0.368,1.540
1789261784,968039261,151.477,robot_1,0.875,-2.085
1789261784,968111080,151.477,robot_0,1.833,0.901
1789261784,968139620,151.477,robot_2,0.364,1.534
1789261784,968167248,151.477,robot_2_carried_generic_box,0.367,1.538
1789261785,186919090,151.711,robot_1,0.875,-2.085
1789261785,202332028,151.711,robot_0,1.817,0.902
1789261785,202371366,151.711,robot_2,0.366,1.537
1789261785,202404593,151.712,robot_2_carried_generic_box,0.364,1.534
1789261785,388398998,151.898,robot_1,0.875,-2.085
1789261785,388465958,151.898,robot_0,1.809,0.902
1789261785,388504865,151.898,robot_2,0.368,1.542
1789261785,388537401,151.898,robot_2_carried_generic_box,0.364,1.534
1789261785,631366394,152.141,robot_1,0.875,-2.084
1789261785,631428995,152.141,robot_0,1.795,0.901
1789261785,631461072,152.141,robot_2,0.369,1.543
1789261785,638107620,152.147,robot_2_carried_generic_box,0.367,1.540
1789261785,896750803,152.406,robot_1,0.875,-2.084
1789261785,896826910,152.406,robot_0,1.783,0.901
1789261785,896859426,152.406,robot_2,0.367,1.539
1789261785,896890880,152.406,robot_2_carried_generic_box,0.369,1.545
1789261786,71038394,152.580,robot_1,0.875,-2.084
1789261786,71104764,152.580,robot_0,1.776,0.900
1789261786,71136328,152.580,robot_2,0.367,1.540
1789261786,71165976,152.580,robot_2_carried_generic_box,0.369,1.543
1789261786,315837281,152.825,robot_1,0.875,-2.084
1789261786,315908264,152.825,robot_0,1.770,0.900
1789261786,315966752,152.825,robot_2,0.368,1.541
1789261786,316000544,152.825,robot_2_carried_generic_box,0.367,1.539
1789261786,535193799,153.044,robot_1,0.875,-2.084
1789261786,535259976,153.044,robot_0,1.770,0.900
1789261786,535295351,153.044,robot_2,0.368,1.541
1789261786,535321706,153.044,robot_2_carried_generic_box,0.367,1.541
1789261786,778697460,153.288,robot_1,0.874,-2.084
1789261786,792416750,153.302,robot_0,1.770,0.900
1789261786,792505117,153.302,robot_2,0.368,1.541
1789261786,792544777,153.302,robot_2_carried_generic_box,0.368,1.541
1789261786,994879033,153.504,robot_1,0.876,-2.083
1789261786,994949648,153.504,robot_0,1.770,0.900
1789261786,994982895,153.504,robot_2,0.368,1.541
1789261786,995010824,153.504,robot_2_carried_generic_box,0.368,1.541
1789261787,216454844,153.726,robot_1,0.883,-2.079
1789261787,216519472,153.726,robot_0,1.770,0.900
1789261787,216554931,153.726,robot_2,0.368,1.541
1789261787,216585570,153.726,robot_2_carried_generic_box,0.368,1.541
1789261787,453781454,153.963,robot_1,0.884,-2.078
1789261787,453844830,153.963,robot_0,1.770,0.900
1789261787,453874045,153.963,robot_2,0.368,1.541
1789261787,453903312,153.963,robot_2_carried_generic_box,0.368,1.541
1789261787,689199710,154.198,robot_1,0.884,-2.078
1789261787,689266517,154.198,robot_0,1.770,0.900
1789261787,689300230,154.198,robot_2,0.368,1.541
1789261787,689329709,154.198,robot_2_carried_generic_box,0.368,1.541
1789261787,915073397,154.424,robot_1,0.878,-2.083
1789261787,915247767,154.424,robot_0,1.770,0.900
1789261787,915292092,154.424,robot_2,0.368,1.541
1789261787,915325371,154.424,robot_2_carried_generic_box,0.368,1.541
1789261788,128300443,154.637,robot_1,0.871,-2.088
1789261788,128361192,154.637,robot_0,1.770,0.900
1789261788,128392749,154.638,robot_2,0.368,1.541
1789261788,128418488,154.638,robot_2_carried_generic_box,0.368,1.541
1789261788,361239275,154.870,robot_1,0.865,-2.093
1789261788,361340884,154.870,robot_0,1.770,0.900
1789261788,361380519,154.871,robot_2,0.368,1.541
1789261788,361413578,154.871,robot_2_carried_generic_box,0.368,1.541
1789261788,584553992,155.094,robot_1,0.851,-2.104
1789261788,584617583,155.094,robot_0,1.769,0.901
1789261788,584645325,155.094,robot_2,0.368,1.541
1789261788,584673791,155.094,robot_2_carried_generic_box,0.368,1.541
1789261788,808958943,155.318,robot_1,0.844,-2.110
1789261788,809027453,155.318,robot_0,1.769,0.901
1789261788,809058946,155.318,robot_2,0.367,1.541
1789261788,809085770,155.318,robot_2_carried_generic_box,0.368,1.541
1789261789,36108828,155.545,robot_1,0.846,-2.108
1789261789,36180412,155.545,robot_0,1.769,0.901
1789261789,36212774,155.545,robot_2,0.367,1.541
1789261789,36240495,155.545,robot_2_carried_generic_box,0.367,1.541
1789261789,249818712,155.759,robot_1,0.846,-2.108
1789261789,249878595,155.759,robot_0,1.769,0.901
1789261789,249907762,155.759,robot_2,0.367,1.541
1789261789,249941174,155.759,robot_2_carried_generic_box,0.367,1.541
1789261789,488502025,155.998,robot_1,0.851,-2.103
1789261789,488564678,155.998,robot_0,1.769,0.901
1789261789,488596316,155.998,robot_2,0.367,1.541
1789261789,488624898,155.998,robot_2_carried_generic_box,0.367,1.541
1789261789,699452727,156.209,robot_1,0.856,-2.098
1789261789,699509959,156.209,robot_0,1.769,0.901
1789261789,699537755,156.209,robot_2,0.367,1.541
1789261789,699563194,156.219,robot_2_carried_generic_box,0.367,1.541
1789261789,915509093,156.425,robot_1,0.857,-2.097
1789261789,915570351,156.425,robot_0,1.769,0.901
1789261789,915605768,156.425,robot_2,0.367,1.541
1789261789,944628903,156.454,robot_2_carried_generic_box,0.367,1.541
1789261790,133382071,156.643,robot_1,0.857,-2.097
1789261790,133448499,156.643,robot_0,1.769,0.901
1789261790,133479085,156.643,robot_2,0.367,1.541
1789261790,133506643,156.643,robot_2_carried_generic_box,0.367,1.541
1789261790,396063069,156.905,robot_1,0.857,-2.097
1789261790,396130912,156.905,robot_0,1.770,0.904
1789261790,396162811,156.905,robot_2,0.367,1.541
1789261790,396190014,156.906,robot_2_carried_generic_box,0.367,1.541
1789261790,616797665,157.126,robot_1,0.857,-2.097
1789261790,616874299,157.126,robot_0,1.777,0.915
1789261790,616904925,157.126,robot_2,0.366,1.547
1789261790,616938440,157.126,robot_2_carried_generic_box,0.367,1.541
1789261790,851114516,157.360,robot_1,0.857,-2.097
1789261790,851179989,157.360,robot_0,1.785,0.927
1789261790,851212817,157.360,robot_2,0.363,1.561
1789261790,851240160,157.360,robot_2_carried_generic_box,0.366,1.546
1789261791,61193775,157.570,robot_1,0.857,-2.097
1789261791,61248537,157.570,robot_0,1.788,0.933
1789261791,61274618,157.570,robot_2,0.360,1.573
1789261791,61302769,157.570,robot_2_carried_generic_box,0.365,1.551
1789261791,282997919,157.792,robot_1,0.857,-2.097
1789261791,283055709,157.792,robot_0,1.788,0.933
1789261791,283081548,157.792,robot_2,0.359,1.575
1789261791,283110236,157.792,robot_2_carried_generic_box,0.362,1.565
1789261791,504732206,158.014,robot_1,0.857,-2.097
1789261791,504802977,158.014,robot_0,1.788,0.933
1789261791,504833435,158.014,robot_2,0.359,1.575
1789261791,504863266,158.014,robot_2_carried_generic_box,0.359,1.574
1789261791,707104245,158.216,robot_1,0.857,-2.097
1789261791,707169433,158.216,robot_0,1.788,0.933
1789261791,707203023,158.216,robot_2,0.359,1.575
1789261791,707239840,158.216,robot_2_carried_generic_box,0.359,1.575
1789261791,939109967,158.448,robot_1,0.857,-2.097
1789261791,939186469,158.448,robot_0,1.788,0.933
1789261791,939215786,158.448,robot_2,0.359,1.575
1789261791,939247513,158.448,robot_2_carried_generic_box,0.359,1.575
1789261792,156324028,158.665,robot_1,0.857,-2.097
1789261792,156393824,158.666,robot_0,1.788,0.933
1789261792,156424163,158.666,robot_2,0.359,1.575
1789261792,156453809,158.666,robot_2_carried_generic_box,0.359,1.575
1789261792,379360679,158.888,robot_1,0.857,-2.097
1789261792,379421258,158.889,robot_0,1.788,0.933
1789261792,379453089,158.889,robot_2,0.359,1.575
1789261792,379481639,158.889,robot_2_carried_generic_box,0.359,1.575
1789261792,592657773,159.102,robot_1,0.856,-2.097
1789261792,592721638,159.102,robot_0,1.788,0.933
1789261792,592749776,159.102,robot_2,0.359,1.575
1789261792,592779467,159.102,robot_2_carried_generic_box,0.359,1.575
1789261792,828006473,159.337,robot_1,0.856,-2.096
1789261792,828066562,159.337,robot_0,1.789,0.933
1789261792,828096612,159.337,robot_2,0.359,1.575
1789261792,828129388,159.337,robot_2_carried_generic_box,0.359,1.575
1789261793,86961962,159.596,robot_1,0.856,-2.096
1789261793,87065507,159.596,robot_0,1.789,0.933
1789261793,93720640,159.603,robot_2,0.359,1.575
1789261793,93803809,159.603,robot_2_carried_generic_box,0.359,1.575
1789261793,281502490,159.791,robot_1,0.856,-2.096
1789261793,281570554,159.791,robot_0,1.786,0.930
1789261793,281603825,159.791,robot_2,0.360,1.575
1789261793,281633748,159.791,robot_2_carried_generic_box,0.359,1.575
1789261793,501722192,160.011,robot_1,0.856,-2.097
1789261793,508500889,160.018,robot_0,1.778,0.925
1789261793,508582945,160.018,robot_2,0.360,1.575
1789261793,508620157,160.018,robot_2_carried_generic_box,0.359,1.575
1789261793,736125263,160.245,robot_1,0.855,-2.103
1789261793,736189190,160.245,robot_0,1.776,0.923
1789261793,736221648,160.245,robot_2,0.360,1.575
1789261793,736252088,160.245,robot_2_carried_generic_box,0.360,1.575
1789261793,953654689,160.463,robot_1,0.855,-2.104
1789261793,953718016,160.463,robot_0,1.776,0.923
1789261793,953755510,160.463,robot_2,0.360,1.575
1789261793,953791448,160.463,robot_2_carried_generic_box,0.360,1.575
1789261794,185481839,160.695,robot_1,0.855,-2.101
1789261794,185545567,160.695,robot_0,1.776,0.923
1789261794,185577746,160.695,robot_2,0.360,1.575
1789261794,185607742,160.695,robot_2_carried_generic_box,0.360,1.575
1789261794,419031248,160.928,robot_1,0.855,-2.101
1789261794,419117625,160.928,robot_0,1.776,0.922
1789261794,419159940,160.928,robot_2,0.360,1.575
1789261794,419197797,160.928,robot_2_carried_generic_box,0.360,1.575
1789261794,637169065,161.146,robot_1,0.855,-2.101
1789261794,637249847,161.146,robot_0,1.776,0.922
1789261794,637283247,161.146,robot_2,0.360,1.575
1789261794,637312590,161.146,robot_2_carried_generic_box,0.360,1.575
1789261794,843809154,161.353,robot_1,0.855,-2.101
1789261794,843866660,161.353,robot_0,1.776,0.922
1789261794,843899426,161.353,robot_2,0.360,1.575
1789261794,874995647,161.384,robot_2_carried_generic_box,0.360,1.575
1789261795,56243031,161.565,robot_1,0.855,-2.101
1789261795,56330875,161.565,robot_0,1.776,0.923
1789261795,56366359,161.565,robot_2,0.360,1.575
1789261795,56396515,161.566,robot_2_carried_generic_box,0.360,1.575
1789261795,264893517,161.774,robot_1,0.855,-2.103
1789261795,264964448,161.774,robot_0,1.776,0.923
1789261795,264995981,161.774,robot_2,0.360,1.575
1789261795,265026086,161.774,robot_2_carried_generic_box,0.360,1.575
1789261795,487642205,161.997,robot_1,0.854,-2.117
1789261795,487707905,161.997,robot_0,1.776,0.923
1789261795,487738796,161.997,robot_2,0.360,1.575
1789261795,487773550,161.997,robot_2_carried_generic_box,0.360,1.575
1789261795,735009868,162.244,robot_1,0.853,-2.135
1789261795,735103561,162.244,robot_0,1.776,0.923
1789261795,735139863,162.244,robot_2,0.360,1.575
1789261795,735171861,162.244,robot_2_carried_generic_box,0.360,1.575
1789261795,959115707,162.468,robot_1,0.852,-2.148
1789261795,959180362,162.468,robot_0,1.776,0.923
1789261795,959210261,162.468,robot_2,0.360,1.575
1789261795,959237809,162.468,robot_2_carried_generic_box,0.360,1.575
1789261796,189963100,162.699,robot_1,0.852,-2.149
1789261796,190033044,162.699,robot_0,1.776,0.923
1789261796,190071477,162.699,robot_2,0.360,1.575
1789261796,190104997,162.699,robot_2_carried_generic_box,0.360,1.575
1789261796,417804703,162.927,robot_1,0.852,-2.149
1789261796,417864235,162.927,robot_0,1.776,0.923
1789261796,417894854,162.927,robot_2,0.360,1.575
1789261796,436380092,162.946,robot_2_carried_generic_box,0.360,1.575
1789261796,632584316,163.142,robot_1,0.852,-2.149
1789261796,632654562,163.142,robot_0,1.776,0.923
1789261796,632693032,163.142,robot_2,0.360,1.575
1789261796,632730703,163.142,robot_2_carried_generic_box,0.360,1.575
1789261796,887299609,163.396,robot_1,0.852,-2.149
1789261796,887368326,163.396,robot_0,1.775,0.923
1789261796,887406468,163.397,robot_2,0.359,1.575
1789261796,887443296,163.397,robot_2_carried_generic_box,0.360,1.575
1789261797,118476465,163.628,robot_1,0.852,-2.149
1789261797,118542799,163.628,robot_0,1.775,0.923
1789261797,118574124,163.628,robot_2,0.360,1.574
1789261797,118603802,163.628,robot_2_carried_generic_box,0.359,1.575
1789261797,374454042,163.884,robot_1,0.852,-2.149
1789261797,374522644,163.884,robot_0,1.777,0.927
1789261797,374558150,163.884,robot_2,0.362,1.566
1789261797,374591850,163.884,robot_2_carried_generic_box,0.359,1.575
1789261797,615709384,164.125,robot_1,0.852,-2.149
1789261797,615778887,164.125,robot_0,1.780,0.934
1789261797,615817820,164.125,robot_2,0.362,1.564
1789261797,615853756,164.125,robot_2_carried_generic_box,0.361,1.571
1789261797,851037491,164.360,robot_1,0.852,-2.149
1789261797,851107573,164.360,robot_0,1.780,0.934
1789261797,851138102,164.360,robot_2,0.362,1.564
1789261797,851170800,164.360,robot_2_carried_generic_box,0.361,1.571
1789261797,851192053,164.360,robot_0_carried_generic_box,1.777,0.927
1789261798,81191786,164.590,robot_1,0.852,-2.149
1789261798,81252555,164.590,robot_0,1.781,0.936
1789261798,81283139,164.590,robot_2,0.362,1.563
1789261798,81309354,164.590,robot_2_carried_generic_box,0.362,1.564
1789261798,81330946,164.590,robot_0_carried_generic_box,1.780,0.935
1789261798,298712080,164.808,robot_1,0.852,-2.149
1789261798,298771483,164.808,robot_0,1.783,0.940
1789261798,298801163,164.808,robot_2,0.362,1.563
1789261798,298824799,164.808,robot_2_carried_generic_box,0.362,1.564
1789261798,298843627,164.808,robot_0_carried_generic_box,1.781,0.936
1789261798,514742843,165.024,robot_1,0.852,-2.149
1789261798,514808885,165.024,robot_0,1.783,0.940
1789261798,514848120,165.024,robot_2,0.363,1.561
1789261798,514882438,165.024,robot_2_carried_generic_box,0.362,1.563
1789261798,514909109,165.024,robot_0_carried_generic_box,1.781,0.936
1789261798,728886834,165.238,robot_1,0.852,-2.149
1789261798,728955664,165.238,robot_0,1.783,0.941
1789261798,728990770,165.238,robot_2,0.366,1.556
1789261798,729021547,165.238,robot_2_carried_generic_box,0.362,1.563
1789261798,729045378,165.243,robot_0_carried_generic_box,1.782,0.939
1789261798,965853620,165.475,robot_1,0.852,-2.149
1789261798,965936588,165.475,robot_0,1.787,0.954
1789261798,965969316,165.475,robot_2,0.372,1.540
1789261798,965999162,165.475,robot_2_carried_generic_box,0.364,1.559
1789261798,966020315,165.475,robot_0_carried_generic_box,1.783,0.940
1789261799,176761497,165.686,robot_1,0.852,-2.149
1789261799,176831174,165.686,robot_0,1.788,0.959
1789261799,176861143,165.686,robot_2,0.373,1.538
1789261799,176890559,165.686,robot_2_carried_generic_box,0.369,1.547
1789261799,176911748,165.686,robot_0_carried_generic_box,1.784,0.945
1789261799,518000006,166.027,robot_1,0.851,-2.149
1789261799,518073911,166.027,robot_0,1.788,0.957
1789261799,518103705,166.027,robot_2,0.373,1.538
1789261799,518128802,166.027,robot_2_carried_generic_box,0.373,1.538
1789261799,518149349,166.027,robot_0_carried_generic_box,1.786,0.952
1789261799,724692398,166.234,robot_1,0.851,-2.149
1789261799,724753477,166.234,robot_0,1.787,0.954
1789261799,724781465,166.234,robot_2,0.373,1.538
1789261799,739428189,166.249,robot_2_carried_generic_box,0.373,1.538
1789261799,739525341,166.249,robot_0_carried_generic_box,1.788,0.959
1789261799,973040395,166.482,robot_1,0.851,-2.149
1789261799,973127152,166.482,robot_0,1.787,0.953
1789261799,973165029,166.484,robot_2,0.373,1.538
1789261799,975190189,166.484,robot_2_carried_generic_box,0.373,1.538
1789261799,975247728,166.484,robot_0_carried_generic_box,1.788,0.956
1789261800,172767935,166.682,robot_1,0.853,-2.153
1789261800,172830893,166.682,robot_0,1.785,0.945
1789261800,172858138,166.682,robot_2,0.373,1.538
1789261800,172885801,166.682,robot_2_carried_generic_box,0.373,1.538
1789261800,172907495,166.682,robot_0_carried_generic_box,1.787,0.953
1789261800,376967850,166.886,robot_1,0.856,-2.157
1789261800,377038527,166.886,robot_0,1.783,0.935
1789261800,377071261,166.886,robot_2,0.373,1.538
1789261800,377102342,166.886,robot_2_carried_generic_box,0.373,1.538
1789261800,377124685,166.886,robot_0_carried_generic_box,1.786,0.949
1789261800,610845947,167.120,robot_1,0.855,-2.156
1789261800,610912507,167.135,robot_0,1.782,0.933
1789261800,625614941,167.135,robot_2,0.373,1.538
1789261800,625668200,167.135,robot_2_carried_generic_box,0.373,1.538
1789261800,625694680,167.135,robot_0_carried_generic_box,1.783,0.938
1789261800,829160464,167.338,robot_1,0.856,-2.158
1789261800,829221592,167.338,robot_0,1.782,0.933
1789261800,829248575,167.338,robot_2,0.373,1.538
1789261800,829276755,167.338,robot_2_carried_generic_box,0.373,1.538
1789261800,829294875,167.338,robot_0_carried_generic_box,1.782,0.934
1789261801,56327837,167.565,robot_1,0.856,-2.159
1789261801,56384230,167.566,robot_0,1.782,0.934
1789261801,56407650,167.566,robot_2,0.373,1.538
1789261801,56433988,167.566,robot_2_carried_generic_box,0.373,1.538
1789261801,56451616,167.566,robot_0_carried_generic_box,1.782,0.933
1789261801,258580957,167.768,robot_1,0.856,-2.159
1789261801,258642977,167.768,robot_0,1.782,0.934
1789261801,258673229,167.768,robot_2,0.373,1.538
1789261801,258702222,167.768,robot_2_carried_generic_box,0.373,1.538
1789261801,258721262,167.768,robot_0_carried_generic_box,1.782,0.933
1789261801,464192231,167.973,robot_1,0.851,-2.151
1789261801,464251650,167.973,robot_0,1.782,0.934
1789261801,464293356,167.973,robot_2,0.373,1.538
1789261801,464319599,167.973,robot_2_carried_generic_box,0.373,1.538
1789261801,464339543,167.973,robot_0_carried_generic_box,1.782,0.934
1789261801,748696684,168.258,robot_1,0.844,-2.142
1789261801,748773978,168.258,robot_0,1.782,0.934
1789261801,748810770,168.258,robot_2,0.373,1.538
1789261801,748839581,168.258,robot_2_carried_generic_box,0.373,1.538
1789261801,748862604,168.258,robot_0_carried_generic_box,1.782,0.934
1789261801,966805660,168.476,robot_1,0.835,-2.128
1789261801,966869193,168.476,robot_0,1.782,0.933
1789261801,966903065,168.476,robot_2,0.373,1.538
1789261801,966960223,168.476,robot_2_carried_generic_box,0.373,1.538
1789261801,966986510,168.476,robot_0_carried_generic_box,1.782,0.934
1789261802,206200917,168.715,robot_1,0.833,-2.126
1789261802,220456530,168.730,robot_0,1.781,0.933
1789261802,220531197,168.730,robot_2,0.373,1.537
1789261802,220563931,168.730,robot_2_carried_generic_box,0.373,1.538
1789261802,220584959,168.730,robot_0_carried_generic_box,1.782,0.934
1789261802,426077526,168.935,robot_1,0.833,-2.126
1789261802,426149063,168.935,robot_0,1.781,0.933
1789261802,426186858,168.935,robot_2,0.372,1.537
1789261802,426221995,168.935,robot_2_carried_generic_box,0.373,1.538
1789261802,426250783,168.935,robot_0_carried_generic_box,1.782,0.933
1789261802,644109845,169.153,robot_1,0.833,-2.126
1789261802,644178569,169.153,robot_0,1.781,0.933
1789261802,644208209,169.153,robot_2,0.372,1.537
1789261802,644236256,169.153,robot_2_carried_generic_box,0.373,1.537
1789261802,644258500,169.153,robot_0_carried_generic_box,1.781,0.933
1789261802,885594133,169.395,robot_1,0.833,-2.126
1789261802,885677937,169.395,robot_0,1.781,0.933
1789261802,885711006,169.395,robot_2,0.372,1.537
1789261802,885742747,169.395,robot_2_carried_generic_box,0.372,1.537
1789261802,885764414,169.395,robot_0_carried_generic_box,1.781,0.933
1789261803,113526205,169.623,robot_1,0.833,-2.126
1789261803,113586791,169.623,robot_0,1.781,0.933
1789261803,113617518,169.623,robot_2,0.372,1.537
1789261803,113646838,169.623,robot_2_carried_generic_box,0.372,1.537
1789261803,113667289,169.623,robot_0_carried_generic_box,1.781,0.933
1789261803,354950945,169.864,robot_1,0.834,-2.126
1789261803,355022517,169.864,robot_0,1.781,0.933
1789261803,355060247,169.864,robot_2,0.366,1.539
1789261803,355095403,169.864,robot_2_carried_generic_box,0.372,1.537
1789261803,355122286,169.864,robot_0_carried_generic_box,1.781,0.933
1789261803,555865385,170.065,robot_1,0.834,-2.126
1789261803,555943425,170.065,robot_0,1.781,0.933
1789261803,555980708,170.065,robot_2,0.355,1.542
1789261803,556015122,170.065,robot_2_carried_generic_box,0.371,1.537
1789261803,556041220,170.065,robot_0_carried_generic_box,1.781,0.933
1789261803,776092616,170.285,robot_1,0.834,-2.126
1789261803,776166798,170.285,robot_0,1.780,0.933
1789261803,776196530,170.285,robot_2,0.344,1.545
1789261803,776226268,170.285,robot_2_carried_generic_box,0.364,1.539
1789261803,776250220,170.285,robot_0_carried_generic_box,1.781,0.933
1789261803,997494679,170.507,robot_1,0.834,-2.126
1789261803,997579073,170.507,robot_0,1.780,0.933
1789261803,997621038,170.507,robot_2,0.340,1.546
1789261803,997654592,170.507,robot_2_carried_generic_box,0.351,1.543
1789261803,997680467,170.507,robot_0_carried_generic_box,1.781,0.933
1789261804,244765005,170.769,robot_1,0.834,-2.126
1789261804,260315989,170.769,robot_0,1.780,0.933
1789261804,260363680,170.769,robot_2,0.345,1.544
1789261804,260404569,170.770,robot_2_carried_generic_box,0.340,1.546
1789261804,260437695,170.770,robot_0_carried_generic_box,1.780,0.933
1789261804,462877332,170.972,robot_1,0.835,-2.130
1789261804,462949566,170.972,robot_0,1.780,0.933
1789261804,462983510,170.972,robot_2,0.349,1.543
1789261804,463021125,170.972,robot_2_carried_generic_box,0.342,1.545
1789261804,463050086,170.972,robot_0_carried_generic_box,1.780,0.933
1789261804,729190934,171.238,robot_1,0.835,-2.131
1789261804,729279621,171.238,robot_0,1.775,0.939
1789261804,729314154,171.238,robot_2,0.355,1.542
1789261804,729345637,171.238,robot_2_carried_generic_box,0.348,1.544
1789261804,729369607,171.238,robot_0_carried_generic_box,1.780,0.933
1789261804,954766448,171.464,robot_1,0.835,-2.131
1789261804,954847478,171.464,robot_0,1.770,0.944
1789261804,954879708,171.464,robot_2,0.366,1.539
1789261804,954909670,171.464,robot_2_carried_generic_box,0.352,1.543
1789261804,954943696,171.464,robot_0_carried_generic_box,1.777,0.936
1789261805,156418017,171.666,robot_1,0.835,-2.131
1789261805,156479631,171.666,robot_0,1.771,0.943
1789261805,156514163,171.666,robot_2,0.368,1.539
1789261805,156543488,171.666,robot_2_carried_generic_box,0.359,1.541
1789261805,156568690,171.666,robot_0_carried_generic_box,1.772,0.941
1789261805,391097730,171.900,robot_1,0.836,-2.131
1789261805,391162987,171.900,robot_0,1.773,0.940
1789261805,391196453,171.900,robot_2,0.360,1.541
1789261805,391229792,171.900,robot_2_carried_generic_box,0.367,1.539
1789261805,391253163,171.900,robot_0_carried_generic_box,1.770,0.944
1789261805,618374432,172.128,robot_1,0.836,-2.131
1789261805,618439084,172.128,robot_0,1.766,0.947
1789261805,618469230,172.128,robot_2,0.345,1.546
1789261805,618503040,172.128,robot_2_carried_generic_box,0.368,1.539
1789261805,618523369,172.128,robot_0_carried_generic_box,1.773,0.941
1789261805,825337576,172.334,robot_1,0.836,-2.131
1789261805,825398022,172.335,robot_0,1.757,0.955
1789261805,825429269,172.335,robot_2,0.334,1.550
1789261805,825458754,172.335,robot_2_carried_generic_box,0.355,1.543
1789261805,854237627,172.363,robot_0_carried_generic_box,1.767,0.946
1789261806,27703856,172.537,robot_1,0.836,-2.131
1789261806,27768394,172.537,robot_0,1.755,0.957
1789261806,27802608,172.537,robot_2,0.333,1.551
1789261806,27837438,172.537,robot_2_carried_generic_box,0.340,1.548
1789261806,27868954,172.537,robot_0_carried_generic_box,1.764,0.949
1789261806,232466491,172.742,robot_1,0.836,-2.131
1789261806,232533046,172.742,robot_0,1.750,0.962
1789261806,232566380,172.742,robot_2,0.334,1.550
1789261806,232595225,172.742,robot_2_carried_generic_box,0.333,1.550
1789261806,232617073,172.742,robot_0_carried_generic_box,1.757,0.956
1789261806,438153888,172.947,robot_1,0.836,-2.131
1789261806,438222984,172.947,robot_0,1.746,0.965
1789261806,438260970,172.947,robot_2,0.341,1.548
1789261806,438298051,172.947,robot_2_carried_generic_box,0.333,1.551
1789261806,438329364,172.947,robot_0_carried_generic_box,1.755,0.957
1789261806,675908094,173.185,robot_1,0.836,-2.131
1789261806,675988580,173.185,robot_0,1.746,0.966
1789261806,676022943,173.185,robot_2,0.352,1.543
1789261806,676062292,173.185,robot_2_carried_generic_box,0.333,1.550
1789261806,676086709,173.185,robot_0_carried_generic_box,1.748,0.964
1789261806,929348605,173.439,robot_1,0.836,-2.131
1789261806,929439616,173.439,robot_0,1.744,0.967
1789261806,929474530,173.439,robot_2,0.357,1.542
1789261806,929510528,173.439,robot_2_carried_generic_box,0.345,1.546
1789261806,929540038,173.439,robot_0_carried_generic_box,1.746,0.966
1789261807,125709495,173.635,robot_1,0.836,-2.131
1789261807,125777588,173.635,robot_0,1.737,0.974
1789261807,125814215,173.635,robot_2,0.366,1.538
1789261807,125848959,173.635,robot_2_carried_generic_box,0.355,1.542
1789261807,125877921,173.635,robot_0_carried_generic_box,1.746,0.966
1789261807,328418859,173.838,robot_1,0.836,-2.131
1789261807,328491720,173.838,robot_0,1.734,0.976
1789261807,328529668,173.838,robot_2,0.370,1.537
1789261807,328561300,173.838,robot_2_carried_generic_box,0.360,1.541
1789261807,328588751,173.838,robot_0_carried_generic_box,1.741,0.970
1789261807,535124058,174.044,robot_1,0.836,-2.131
1789261807,535193169,174.044,robot_0,1.735,0.975
1789261807,535230163,174.044,robot_2,0.371,1.536
1789261807,535263055,174.044,robot_2_carried_generic_box,0.367,1.538
1789261807,535290464,174.044,robot_0_carried_generic_box,1.736,0.975
1789261807,757676673,174.267,robot_1,0.835,-2.131
1789261807,757746247,174.267,robot_0,1.740,0.971
1789261807,757781834,174.267,robot_2,0.379,1.533
1789261807,757820631,174.267,robot_2_carried_generic_box,0.370,1.537
1789261807,757848254,174.267,robot_0_carried_generic_box,1.734,0.976
1789261808,7840981,174.517,robot_1,0.835,-2.132
1789261808,7909781,174.549,robot_0,1.741,0.970
1789261808,39468372,174.549,robot_2,0.381,1.532
1789261808,39527968,174.549,robot_2_carried_generic_box,0.375,1.535
1789261808,39558174,174.549,robot_0_carried_generic_box,1.740,0.971
1789261808,247682546,174.757,robot_1,0.835,-2.132
1789261808,247754023,174.757,robot_0,1.741,0.970
1789261808,247788701,174.757,robot_2,0.382,1.532
1789261808,247819646,174.757,robot_2_carried_generic_box,0.380,1.533
1789261808,247845074,174.757,robot_0_carried_generic_box,1.741,0.970
1789261808,509954929,175.019,robot_1,0.835,-2.132
1789261808,510053973,175.019,robot_0,1.741,0.970
1789261808,510085649,175.019,robot_2,0.387,1.529
1789261808,510115334,175.019,robot_2_carried_generic_box,0.381,1.532
1789261808,510138048,175.019,robot_0_carried_generic_box,1.741,0.970
1789261808,725796759,175.235,robot_1,0.835,-2.132
1789261808,725861762,175.235,robot_0,1.741,0.970
1789261808,725894019,175.235,robot_2,0.392,1.527
1789261808,738198618,175.247,robot_2_carried_generic_box,0.384,1.531
1789261808,738302414,175.247,robot_0_carried_generic_box,1.741,0.970
1789261808,941960284,175.451,robot_1,0.836,-2.134
1789261808,942033046,175.451,robot_0,1.741,0.970
1789261808,942063909,175.451,robot_2,0.392,1.527
1789261808,942092194,175.451,robot_2_carried_generic_box,0.390,1.528
1789261808,942113472,175.451,robot_0_carried_generic_box,1.741,0.970
1789261809,154888205,175.664,robot_1,0.839,-2.143
1789261809,154960222,175.664,robot_0,1.741,0.970
1789261809,154992767,175.664,robot_2,0.398,1.525
1789261809,155024951,175.664,robot_2_carried_generic_box,0.392,1.527
1789261809,155050772,175.664,robot_0_carried_generic_box,1.741,0.970
1789261809,376084648,175.885,robot_1,0.842,-2.149
1789261809,376153486,175.885,robot_0,1.741,0.970
1789261809,376183292,175.885,robot_2,0.400,1.524
1789261809,376211264,175.885,robot_2_carried_generic_box,0.392,1.527
1789261809,376232506,175.885,robot_0_carried_generic_box,1.741,0.970
1789261809,586102417,176.095,robot_1,0.846,-2.158
1789261809,586163778,176.095,robot_0,1.741,0.970
1789261809,586194086,176.095,robot_2,0.399,1.524
1789261809,586222385,176.095,robot_2_carried_generic_box,0.400,1.524
1789261809,586243137,176.095,robot_0_carried_generic_box,1.741,0.970
1789261809,852103923,176.361,robot_1,0.855,-2.176
1789261809,852175574,176.361,robot_0,1.740,0.970
1789261809,852209950,176.361,robot_2,0.400,1.524
1789261809,852240931,176.361,robot_2_carried_generic_box,0.399,1.524
1789261809,852262140,176.361,robot_0_carried_generic_box,1.741,0.970
1789261810,66855052,176.576,robot_1,0.862,-2.190
1789261810,95657379,176.605,robot_0,1.740,0.970
1789261810,95756891,176.605,robot_2,0.400,1.524
1789261810,95793960,176.605,robot_2_carried_generic_box,0.399,1.524
1789261810,95816814,176.605,robot_0_carried_generic_box,1.740,0.970
1789261810,298514777,176.808,robot_1,0.865,-2.197
1789261810,298580006,176.808,robot_0,1.740,0.970
1789261810,298608888,176.808,robot_2,0.399,1.524
1789261810,307206500,176.816,robot_2_carried_generic_box,0.400,1.524
1789261810,307274800,176.816,robot_0_carried_generic_box,1.740,0.970
1789261810,520033275,177.029,robot_1,0.871,-2.209
1789261810,520103012,177.029,robot_0,1.740,0.969
1789261810,520137622,177.029,robot_2,0.399,1.524
1789261810,520166282,177.029,robot_2_carried_generic_box,0.400,1.524
1789261810,520190885,177.029,robot_0_carried_generic_box,1.740,0.970
1789261810,729223724,177.238,robot_1,0.878,-2.221
1789261810,729287698,177.238,robot_0,1.740,0.969
1789261810,729315573,177.238,robot_2,0.399,1.524
1789261810,729340721,177.238,robot_2_carried_generic_box,0.399,1.524
1789261810,729359105,177.238,robot_0_carried_generic_box,1.740,0.970
1789261810,940224058,177.449,robot_1,0.887,-2.239
1789261810,958020982,177.467,robot_0,1.740,0.969
1789261810,958091323,177.467,robot_2,0.399,1.524
1789261810,958125755,177.467,robot_2_carried_generic_box,0.399,1.524
1789261810,958147196,177.467,robot_0_carried_generic_box,1.740,0.969
1789261811,190192685,177.699,robot_1,0.891,-2.248
1789261811,190268505,177.699,robot_0,1.740,0.969
1789261811,190309539,177.699,robot_2,0.399,1.524
1789261811,190339037,177.699,robot_2_carried_generic_box,0.399,1.524
1789261811,190360941,177.699,robot_0_carried_generic_box,1.740,0.969
1789261811,392775414,177.902,robot_1,0.891,-2.248
1789261811,392834276,177.902,robot_0,1.740,0.969
1789261811,392861581,177.902,robot_2,0.399,1.524
1789261811,392888305,177.902,robot_2_carried_generic_box,0.399,1.524
1789261811,392909382,177.902,robot_0_carried_generic_box,1.740,0.969
1789261811,641852984,178.151,robot_1,0.887,-2.240
1789261811,641916092,178.168,robot_0,1.740,0.969
1789261811,658890483,178.168,robot_2,0.399,1.524
1789261811,658937338,178.168,robot_2_carried_generic_box,0.399,1.524
1789261811,658959918,178.168,robot_0_carried_generic_box,1.740,0.969
1789261811,911102849,178.420,robot_1,0.883,-2.232
1789261811,911178873,178.420,robot_0,1.743,0.969
1789261811,911215082,178.420,robot_2,0.399,1.524
1789261811,911246385,178.420,robot_2_carried_generic_box,0.399,1.524
1789261811,911273075,178.420,robot_0_carried_generic_box,1.740,0.969
1789261812,169346918,178.678,robot_1,0.879,-2.223
1789261812,169412184,178.679,robot_0,1.754,0.969
1789261812,175919324,178.685,robot_2,0.399,1.524
1789261812,176021776,178.685,robot_2_carried_generic_box,0.399,1.524
1789261812,176048863,178.685,robot_0_carried_generic_box,1.742,0.969
1789261812,395336389,178.904,robot_1,0.876,-2.216
1789261812,395415593,178.905,robot_0,1.756,0.969
1789261812,395444715,178.905,robot_2,0.399,1.523
1789261812,395473836,178.905,robot_2_carried_generic_box,0.399,1.524
1789261812,395492210,178.905,robot_0_carried_generic_box,1.746,0.969
1789261812,601108840,179.110,robot_1,0.875,-2.214
1789261812,601189282,179.110,robot_0,1.756,0.969
1789261812,601227658,179.110,robot_2,0.399,1.523
1789261812,601330512,179.110,robot_2_carried_generic_box,0.399,1.524
1789261812,601366660,179.110,robot_0_carried_generic_box,1.753,0.969
1789261812,825344422,179.334,robot_1,0.874,-2.211
1789261812,826212360,179.335,robot_0,1.756,0.968
1789261812,826290196,179.335,robot_2,0.400,1.523
1789261812,826330424,179.335,robot_2_carried_generic_box,0.399,1.523
1789261812,826356096,179.335,robot_0_carried_generic_box,1.756,0.969
1789261813,62095244,179.571,robot_1,0.870,-2.204
1789261813,62159721,179.571,robot_0,1.762,0.969
1789261813,68334463,179.577,robot_2,0.400,1.523
1789261813,68410953,179.578,robot_2_carried_generic_box,0.400,1.523
1789261813,68437466,179.578,robot_0_carried_generic_box,1.756,0.968
1789261813,294528144,179.804,robot_1,0.873,-2.209
1789261813,294596348,179.804,robot_0,1.782,0.973
1789261813,294632897,179.804,robot_2,0.400,1.523
1789261813,294664572,179.804,robot_2_carried_generic_box,0.400,1.523
1789261813,294688163,179.804,robot_0_carried_generic_box,1.760,0.969
1789261813,503899229,180.016,robot_1,0.878,-2.221
1789261813,507231720,180.016,robot_0,1.802,0.978
1789261813,507296713,180.016,robot_2,0.400,1.523
1789261813,507334877,180.016,robot_2_carried_generic_box,0.400,1.523
1789261813,507355757,180.016,robot_0_carried_generic_box,1.772,0.971
1789261813,736821313,180.246,robot_1,0.885,-2.236
1789261813,736882633,180.246,robot_0,1.817,0.981
1789261813,736914521,180.246,robot_2,0.409,1.528
1789261813,736946098,180.246,robot_2_carried_generic_box,0.400,1.523
1789261813,736966120,180.246,robot_0_carried_generic_box,1.799,0.977
1789261813,968784877,180.478,robot_1,0.891,-2.248
1789261813,968855599,180.486,robot_0,1.826,0.983
1789261813,976949817,180.486,robot_2,0.418,1.533
1789261813,976994381,180.486,robot_2_carried_generic_box,0.404,1.525
1789261813,977019032,180.486,robot_0_carried_generic_box,1.811,0.980
1789261814,185174821,180.694,robot_1,0.895,-2.256
1789261814,185238493,180.694,robot_0,1.833,0.985
1789261814,185269860,180.694,robot_2,0.422,1.535
1789261814,185298509,180.694,robot_2_carried_generic_box,0.413,1.530
1789261814,185317794,180.694,robot_0_carried_generic_box,1.817,0.981
1789261814,415566274,180.925,robot_1,0.895,-2.257
1789261814,423149820,180.932,robot_0,1.834,0.985
1789261814,423244510,180.932,robot_2,0.431,1.540
1789261814,423280246,180.932,robot_2_carried_generic_box,0.418,1.533
1789261814,423302711,180.932,robot_0_carried_generic_box,1.828,0.984
1789261814,619567823,181.129,robot_1,0.895,-2.257
1789261814,619637482,181.129,robot_0,1.834,0.985
1789261814,619668100,181.129,robot_2,0.435,1.543
1789261814,619696434,181.129,robot_2_carried_generic_box,0.426,1.537
1789261814,619719084,181.129,robot_0_carried_generic_box,1.834,0.985
1789261814,837679557,181.347,robot_1,0.895,-2.257
1789261814,851117356,181.361,robot_0,1.834,0.985
1789261814,851809659,181.361,robot_2,0.433,1.542
1789261814,851851651,181.361,robot_2_carried_generic_box,0.433,1.542
1789261814,851875909,181.361,robot_0_carried_generic_box,1.834,0.985
1789261815,70323685,181.579,robot_1,0.895,-2.257
1789261815,70391425,181.580,robot_0,1.834,0.985
1789261815,70425595,181.580,robot_2,0.425,1.537
1789261815,70464150,181.580,robot_2_carried_generic_box,0.435,1.543
1789261815,70488317,181.580,robot_0_carried_generic_box,1.834,0.985
1789261815,322916819,181.843,robot_1,0.895,-2.257
1789261815,334384886,181.844,robot_0,1.834,0.985
1789261815,334424644,181.844,robot_2,0.425,1.537
1789261815,334455860,181.844,robot_2_carried_generic_box,0.433,1.542
1789261815,334475013,181.844,robot_0_carried_generic_box,1.834,0.985
1789261815,542569238,182.052,robot_1,0.895,-2.257
1789261815,542632936,182.052,robot_0,1.834,0.985
1789261815,542670813,182.052,robot_2,0.429,1.539
1789261815,542702836,182.052,robot_2_carried_generic_box,0.425,1.537
1789261815,542728649,182.052,robot_0_carried_generic_box,1.834,0.985
1789261815,744288146,182.253,robot_1,0.895,-2.257
1789261815,744360687,182.253,robot_0,1.834,0.985
1789261815,744396581,182.254,robot_2,0.438,1.545
1789261815,744427946,182.254,robot_2_carried_generic_box,0.426,1.537
1789261815,744447133,182.254,robot_0_carried_generic_box,1.834,0.985
1789261815,968557383,182.478,robot_1,0.894,-2.257
1789261815,968621052,182.478,robot_0,1.834,0.985
1789261815,968652458,182.478,robot_2,0.442,1.547
1789261815,968680022,182.478,robot_2_carried_generic_box,0.432,1.541
1789261815,968700576,182.478,robot_0_carried_generic_box,1.834,0.985
1789261816,195473420,182.705,robot_1,0.894,-2.257
1789261816,195563527,182.705,robot_0,1.834,0.985
1789261816,195594270,182.705,robot_2,0.442,1.547
1789261816,195622468,182.705,robot_2_carried_generic_box,0.439,1.545
1789261816,195643335,182.705,robot_0_carried_generic_box,1.834,0.985
1789261816,404867236,182.914,robot_1,0.894,-2.258
1789261816,404939278,182.914,robot_0,1.834,0.984
1789261816,404972005,182.914,robot_2,0.440,1.546
1789261816,404997900,182.914,robot_2_carried_generic_box,0.442,1.547
1789261816,405018260,182.914,robot_0_carried_generic_box,1.834,0.985
1789261816,607381694,183.117,robot_1,0.894,-2.258
1789261816,607444562,183.117,robot_0,1.834,0.984
1789261816,607475195,183.117,robot_2,0.431,1.541
1789261816,607502208,183.117,robot_2_carried_generic_box,0.442,1.547
1789261816,607521315,183.117,robot_0_carried_generic_box,1.834,0.985
1789261816,857324244,183.366,robot_1,0.894,-2.258
1789261816,857389966,183.367,robot_0,1.834,0.984
1789261816,857420086,183.367,robot_2,0.427,1.538
1789261816,857449921,183.367,robot_2_carried_generic_box,0.435,1.543
1789261816,857472751,183.367,robot_0_carried_generic_box,1.834,0.984
1789261817,72480285,183.582,robot_1,0.894,-2.258
1789261817,72547346,183.582,robot_0,1.834,0.984
1789261817,85101626,183.594,robot_2,0.432,1.541
1789261817,85185177,183.594,robot_2_carried_generic_box,0.427,1.538
1789261817,85218218,183.594,robot_0_carried_generic_box,1.834,0.984
1789261817,325039466,183.834,robot_1,0.894,-2.258
1789261817,325100139,183.834,robot_0,1.834,0.984
1789261817,325129689,183.834,robot_2,0.434,1.543
1789261817,325159264,183.834,robot_2_carried_generic_box,0.429,1.539
1789261817,325183030,183.834,robot_0_carried_generic_box,1.834,0.984
1789261817,543482233,184.053,robot_1,0.894,-2.258
1789261817,543539214,184.053,robot_0,1.834,0.984
1789261817,543572005,184.053,robot_2,0.429,1.539
1789261817,543603120,184.053,robot_2_carried_generic_box,0.434,1.542
1789261817,543626427,184.053,robot_0_carried_generic_box,1.834,0.984
1789261817,760668978,184.270,robot_1,0.893,-2.258
1789261817,760729308,184.270,robot_0,1.834,0.984
1789261817,760755828,184.270,robot_2,0.427,1.538
1789261817,760782752,184.270,robot_2_carried_generic_box,0.432,1.541
1789261817,768962426,184.278,robot_0_carried_generic_box,1.834,0.984
1789261817,968188743,184.477,robot_1,0.888,-2.256
1789261817,968250846,184.477,robot_0,1.834,0.984
1789261817,968283825,184.477,robot_2,0.427,1.538
1789261817,968313629,184.477,robot_2_carried_generic_box,0.428,1.539
1789261817,968335628,184.477,robot_0_carried_generic_box,1.834,0.984
1789261818,180170206,184.689,robot_1,0.877,-2.253
1789261818,180251236,184.689,robot_0,1.835,0.984
1789261818,180283812,184.689,robot_2,0.427,1.538
1789261818,180314801,184.689,robot_2_carried_generic_box,0.427,1.538
1789261818,180338432,184.689,robot_0_carried_generic_box,1.834,0.984
1789261818,404255399,184.913,robot_1,0.866,-2.250
1789261818,404321854,184.913,robot_0,1.833,0.982
1789261818,404356988,184.913,robot_2,0.427,1.538
1789261818,404389724,184.914,robot_2_carried_generic_box,0.427,1.538
1789261818,404415545,184.914,robot_0_carried_generic_box,1.834,0.984
1789261818,642259469,185.151,robot_1,0.862,-2.249
1789261818,642338567,185.151,robot_0,1.828,0.974
1789261818,642374031,185.151,robot_2,0.427,1.538
1789261818,642403095,185.152,robot_2_carried_generic_box,0.427,1.538
1789261818,642428525,185.152,robot_0_carried_generic_box,1.834,0.983
1789261818,867811879,185.377,robot_1,0.862,-2.249
1789261818,867879412,185.377,robot_0,1.822,0.964
1789261818,867911128,185.377,robot_2,0.427,1.538
1789261818,867944996,185.377,robot_2_carried_generic_box,0.427,1.538
1789261818,867964919,185.377,robot_0_carried_generic_box,1.832,0.980
1789261819,103885615,185.613,robot_1,0.862,-2.249
1789261819,103970267,185.613,robot_0,1.821,0.962
1789261819,104009248,185.613,robot_2,0.427,1.538
1789261819,104038535,185.613,robot_2_carried_generic_box,0.427,1.538
1789261819,104060755,185.613,robot_0_carried_generic_box,1.824,0.967
1789261819,323957013,185.833,robot_1,0.862,-2.249
1789261819,324024848,185.833,robot_0,1.824,0.969
1789261819,324060503,185.833,robot_2,0.427,1.537
1789261819,324092465,185.833,robot_2_carried_generic_box,0.427,1.538
1789261819,324120211,185.833,robot_0_carried_generic_box,1.821,0.962
1789261819,583459324,186.093,robot_1,0.862,-2.248
1789261819,583526792,186.093,robot_0,1.826,0.973
1789261819,583556558,186.093,robot_2,0.427,1.537
1789261819,583583279,186.093,robot_2_carried_generic_box,0.427,1.537
1789261819,583602688,186.093,robot_0_carried_generic_box,1.823,0.966
1789261819,832429534,186.342,robot_1,0.862,-2.248
1789261819,832502211,186.342,robot_0,1.829,0.978
1789261819,832534228,186.342,robot_2,0.427,1.537
1789261819,832564302,186.342,robot_2_carried_generic_box,0.427,1.537
1789261819,832585463,186.342,robot_0_carried_generic_box,1.826,0.971
1789261820,63551096,186.573,robot_1,0.862,-2.248
1789261820,63609270,186.573,robot_0,1.831,0.983
1789261820,63637771,186.573,robot_2,0.427,1.537
1789261820,63664371,186.573,robot_2_carried_generic_box,0.427,1.537
1789261820,63684736,186.573,robot_0_carried_generic_box,1.828,0.976
1789261820,283330131,186.792,robot_1,0.862,-2.248
1789261820,283397157,186.793,robot_0,1.831,0.982
1789261820,283429803,186.793,robot_2,0.427,1.537
1789261820,283459459,186.793,robot_2_carried_generic_box,0.427,1.537
1789261820,283479062,186.793,robot_0_carried_generic_box,1.831,0.983
1789261820,499160921,187.008,robot_1,0.862,-2.248
1789261820,499221706,187.008,robot_0,1.827,0.973
1789261820,499254562,187.008,robot_2,0.427,1.537
1789261820,499286581,187.008,robot_2_carried_generic_box,0.427,1.537
1789261820,499305639,187.008,robot_0_carried_generic_box,1.831,0.983
1789261820,740589527,187.250,robot_1,0.861,-2.247
1789261820,740662697,187.252,robot_0,1.827,0.973
1789261820,743086625,187.252,robot_2,0.427,1.537
1789261820,743143005,187.252,robot_2_carried_generic_box,0.427,1.537
1789261820,743165795,187.252,robot_0_carried_generic_box,1.829,0.977
1789261820,934303604,187.443,robot_1,0.857,-2.244
1789261820,934365451,187.443,robot_0,1.830,0.980
1789261820,934396228,187.444,robot_2,0.428,1.537
1789261820,934424393,187.444,robot_2_carried_generic_box,0.427,1.537
1789261820,934445767,187.444,robot_0_carried_generic_box,1.826,0.972
1789261821,155250990,187.664,robot_1,0.861,-2.247
1789261821,155319374,187.664,robot_0,1.831,0.983
1789261821,155348733,187.664,robot_2,0.428,1.537
1789261821,155377668,187.665,robot_2_carried_generic_box,0.428,1.537
1789261821,155400502,187.665,robot_0_carried_generic_box,1.827,0.974
1789261821,407381910,187.917,robot_1,0.873,-2.258
1789261821,407458740,187.917,robot_0,1.831,0.983
1789261821,407495663,187.917,robot_2,0.428,1.537
1789261821,407528967,187.917,robot_2_carried_generic_box,0.428,1.537
1789261821,407554355,187.917,robot_0_carried_generic_box,1.831,0.983
1789261821,618225295,188.127,robot_1,0.882,-2.266
1789261821,618308043,188.127,robot_0,1.831,0.983
1789261821,618347225,188.127,robot_2,0.428,1.537
1789261821,618376731,188.127,robot_2_carried_generic_box,0.428,1.537
1789261821,618400306,188.128,robot_0_carried_generic_box,1.831,0.983
1789261821,820231341,188.329,robot_1,0.892,-2.275
1789261821,820302677,188.329,robot_0,1.831,0.983
1789261821,820334379,188.329,robot_2,0.428,1.537
1789261821,820365900,188.329,robot_2_carried_generic_box,0.428,1.537
1789261821,820391013,188.330,robot_0_carried_generic_box,1.831,0.983
1789261822,27691837,188.537,robot_1,0.906,-2.289
1789261822,56803830,188.566,robot_0,1.831,0.983
1789261822,56888866,188.566,robot_2,0.427,1.529
1789261822,56933084,188.566,robot_2_carried_generic_box,0.428,1.537
1789261822,56959482,188.566,robot_0_carried_generic_box,1.831,0.983
1789261822,261516165,188.771,robot_1,0.918,-2.300
1789261822,261585055,188.771,robot_0,1.831,0.983
1789261822,261619233,188.771,robot_2,0.427,1.522
1789261822,261652390,188.771,robot_2_carried_generic_box,0.427,1.529
1789261822,261678510,188.771,robot_0_carried_generic_box,1.831,0.983
1789261822,494819428,189.004,robot_1,0.931,-2.313
1789261822,494885478,189.004,robot_0,1.832,0.983
1789261822,494915513,189.004,robot_2,0.426,1.514
1789261822,494951149,189.004,robot_2_carried_generic_box,0.427,1.527
1789261822,494972487,189.004,robot_0_carried_generic_box,1.831,0.983
1789261822,742658631,189.252,robot_1,0.939,-2.321
1789261822,742723292,189.252,robot_0,1.832,0.983
1789261822,742754274,189.252,robot_2,0.425,1.503
1789261822,742782394,189.252,robot_2_carried_generic_box,0.426,1.516
1789261822,742802923,189.252,robot_0_carried_generic_box,1.832,0.983
1789261822,976658885,189.486,robot_1,0.941,-2.323
1789261822,976733637,189.486,robot_0,1.832,0.983
1789261822,976763830,189.486,robot_2,0.425,1.501
1789261822,976795637,189.486,robot_2_carried_generic_box,0.426,1.508
1789261822,976817883,189.486,robot_0_carried_generic_box,1.832,0.983
1789261823,197780035,189.707,robot_1,0.941,-2.323
1789261823,197842026,189.707,robot_0,1.832,0.983
1789261823,197871796,189.707,robot_2,0.425,1.497
1789261823,197898784,189.707,robot_2_carried_generic_box,0.425,1.501
1789261823,197919143,189.707,robot_0_carried_generic_box,1.832,0.983
1789261823,403636814,189.913,robot_1,0.941,-2.323
1789261823,403695236,189.913,robot_0,1.832,0.983
1789261823,403727121,189.913,robot_2,0.425,1.492
1789261823,403757003,189.913,robot_2_carried_generic_box,0.425,1.500
1789261823,403779463,189.913,robot_0_carried_generic_box,1.832,0.983
1789261823,649232877,190.158,robot_1,0.941,-2.323
1789261823,649289675,190.158,robot_0,1.832,0.983
1789261823,649318413,190.158,robot_2,0.424,1.484
1789261823,649345922,190.158,robot_2_carried_generic_box,0.425,1.494
1789261823,649365589,190.158,robot_0_carried_generic_box,1.832,0.983
1789261823,856915902,190.366,robot_1,0.941,-2.323
1789261823,856990673,190.366,robot_0,1.832,0.983
1789261823,857021513,190.366,robot_2,0.424,1.484
1789261823,857049538,190.366,robot_2_carried_generic_box,0.424,1.488
1789261823,857069689,190.366,robot_0_carried_generic_box,1.832,0.983
1789261824,82644960,190.592,robot_1,0.941,-2.323
1789261824,83875974,190.593,robot_0,1.832,0.983
1789261824,83950847,190.593,robot_2,0.424,1.478
1789261824,83986100,190.593,robot_2_carried_generic_box,0.424,1.484
1789261824,84016260,190.593,robot_0_carried_generic_box,1.832,0.983
1789261824,286884734,190.796,robot_1,0.941,-2.323
1789261824,286956612,190.796,robot_0,1.833,0.983
1789261824,286987895,190.796,robot_2,0.423,1.460
1789261824,287013925,190.796,robot_2_carried_generic_box,0.424,1.478
1789261824,287033353,190.796,robot_0_carried_generic_box,1.832,0.983
1789261824,519297299,191.028,robot_1,0.941,-2.323
1789261824,519356795,191.028,robot_0,1.833,0.983
1789261824,519384889,191.029,robot_2,0.423,1.452
1789261824,519410246,191.029,robot_2_carried_generic_box,0.423,1.462
1789261824,519429568,191.029,robot_0_carried_generic_box,1.833,0.983
1789261824,731387821,191.241,robot_1,0.941,-2.323
1789261824,731459428,191.241,robot_0,1.833,0.983
1789261824,731495216,191.241,robot_2,0.423,1.452
1789261824,731525101,191.241,robot_2_carried_generic_box,0.423,1.453
1789261824,731544159,191.241,robot_0_carried_generic_box,1.833,0.983
1789261824,971131643,191.480,robot_1,0.941,-2.323
1789261824,971197556,191.480,robot_0,1.833,0.983
1789261824,971221965,191.480,robot_2,0.423,1.452
1789261824,971246747,191.480,robot_2_carried_generic_box,0.423,1.452
1789261824,971263986,191.480,robot_0_carried_generic_box,1.833,0.983
1789261825,181487092,191.691,robot_1,0.941,-2.323
1789261825,181549938,191.691,robot_0,1.833,0.983
1789261825,181583619,191.691,robot_2,0.423,1.453
1789261825,181614763,191.691,robot_2_carried_generic_box,0.423,1.452
1789261825,181637061,191.691,robot_0_carried_generic_box,1.833,0.983
1789261825,429576979,191.939,robot_1,0.941,-2.323
1789261825,434316018,191.943,robot_0,1.833,0.983
1789261825,434413327,191.944,robot_2,0.423,1.453
1789261825,434454810,191.944,robot_2_carried_generic_box,0.423,1.453
1789261825,434478231,191.944,robot_0_carried_generic_box,1.833,0.983
1789261825,638751326,192.148,robot_1,0.941,-2.323
1789261825,638824250,192.148,robot_0,1.833,0.983
1789261825,638861978,192.148,robot_2,0.423,1.453
1789261825,638896104,192.148,robot_2_carried_generic_box,0.423,1.453
1789261825,669061698,192.178,robot_0_carried_generic_box,1.833,0.983
1789261825,861181247,192.370,robot_1,0.941,-2.323
1789261825,861258173,192.370,robot_0,1.834,0.984
1789261825,861293326,192.370,robot_2,0.423,1.453
1789261825,874383211,192.384,robot_2_carried_generic_box,0.423,1.453
1789261825,874504272,192.384,robot_0_carried_generic_box,1.833,0.983
1789261826,98685153,192.608,robot_1,0.941,-2.323
1789261826,98749084,192.608,robot_0,1.833,0.985
1789261826,98780251,192.608,robot_2,0.422,1.453
1789261826,98807586,192.608,robot_2_carried_generic_box,0.423,1.453
1789261826,98829542,192.608,robot_0_carried_generic_box,1.833,0.983
1789261826,313397722,192.823,robot_1,0.941,-2.323
1789261826,313473429,192.823,robot_0,1.829,0.991
1789261826,313511976,192.823,robot_2,0.422,1.453
1789261826,313546075,192.823,robot_2_carried_generic_box,0.422,1.453
1789261826,313568434,192.823,robot_0_carried_generic_box,1.834,0.984
1789261826,535730667,193.045,robot_1,0.941,-2.323
1789261826,535789849,193.045,robot_0,1.828,0.993
1789261826,535824613,193.045,robot_2,0.421,1.452
1789261826,535855853,193.045,robot_2_carried_generic_box,0.422,1.453
1789261826,535881397,193.045,robot_0_carried_generic_box,1.830,0.990
1789261826,790450712,193.300,robot_1,0.941,-2.323
1789261826,790516804,193.300,robot_0,1.828,0.994
1789261826,790553746,193.309,robot_2,0.418,1.446
1789261826,799771109,193.309,robot_2_carried_generic_box,0.422,1.453
1789261826,799812275,193.309,robot_0_carried_generic_box,1.828,0.993
1789261827,4519319,193.514,robot_1,0.941,-2.323
1789261827,4585323,193.514,robot_0,1.828,0.994
1789261827,4617067,193.514,robot_2,0.415,1.441
1789261827,4650296,193.514,robot_2_carried_generic_box,0.421,1.452
1789261827,4678103,193.514,robot_0_carried_generic_box,1.828,0.993
1789261827,296431210,193.806,robot_1,0.941,-2.323
1789261827,296498778,193.806,robot_0,1.824,0.998
1789261827,296529650,193.806,robot_2,0.413,1.438
1789261827,296557633,193.806,robot_2_carried_generic_box,0.417,1.444
1789261827,296577671,193.806,robot_0_carried_generic_box,1.828,0.994
1789261827,533019148,194.042,robot_1,0.940,-2.323
1789261827,533102101,194.042,robot_0,1.825,0.997
1789261827,533134268,194.042,robot_2,0.413,1.438
1789261827,533165153,194.042,robot_2_carried_generic_box,0.413,1.438
1789261827,533187832,194.042,robot_0_carried_generic_box,1.828,0.994
1789261827,779038721,194.288,robot_1,0.933,-2.320
1789261827,779106476,194.288,robot_0,1.834,0.989
1789261827,779141862,194.288,robot_2,0.413,1.438
1789261827,779172627,194.288,robot_2_carried_generic_box,0.413,1.438
1789261827,779198013,194.288,robot_0_carried_generic_box,1.824,0.998
1789261827,996021587,194.505,robot_1,0.922,-2.316
1789261827,996089136,194.505,robot_0,1.838,0.986
1789261827,996119608,194.505,robot_2,0.413,1.438
1789261827,996149057,194.505,robot_2_carried_generic_box,0.413,1.438
1789261827,996170192,194.505,robot_0_carried_generic_box,1.830,0.993
1789261828,216237680,194.725,robot_1,0.912,-2.312
1789261828,216313034,194.725,robot_0,1.838,0.986
1789261828,216344199,194.725,robot_2,0.413,1.438
1789261828,216370999,194.725,robot_2_carried_generic_box,0.413,1.438
1789261828,216390099,194.726,robot_0_carried_generic_box,1.837,0.987
1789261828,426397298,194.936,robot_1,0.909,-2.311
1789261828,426475230,194.936,robot_0,1.838,0.986
1789261828,426513234,194.936,robot_2,0.413,1.438
1789261828,426548089,194.936,robot_2_carried_generic_box,0.413,1.438
1789261828,426574462,194.936,robot_0_carried_generic_box,1.838,0.986
1789261828,640236587,195.164,robot_1,0.909,-2.311
1789261828,654612093,195.164,robot_0,1.838,0.986
1789261828,654660288,195.164,robot_2,0.413,1.438
1789261828,654692252,195.164,robot_2_carried_generic_box,0.413,1.438
1789261828,654716880,195.164,robot_0_carried_generic_box,1.838,0.986
1789261828,866795605,195.376,robot_1,0.909,-2.311
1789261828,866861276,195.376,robot_0,1.838,0.987
1789261828,866898238,195.376,robot_2,0.413,1.438
1789261828,879457837,195.389,robot_2_carried_generic_box,0.413,1.438
1789261828,879549902,195.389,robot_0_carried_generic_box,1.838,0.986
1789261829,99393312,195.609,robot_1,0.909,-2.311
1789261829,100865557,195.610,robot_0,1.838,0.987
1789261829,103162855,195.612,robot_2,0.413,1.438
1789261829,103232248,195.612,robot_2_carried_generic_box,0.413,1.438
1789261829,103264356,195.612,robot_0_carried_generic_box,1.838,0.986
1789261829,328936503,195.838,robot_1,0.909,-2.311
1789261829,329009919,195.838,robot_0,1.838,0.987
1789261829,329042411,195.838,robot_2,0.413,1.438
1789261829,329069055,195.838,robot_2_carried_generic_box,0.413,1.438
1789261829,329087921,195.838,robot_0_carried_generic_box,1.838,0.987
1789261829,567495895,196.077,robot_1,0.910,-2.311
1789261829,567556191,196.077,robot_0,1.838,0.987
1789261829,567584748,196.077,robot_2,0.413,1.437
1789261829,567612283,196.077,robot_2_carried_generic_box,0.413,1.437
1789261829,567632143,196.077,robot_0_carried_generic_box,1.838,0.987
1789261829,769254027,196.278,robot_1,0.910,-2.311
1789261829,769329953,196.278,robot_0,1.838,0.987
1789261829,769366532,196.278,robot_2,0.413,1.437
1789261829,769401582,196.279,robot_2_carried_generic_box,0.413,1.437
1789261829,769424372,196.279,robot_0_carried_generic_box,1.838,0.987
1789261830,6435653,196.516,robot_1,0.910,-2.311
1789261830,6504611,196.516,robot_0,1.838,0.987
1789261830,6535070,196.516,robot_2,0.413,1.437
1789261830,6563100,196.516,robot_2_carried_generic_box,0.413,1.437
1789261830,6584392,196.516,robot_0_carried_generic_box,1.838,0.987
1789261830,226854266,196.736,robot_1,0.910,-2.311
1789261830,226950944,196.736,robot_0,1.838,0.987
1789261830,226997710,196.736,robot_2,0.413,1.437
1789261830,227035100,196.736,robot_2_carried_generic_box,0.413,1.437
1789261830,227062459,196.736,robot_0_carried_generic_box,1.838,0.987
1789261830,440887858,196.950,robot_1,0.910,-2.311
1789261830,440969008,196.950,robot_0,1.838,0.988
1789261830,441007727,196.950,robot_2,0.413,1.437
1789261830,441041808,196.950,robot_2_carried_generic_box,0.413,1.437
1789261830,441069084,196.950,robot_0_carried_generic_box,1.838,0.987
1789261830,683860650,197.193,robot_1,0.910,-2.311
1789261830,683941990,197.193,robot_0,1.838,0.988
1789261830,683980008,197.193,robot_2,0.414,1.439
1789261830,684014802,197.193,robot_2_carried_generic_box,0.413,1.437
1789261830,684037126,197.193,robot_0_carried_generic_box,1.838,0.987
1789261830,911545693,197.421,robot_1,0.909,-2.310
1789261830,911612398,197.421,robot_0,1.838,0.988
1789261830,911647732,197.421,robot_2,0.414,1.444
1789261830,911675774,197.421,robot_2_carried_generic_box,0.413,1.438
1789261830,911695740,197.421,robot_0_carried_generic_box,1.838,0.988
1789261831,126761052,197.636,robot_1,0.906,-2.306
1789261831,126838508,197.636,robot_0,1.838,0.988
1789261831,126875834,197.636,robot_2,0.414,1.446
1789261831,126907867,197.636,robot_2_carried_generic_box,0.414,1.442
1789261831,126933910,197.636,robot_0_carried_generic_box,1.838,0.988
1789261831,394103460,197.903,robot_1,0.908,-2.308
1789261831,394234600,197.903,robot_0,1.838,0.988
1789261831,394268048,197.903,robot_2,0.415,1.440
1789261831,394297825,197.903,robot_2_carried_generic_box,0.414,1.446
1789261831,394321025,197.903,robot_0_carried_generic_box,1.838,0.988
1789261831,604068391,198.113,robot_1,0.908,-2.309
1789261831,604143662,198.113,robot_0,1.838,0.988
1789261831,604173431,198.113,robot_2,0.415,1.428
1789261831,604202114,198.113,robot_2_carried_generic_box,0.414,1.446
1789261831,604222180,198.113,robot_0_carried_generic_box,1.838,0.988
1789261831,844745419,198.354,robot_1,0.908,-2.308
1789261831,844811595,198.354,robot_0,1.839,0.989
1789261831,844839903,198.354,robot_2,0.416,1.413
1789261831,844868044,198.354,robot_2_carried_generic_box,0.415,1.434
1789261831,844890203,198.354,robot_0_carried_generic_box,1.838,0.988
1789261832,51718590,198.561,robot_1,0.908,-2.308
1789261832,51790101,198.561,robot_0,1.844,0.990
1789261832,51829277,198.561,robot_2,0.416,1.406
1789261832,51863935,198.561,robot_2_carried_generic_box,0.415,1.422
1789261832,51889657,198.561,robot_0_carried_generic_box,1.838,0.988
1789261832,261360241,198.770,robot_1,0.908,-2.308
1789261832,261423047,198.771,robot_0,1.850,0.992
1789261832,261451811,198.771,robot_2,0.417,1.394
1789261832,261478058,198.771,robot_2_carried_generic_box,0.416,1.412
1789261832,261496690,198.771,robot_0_carried_generic_box,1.841,0.989
1789261832,489731728,198.999,robot_1,0.909,-2.308
1789261832,489798072,198.999,robot_0,1.850,0.992
1789261832,489831812,198.999,robot_2,0.418,1.381
1789261832,489861250,198.999,robot_2_carried_generic_box,0.417,1.400
1789261832,489882545,198.999,robot_0_carried_generic_box,1.844,0.990
1789261832,720716442,199.230,robot_1,0.909,-2.308
1789261832,720792293,199.230,robot_0,1.845,0.990
1789261832,720830744,199.230,robot_2,0.420,1.368
1789261832,720861537,199.230,robot_2_carried_generic_box,0.418,1.383
1789261832,720884127,199.230,robot_0_carried_generic_box,1.850,0.992
1789261832,986462810,199.496,robot_1,0.907,-2.303
1789261832,986527283,199.496,robot_0,1.842,0.989
1789261832,986563144,199.496,robot_2,0.421,1.354
1789261832,986598850,199.496,robot_2_carried_generic_box,0.419,1.373
1789261832,986627149,199.496,robot_0_carried_generic_box,1.849,0.991
1789261833,202564884,199.712,robot_1,0.907,-2.302
1789261833,202628972,199.712,robot_0,1.847,0.991
1789261833,202657829,199.712,robot_2,0.422,1.343
1789261833,202688755,199.712,robot_2_carried_generic_box,0.421,1.358
1789261833,211347635,199.721,robot_0_carried_generic_box,1.842,0.989
1789261833,445337072,199.954,robot_1,0.907,-2.302
1789261833,445397846,199.955,robot_0,1.845,0.990
1789261833,445428774,199.955,robot_2,0.422,1.343
1789261833,445461364,199.955,robot_2_carried_generic_box,0.422,1.346
1789261833,445488306,199.955,robot_0_carried_generic_box,1.846,0.991
1789261833,682500969,200.192,robot_1,0.907,-2.302
1789261833,682595986,200.192,robot_0,1.837,0.987
1789261833,682635526,200.192,robot_2,0.422,1.343
1789261833,682671475,200.192,robot_2_carried_generic_box,0.422,1.343
1789261833,682700789,200.192,robot_0_carried_generic_box,1.847,0.991
1789261833,904982498,200.414,robot_1,0.907,-2.302
1789261833,905079774,200.414,robot_0,1.832,0.985
1789261833,905120050,200.414,robot_2,0.422,1.343
1789261833,905156516,200.414,robot_2_carried_generic_box,0.422,1.343
1789261833,905184395,200.414,robot_0_carried_generic_box,1.839,0.988
1789261834,95472876,200.605,robot_1,0.907,-2.302
1789261834,95544234,200.605,robot_0,1.832,0.985
1789261834,95581608,200.605,robot_2,0.422,1.343
1789261834,95618309,200.605,robot_2_carried_generic_box,0.422,1.343
1789261834,95646095,200.605,robot_0_carried_generic_box,1.835,0.986
1789261834,332493874,200.842,robot_1,0.907,-2.302
1789261834,332558617,200.842,robot_0,1.834,0.986
1789261834,332587202,200.842,robot_2,0.422,1.343
1789261834,332615484,200.842,robot_2_carried_generic_box,0.422,1.343
1789261834,332639027,200.842,robot_0_carried_generic_box,1.832,0.985
1789261834,565736663,201.075,robot_1,0.907,-2.302
1789261834,565810730,201.075,robot_0,1.841,0.988
1789261834,565844082,201.075,robot_2,0.422,1.343
1789261834,565877078,201.075,robot_2_carried_generic_box,0.422,1.343
1789261834,565898384,201.075,robot_0_carried_generic_box,1.832,0.985
1789261834,780812825,201.290,robot_1,0.907,-2.302
1789261834,780873152,201.290,robot_0,1.850,0.992
1789261834,780903173,201.290,robot_2,0.422,1.343
1789261834,780939181,201.290,robot_2_carried_generic_box,0.422,1.343
1789261834,780963182,201.290,robot_0_carried_generic_box,1.837,0.987
1789261835,1357303,201.510,robot_1,0.907,-2.302
1789261835,1416743,201.511,robot_0,1.858,0.994
1789261835,1449585,201.511,robot_2,0.422,1.343
1789261835,1479857,201.511,robot_2_carried_generic_box,0.422,1.343
1789261835,1501636,201.511,robot_0_carried_generic_box,1.845,0.990
1789261835,205274489,201.714,robot_1,0.907,-2.302
1789261835,205342042,201.714,robot_0,1.857,0.994
1789261835,205373717,201.714,robot_2,0.422,1.343
1789261835,205406520,201.715,robot_2_carried_generic_box,0.422,1.343
1789261835,205431049,201.715,robot_0_carried_generic_box,1.856,0.994
1789261835,443006756,201.952,robot_1,0.907,-2.302
1789261835,459084431,201.969,robot_0,1.848,0.990
1789261835,460012391,201.985,robot_2,0.422,1.343
1789261835,476304131,201.985,robot_2_carried_generic_box,0.422,1.343
1789261835,476357888,201.985,robot_0_carried_generic_box,1.859,0.995
1789261835,689441838,202.199,robot_1,0.906,-2.302
1789261835,689506606,202.199,robot_0,1.844,0.989
1789261835,689545545,202.199,robot_2,0.423,1.343
1789261835,689581984,202.199,robot_2_carried_generic_box,0.422,1.343
1789261835,689611334,202.199,robot_0_carried_generic_box,1.853,0.992
1789261835,929590794,202.439,robot_1,0.906,-2.302
1789261835,929677858,202.439,robot_0,1.844,0.989
1789261835,929713880,202.439,robot_2,0.423,1.343
1789261835,929744332,202.439,robot_2_carried_generic_box,0.422,1.343
1789261835,929769153,202.439,robot_0_carried_generic_box,1.844,0.989
1789261836,129863039,202.639,robot_1,0.906,-2.302
1789261836,129935379,202.639,robot_0,1.844,0.989
1789261836,129974392,202.666,robot_2,0.423,1.343
1789261836,157306519,202.666,robot_2_carried_generic_box,0.423,1.343
1789261836,157372976,202.667,robot_0_carried_generic_box,1.844,0.989
1789261836,392097185,202.901,robot_1,0.906,-2.303
1789261836,392161295,202.901,robot_0,1.844,0.989
1789261836,392194476,202.901,robot_2,0.423,1.343
1789261836,392225232,202.901,robot_2_carried_generic_box,0.423,1.343
1789261836,392251550,202.901,robot_0_carried_generic_box,1.844,0.989
1789261836,599742535,203.113,robot_1,0.906,-2.303
1789261836,604258858,203.113,robot_0,1.844,0.989
1789261836,604308418,203.113,robot_2,0.423,1.343
1789261836,604341131,203.113,robot_2_carried_generic_box,0.423,1.343
1789261836,604361246,203.113,robot_0_carried_generic_box,1.844,0.989
1789261836,801795925,203.311,robot_1,0.906,-2.303
1789261836,801852109,203.311,robot_0,1.844,0.989
1789261836,801882494,203.311,robot_2,0.423,1.343
1789261836,801909445,203.311,robot_2_carried_generic_box,0.423,1.343
1789261836,830494655,203.340,robot_0_carried_generic_box,1.844,0.989
1789261837,26132980,203.535,robot_1,0.906,-2.303
1789261837,26199669,203.535,robot_0,1.844,0.989
1789261837,26230446,203.535,robot_2,0.423,1.343
1789261837,26257883,203.535,robot_2_carried_generic_box,0.423,1.343
1789261837,26277182,203.535,robot_0_carried_generic_box,1.844,0.989
1789261837,259558781,203.769,robot_1,0.906,-2.303
1789261837,259622217,203.769,robot_0,1.844,0.990
1789261837,259653044,203.769,robot_2,0.423,1.343
1789261837,259682371,203.769,robot_2_carried_generic_box,0.423,1.343
1789261837,259703529,203.769,robot_0_carried_generic_box,1.844,0.989
1789261837,555328773,204.064,robot_1,0.901,-2.299
1789261837,555389922,204.065,robot_0,1.843,0.990
1789261837,555420326,204.065,robot_2,0.423,1.343
1789261837,555450518,204.065,robot_2_carried_generic_box,0.423,1.343
1789261837,555476829,204.065,robot_0_carried_generic_box,1.844,0.990
1789261837,774113204,204.283,robot_1,0.891,-2.292
1789261837,774174726,204.283,robot_0,1.843,0.990
1789261837,774212937,204.283,robot_2,0.419,1.346
1789261837,774247366,204.283,robot_2_carried_generic_box,0.423,1.343
1789261837,774274545,204.283,robot_0_carried_generic_box,1.843,0.990
1789261838,3083842,204.512,robot_1,0.890,-2.291
1789261838,3140513,204.512,robot_0,1.843,0.990
1789261838,3168307,204.512,robot_2,0.416,1.348
1789261838,3193771,204.512,robot_2_carried_generic_box,0.423,1.344
1789261838,3214005,204.512,robot_0_carried_generic_box,1.843,0.990
1789261838,215912876,204.725,robot_1,0.887,-2.289
1789261838,215985043,204.725,robot_0,1.843,0.990
1789261838,216017181,204.725,robot_2,0.416,1.348
1789261838,216046632,204.725,robot_2_carried_generic_box,0.418,1.347
1789261838,216070633,204.725,robot_0_carried_generic_box,1.843,0.990
1789261838,439488630,204.949,robot_1,0.879,-2.284
1789261838,439557869,204.949,robot_0,1.843,0.990
1789261838,439595244,204.949,robot_2,0.417,1.348
1789261838,439633965,204.949,robot_2_carried_generic_box,0.416,1.348
1789261838,439664431,204.949,robot_0_carried_generic_box,1.843,0.990
1789261838,662207279,205.171,robot_1,0.869,-2.277
1789261838,662270403,205.171,robot_0,1.843,0.990
1789261838,662301436,205.171,robot_2,0.424,1.343
1789261838,662336825,205.171,robot_2_carried_generic_box,0.416,1.348
1789261838,662362015,205.171,robot_0_carried_generic_box,1.843,0.990
1789261838,881762137,205.391,robot_1,0.861,-2.272
1789261838,881826023,205.391,robot_0,1.843,0.990
1789261838,881857039,205.391,robot_2,0.432,1.339
1789261838,881888007,205.391,robot_2_carried_generic_box,0.419,1.347
1789261838,881910529,205.391,robot_0_carried_generic_box,1.843,0.990
1789261839,114878668,205.624,robot_1,0.855,-2.268
1789261839,119734160,205.629,robot_0,1.843,0.990
1789261839,119801671,205.629,robot_2,0.443,1.333
1789261839,121704403,205.631,robot_2_carried_generic_box,0.431,1.340
1789261839,121797976,205.631,robot_0_carried_generic_box,1.843,0.990
1789261839,305394935,205.815,robot_1,0.855,-2.267
1789261839,305462055,205.815,robot_0,1.842,0.988
1789261839,305500671,205.815,robot_2,0.447,1.330
1789261839,305534515,205.815,robot_2_carried_generic_box,0.434,1.338
1789261839,305560079,205.815,robot_0_carried_generic_box,1.843,0.990
1789261839,518813646,206.028,robot_1,0.855,-2.267
1789261839,518872683,206.028,robot_0,1.837,0.978
1789261839,518904301,206.028,robot_2,0.444,1.332
1789261839,518942121,206.028,robot_2_carried_generic_box,0.447,1.331
1789261839,518964986,206.028,robot_0_carried_generic_box,1.842,0.990
1789261839,732860968,206.242,robot_1,0.855,-2.267
1789261839,732932125,206.242,robot_0,1.835,0.975
1789261839,732965016,206.242,robot_2,0.442,1.333
1789261839,732995398,206.242,robot_2_carried_generic_box,0.447,1.330
1789261839,733020264,206.242,robot_0_carried_generic_box,1.841,0.986
1789261839,972735764,206.482,robot_1,0.855,-2.267
1789261839,972799234,206.482,robot_0,1.830,0.965
1789261839,972826898,206.482,robot_2,0.442,1.333
1789261839,972856736,206.482,robot_2_carried_generic_box,0.445,1.331
1789261839,972886318,206.482,robot_0_carried_generic_box,1.837,0.978
1789261840,189456984,206.699,robot_1,0.855,-2.268
1789261840,189531651,206.699,robot_0,1.827,0.958
1789261840,189562098,206.699,robot_2,0.442,1.333
1789261840,189593749,206.699,robot_2_carried_generic_box,0.442,1.333
1789261840,189619179,206.699,robot_0_carried_generic_box,1.834,0.972
1789261840,421571185,206.931,robot_1,0.855,-2.268
1789261840,428269157,206.937,robot_0,1.823,0.947
1789261840,428338659,206.937,robot_2,0.442,1.333
1789261840,428372525,206.937,robot_2_carried_generic_box,0.442,1.333
1789261840,428396979,206.938,robot_0_carried_generic_box,1.829,0.962
1789261840,639048565,207.148,robot_1,0.855,-2.268
1789261840,639116003,207.148,robot_0,1.816,0.928
1789261840,639149521,207.148,robot_2,0.442,1.333
1789261840,639186282,207.148,robot_2_carried_generic_box,0.442,1.333
1789261840,639215091,207.148,robot_0_carried_generic_box,1.827,0.958
1789261840,876985897,207.386,robot_1,0.855,-2.268
1789261840,877068441,207.386,robot_0,1.814,0.923
1789261840,877100993,207.386,robot_2,0.442,1.333
1789261840,877131848,207.386,robot_2_carried_generic_box,0.442,1.333
1789261840,877152219,207.386,robot_0_carried_generic_box,1.819,0.936
1789261841,84519886,207.594,robot_1,0.857,-2.269
1789261841,84580163,207.594,robot_0,1.814,0.923
1789261841,84608731,207.594,robot_2,0.442,1.333
1789261841,84635746,207.594,robot_2_carried_generic_box,0.442,1.333
1789261841,84657034,207.594,robot_0_carried_generic_box,1.814,0.924
1789261841,318724712,207.828,robot_1,0.862,-2.270
1789261841,318790300,207.828,robot_0,1.812,0.920
1789261841,318821737,207.828,robot_2,0.442,1.333
1789261841,318853312,207.828,robot_2_carried_generic_box,0.442,1.333
1789261841,318875351,207.828,robot_0_carried_generic_box,1.814,0.923
1789261841,546977651,208.056,robot_1,0.864,-2.270
1789261841,547048081,208.056,robot_0,1.809,0.911
1789261841,547085379,208.056,robot_2,0.442,1.334
1789261841,547123181,208.056,robot_2_carried_generic_box,0.442,1.333
1789261841,547146915,208.056,robot_0_carried_generic_box,1.814,0.923
1789261841,754007349,208.263,robot_1,0.865,-2.270
1789261841,754072536,208.263,robot_0,1.808,0.908
1789261841,754104528,208.263,robot_2,0.442,1.334
1789261841,754134549,208.263,robot_2_carried_generic_box,0.442,1.334
1789261841,754156801,208.263,robot_0_carried_generic_box,1.813,0.921
1789261842,6516725,208.516,robot_1,0.874,-2.271
1789261842,6584999,208.516,robot_0,1.808,0.908
1789261842,6621829,208.516,robot_2,0.442,1.334
1789261842,6659392,208.516,robot_2_carried_generic_box,0.442,1.334
1789261842,6690528,208.516,robot_0_carried_generic_box,1.809,0.908
1789261842,232957837,208.742,robot_1,0.894,-2.273
1789261842,233028539,208.742,robot_0,1.808,0.908
1789261842,233067001,208.742,robot_2,0.442,1.334
1789261842,233102986,208.742,robot_2_carried_generic_box,0.442,1.334
1789261842,233126519,208.742,robot_0_carried_generic_box,1.808,0.908
1789261842,440178464,208.949,robot_1,0.903,-2.273
1789261842,440250195,208.949,robot_0,1.808,0.908
1789261842,440291383,208.949,robot_2,0.442,1.334
1789261842,440329396,208.949,robot_2_carried_generic_box,0.442,1.334
1789261842,440359842,208.949,robot_0_carried_generic_box,1.808,0.908
1789261842,678482497,209.188,robot_1,0.906,-2.274
1789261842,678563851,209.188,robot_0,1.808,0.908
1789261842,678600633,209.188,robot_2,0.442,1.334
1789261842,678630596,209.188,robot_2_carried_generic_box,0.442,1.334
1789261842,678652699,209.188,robot_0_carried_generic_box,1.808,0.908
1789261842,923456272,209.433,robot_1,0.912,-2.274
1789261842,923523052,209.433,robot_0,1.808,0.908
1789261842,923560321,209.433,robot_2,0.442,1.334
1789261842,923597165,209.433,robot_2_carried_generic_box,0.442,1.334
1789261842,923626071,209.433,robot_0_carried_generic_box,1.808,0.908
1789261843,165859633,209.675,robot_1,0.930,-2.276
1789261843,165923955,209.675,robot_0,1.808,0.908
1789261843,165954634,209.675,robot_2,0.442,1.334
1789261843,165984358,209.675,robot_2_carried_generic_box,0.442,1.334
1789261843,166006420,209.675,robot_0_carried_generic_box,1.808,0.908
1789261843,453377916,209.963,robot_1,0.945,-2.278
1789261843,453456056,209.963,robot_0,1.808,0.908
1789261843,453495511,209.963,robot_2,0.442,1.334
1789261843,453532938,209.963,robot_2_carried_generic_box,0.442,1.334
1789261843,453563995,209.963,robot_0_carried_generic_box,1.808,0.908
1789261843,668015028,210.177,robot_1,0.956,-2.279
1789261843,668081697,210.177,robot_0,1.808,0.908
1789261843,668112394,210.177,robot_2,0.442,1.334
1789261843,668146518,210.177,robot_2_carried_generic_box,0.442,1.334
1789261843,668170298,210.177,robot_0_carried_generic_box,1.808,0.908
1789261843,895067455,210.404,robot_1,0.966,-2.280
1789261843,895147723,210.404,robot_0,1.807,0.908
1789261843,895183052,210.404,robot_2,0.442,1.335
1789261843,895215820,210.404,robot_2_carried_generic_box,0.442,1.334
1789261843,895236777,210.404,robot_0_carried_generic_box,1.808,0.908
1789261844,112506340,210.622,robot_1,0.968,-2.281
1789261844,112573301,210.622,robot_0,1.807,0.908
1789261844,112606429,210.622,robot_2,0.448,1.337
1789261844,112638023,210.622,robot_2_carried_generic_box,0.442,1.334
1789261844,112662370,210.622,robot_0_carried_generic_box,1.807,0.908
1789261844,322818509,210.832,robot_1,0.968,-2.281
1789261844,322977001,210.832,robot_0,1.807,0.908
1789261844,323023561,210.832,robot_2,0.457,1.341
1789261844,323057121,210.832,robot_2_carried_generic_box,0.444,1.335
1789261844,323082544,210.832,robot_0_carried_generic_box,1.807,0.908
1789261844,570904533,211.100,robot_1,0.968,-2.281
1789261844,590761322,211.100,robot_0,1.807,0.908
1789261844,590822022,211.100,robot_2,0.466,1.345
1789261844,590860969,211.100,robot_2_carried_generic_box,0.451,1.338
1789261844,590890037,211.100,robot_0_carried_generic_box,1.807,0.908
1789261844,808746088,211.318,robot_1,0.968,-2.280
1789261844,808813523,211.318,robot_0,1.807,0.908
1789261844,808851768,211.318,robot_2,0.467,1.345
1789261844,808887622,211.318,robot_2_carried_generic_box,0.462,1.343
1789261844,808915612,211.342,robot_0_carried_generic_box,1.807,0.908
1789261845,34405752,211.544,robot_1,0.968,-2.280
1789261845,34480202,211.544,robot_0,1.807,0.908
1789261845,34512801,211.544,robot_2,0.467,1.345
1789261845,34547380,211.544,robot_2_carried_generic_box,0.467,1.345
1789261845,34572845,211.544,robot_0_carried_generic_box,1.807,0.908
1789261845,289994424,211.799,robot_1,0.968,-2.280
1789261845,290091719,211.799,robot_0,1.807,0.908
1789261845,290126218,211.799,robot_2,0.467,1.345
1789261845,290171490,211.799,robot_2_carried_generic_box,0.467,1.345
1789261845,290196859,211.799,robot_0_carried_generic_box,1.807,0.908
1789261845,518078550,212.027,robot_1,0.968,-2.280
1789261845,518151656,212.027,robot_0,1.807,0.906
1789261845,518184173,212.027,robot_2,0.467,1.345
1789261845,518216321,212.027,robot_2_carried_generic_box,0.467,1.345
1789261845,518240181,212.027,robot_0_carried_generic_box,1.807,0.908
1789261845,725334039,212.234,robot_1,0.968,-2.280
1789261845,725400582,212.235,robot_0,1.810,0.901
1789261845,725432035,212.235,robot_2,0.466,1.345
1789261845,725462406,212.235,robot_2_carried_generic_box,0.467,1.345
1789261845,725485414,212.235,robot_0_carried_generic_box,1.807,0.908
1789261845,954023853,212.463,robot_1,0.968,-2.280
1789261845,954096753,212.465,robot_0,1.812,0.897
1789261845,956049470,212.468,robot_2,0.461,1.341
1789261845,958725085,212.468,robot_2_carried_generic_box,0.467,1.345
1789261845,964328250,212.473,robot_0_carried_generic_box,1.809,0.904
1789261846,161190059,212.670,robot_1,0.968,-2.280
1789261846,161257043,212.670,robot_0,1.810,0.900
1789261846,161288057,212.670,robot_2,0.457,1.339
1789261846,161320926,212.670,robot_2_carried_generic_box,0.466,1.344
1789261846,161347806,212.670,robot_0_carried_generic_box,1.811,0.900
1789261846,390186517,212.899,robot_1,0.968,-2.280
1789261846,390252283,212.899,robot_0,1.806,0.906
1789261846,390283051,212.899,robot_2,0.457,1.339
1789261846,390313166,212.899,robot_2_carried_generic_box,0.458,1.339
1789261846,390334787,212.899,robot_0_carried_generic_box,1.812,0.897
1789261846,619704221,213.129,robot_1,0.968,-2.280
1789261846,619767154,213.129,robot_0,1.806,0.907
1789261846,619801201,213.129,robot_2,0.457,1.339
1789261846,619837447,213.129,robot_2_carried_generic_box,0.457,1.339
1789261846,619865633,213.129,robot_0_carried_generic_box,1.806,0.906
1789261846,857858242,213.367,robot_1,0.968,-2.280
1789261846,858000327,213.367,robot_0,1.806,0.907
1789261846,858046354,213.367,robot_2,0.457,1.339
1789261846,858077412,213.367,robot_2_carried_generic_box,0.457,1.339
1789261846,858099325,213.367,robot_0_carried_generic_box,1.806,0.907
1789261847,75726028,213.585,robot_1,0.968,-2.280
1789261847,75791763,213.585,robot_0,1.802,0.913
1789261847,75824060,213.585,robot_2,0.457,1.339
1789261847,75856147,213.585,robot_2_carried_generic_box,0.457,1.339
1789261847,75882428,213.585,robot_0_carried_generic_box,1.806,0.907
1789261847,279414788,213.789,robot_1,0.968,-2.281
1789261847,279502831,213.789,robot_0,1.799,0.917
1789261847,279542048,213.789,robot_2,0.457,1.339
1789261847,279578169,213.789,robot_2_carried_generic_box,0.457,1.339
1789261847,279606751,213.789,robot_0_carried_generic_box,1.804,0.910
1789261847,478719264,213.988,robot_1,0.968,-2.281
1789261847,478777247,213.988,robot_0,1.798,0.919
1789261847,478804218,213.988,robot_2,0.457,1.339
1789261847,478831646,213.988,robot_2_carried_generic_box,0.457,1.339
1789261847,490064519,213.999,robot_0_carried_generic_box,1.800,0.916
1789261847,698918491,214.231,robot_1,0.968,-2.281
1789261847,721692915,214.231,robot_0,1.794,0.926
1789261847,721730678,214.231,robot_2,0.457,1.339
1789261847,721764674,214.231,robot_2_carried_generic_box,0.457,1.339
1789261847,721791588,214.231,robot_0_carried_generic_box,1.799,0.917
1789261847,905661233,214.415,robot_1,0.968,-2.281
1789261847,931027504,214.440,robot_0,1.793,0.928
1789261847,931131027,214.440,robot_2,0.457,1.339
1789261847,931178630,214.440,robot_2_carried_generic_box,0.457,1.339
1789261847,931213610,214.440,robot_0_carried_generic_box,1.799,0.918
1789261848,128754712,214.638,robot_1,0.968,-2.281
1789261848,128818903,214.638,robot_0,1.793,0.928
1789261848,128848212,214.638,robot_2,0.457,1.339
1789261848,128876469,214.638,robot_2_carried_generic_box,0.457,1.339
1789261848,128897558,214.638,robot_0_carried_generic_box,1.793,0.927
1789261848,342589218,214.852,robot_1,0.968,-2.281
1789261848,342654997,214.852,robot_0,1.793,0.928
1789261848,342684763,214.852,robot_2,0.457,1.339
1789261848,342715928,214.852,robot_2_carried_generic_box,0.457,1.339
1789261848,342738249,214.852,robot_0_carried_generic_box,1.793,0.928
1789261848,561364765,215.071,robot_1,0.968,-2.281
1789261848,561437472,215.071,robot_0,1.793,0.928
1789261848,561478149,215.071,robot_2,0.457,1.339
1789261848,561515677,215.071,robot_2_carried_generic_box,0.457,1.339
1789261848,561544878,215.071,robot_0_carried_generic_box,1.793,0.928
1789261848,777987385,215.287,robot_1,0.968,-2.281
1789261848,778058803,215.287,robot_0,1.793,0.928
1789261848,778096480,215.287,robot_2,0.457,1.340
1789261848,778133386,215.287,robot_2_carried_generic_box,0.457,1.339
1789261848,778163392,215.287,robot_0_carried_generic_box,1.793,0.928
1789261849,3510445,215.513,robot_1,0.968,-2.281
1789261849,3602766,215.513,robot_0,1.793,0.928
1789261849,3635982,215.513,robot_2,0.456,1.340
1789261849,3666861,215.513,robot_2_carried_generic_box,0.457,1.339
1789261849,3694222,215.513,robot_0_carried_generic_box,1.793,0.928
1789261849,195338781,215.704,robot_1,0.964,-2.283
1789261849,195411614,215.705,robot_0,1.793,0.928
1789261849,195447770,215.705,robot_2,0.456,1.340
1789261849,195483963,215.705,robot_2_carried_generic_box,0.456,1.340
1789261849,195512313,215.705,robot_0_carried_generic_box,1.793,0.928
1789261849,459680415,215.969,robot_1,0.955,-2.287
1789261849,459747597,215.969,robot_0,1.793,0.927
1789261849,459786096,215.969,robot_2,0.456,1.340
1789261849,459821477,215.969,robot_2_carried_generic_box,0.456,1.340
1789261849,470178593,215.979,robot_0_carried_generic_box,1.793,0.928
1789261849,705443662,216.215,robot_1,0.951,-2.288
1789261849,705517002,216.215,robot_0,1.793,0.927
1789261849,705553218,216.215,robot_2,0.456,1.340
1789261849,705586038,216.215,robot_2_carried_generic_box,0.456,1.340
1789261849,705610694,216.217,robot_0_carried_generic_box,1.793,0.928
1789261849,955249573,216.464,robot_1,0.950,-2.289
1789261849,955326767,216.464,robot_0,1.792,0.927
1789261849,955364524,216.464,robot_2,0.456,1.340
1789261849,955400720,216.465,robot_2_carried_generic_box,0.456,1.340
1789261849,955427143,216.465,robot_0_carried_generic_box,1.793,0.927
1789261850,175500879,216.685,robot_1,0.940,-2.294
1789261850,175562254,216.685,robot_0,1.792,0.927
1789261850,175593678,216.685,robot_2,0.456,1.339
1789261850,175623387,216.685,robot_2_carried_generic_box,0.456,1.340
1789261850,175651783,216.685,robot_0_carried_generic_box,1.792,0.927
1789261850,376219084,216.885,robot_1,0.931,-2.298
1789261850,376286222,216.885,robot_0,1.792,0.927
1789261850,376321989,216.885,robot_2,0.456,1.335
1789261850,376358193,216.885,robot_2_carried_generic_box,0.456,1.340
1789261850,376388131,216.886,robot_0_carried_generic_box,1.792,0.927
1789261850,589105447,217.098,robot_1,0.921,-2.303
1789261850,589166580,217.098,robot_0,1.792,0.927
1789261850,589199082,217.098,robot_2,0.456,1.331
1789261850,589228573,217.098,robot_2_carried_generic_box,0.456,1.338
1789261850,589254153,217.098,robot_0_carried_generic_box,1.792,0.927
1789261850,816494204,217.326,robot_1,0.921,-2.303
1789261850,816552223,217.326,robot_0,1.792,0.927
1789261850,816581448,217.326,robot_2,0.455,1.335
1789261850,816611249,217.326,robot_2_carried_generic_box,0.456,1.332
1789261850,816634785,217.326,robot_0_carried_generic_box,1.792,0.927
1789261851,66099647,217.575,robot_1,0.921,-2.303
1789261851,66160886,217.575,robot_0,1.792,0.926
1789261851,66192854,217.575,robot_2,0.456,1.326
1789261851,66226698,217.575,robot_2_carried_generic_box,0.455,1.335
1789261851,66254299,217.575,robot_0_carried_generic_box,1.792,0.927
1789261851,313455082,217.823,robot_1,0.921,-2.303
1789261851,313517846,217.823,robot_0,1.792,0.926
1789261851,313547529,217.823,robot_2,0.457,1.314
1789261851,313576394,217.823,robot_2_carried_generic_box,0.456,1.329
1789261851,313595974,217.823,robot_0_carried_generic_box,1.792,0.927
1789261851,529290401,218.038,robot_1,0.921,-2.303
1789261851,529353445,218.038,robot_0,1.792,0.926
1789261851,529386945,218.039,robot_2,0.458,1.309
1789261851,529420185,218.039,robot_2_carried_generic_box,0.456,1.329
1789261851,529446083,218.039,robot_0_carried_generic_box,1.792,0.927
1789261851,729857344,218.239,robot_1,0.921,-2.303
1789261851,729932036,218.239,robot_0,1.793,0.926
1789261851,729963646,218.239,robot_2,0.458,1.305
1789261851,729992937,218.239,robot_2_carried_generic_box,0.458,1.311
1789261851,730016065,218.239,robot_0_carried_generic_box,1.792,0.926
1789261851,981627368,218.491,robot_1,0.921,-2.302
1789261851,981687231,218.491,robot_0,1.802,0.924
1789261851,981715513,218.491,robot_2,0.459,1.295
1789261851,981743639,218.491,robot_2_carried_generic_box,0.458,1.308
1789261851,981767250,218.491,robot_0_carried_generic_box,1.792,0.926
1789261852,199823209,218.709,robot_1,0.921,-2.302
1789261852,199893811,218.709,robot_0,1.814,0.922
1789261852,223997890,218.736,robot_2,0.460,1.285
1789261852,227298154,218.736,robot_2_carried_generic_box,0.458,1.305
1789261852,227349782,218.736,robot_0_carried_generic_box,1.793,0.926
1789261852,456776228,218.966,robot_1,0.921,-2.302
1789261852,456843072,218.966,robot_0,1.837,0.919
1789261852,456871972,218.966,robot_2,0.461,1.274
1789261852,456902262,218.966,robot_2_carried_generic_box,0.460,1.287
1789261852,470653096,218.980,robot_0_carried_generic_box,1.812,0.922
1789261852,713232384,219.222,robot_1,0.921,-2.302
1789261852,713297478,219.222,robot_0,1.851,0.917
1789261852,713328396,219.222,robot_2,0.462,1.267
1789261852,713356990,219.222,robot_2_carried_generic_box,0.461,1.276
1789261852,713377188,219.222,robot_0_carried_generic_box,1.828,0.920
1789261852,929462470,219.439,robot_1,0.921,-2.302
1789261852,929525649,219.439,robot_0,1.863,0.915
1789261852,929557569,219.439,robot_2,0.462,1.259
1789261852,929583918,219.439,robot_2_carried_generic_box,0.461,1.273
1789261852,929604068,219.439,robot_0_carried_generic_box,1.849,0.917
1789261853,147015625,219.656,robot_1,0.925,-2.302
1789261853,147113139,219.656,robot_0,1.876,0.913
1789261853,147145773,219.656,robot_2,0.463,1.252
1789261853,147177799,219.656,robot_2_carried_generic_box,0.462,1.262
1789261853,147203524,219.656,robot_0_carried_generic_box,1.854,0.916
1789261853,351502295,219.861,robot_1,0.932,-2.302
1789261853,351581237,219.861,robot_0,1.882,0.912
1789261853,351618419,219.861,robot_2,0.464,1.241
1789261853,351649755,219.866,robot_2_carried_generic_box,0.463,1.254
1789261853,356645709,219.866,robot_0_carried_generic_box,1.869,0.914
1789261853,574121596,220.083,robot_1,0.933,-2.302
1789261853,574184949,220.083,robot_0,1.883,0.912
1789261853,574217914,220.083,robot_2,0.465,1.238
1789261853,574245678,220.083,robot_2_carried_generic_box,0.464,1.242
1789261853,574271852,220.083,robot_0_carried_generic_box,1.881,0.912
1789261853,784084221,220.293,robot_1,0.933,-2.302
1789261853,784152268,220.314,robot_0,1.883,0.912
1789261853,805012577,220.314,robot_2,0.465,1.238
1789261853,805068485,220.314,robot_2_carried_generic_box,0.465,1.238
1789261853,805098318,220.314,robot_0_carried_generic_box,1.883,0.912
1789261854,27181357,220.536,robot_1,0.933,-2.302
1789261854,27251176,220.536,robot_0,1.883,0.912
1789261854,27289209,220.536,robot_2,0.465,1.238
1789261854,27327078,220.536,robot_2_carried_generic_box,0.465,1.238
1789261854,27357685,220.536,robot_0_carried_generic_box,1.883,0.912
1789261854,246714712,220.756,robot_1,0.933,-2.302
1789261854,246777809,220.756,robot_0,1.883,0.912
1789261854,246815339,220.756,robot_2,0.464,1.238
1789261854,246849771,220.756,robot_2_carried_generic_box,0.465,1.238
1789261854,246877100,220.756,robot_0_carried_generic_box,1.883,0.912
1789261854,481845284,220.991,robot_1,0.933,-2.302
1789261854,481942650,220.991,robot_0,1.883,0.912
1789261854,481976652,220.991,robot_2,0.464,1.238
1789261854,482007207,220.991,robot_2_carried_generic_box,0.465,1.238
1789261854,482028877,220.991,robot_0_carried_generic_box,1.883,0.912
1789261854,749650874,221.259,robot_1,0.933,-2.302
1789261854,749714968,221.259,robot_0,1.883,0.912
1789261854,749744945,221.259,robot_2,0.464,1.238
1789261854,749776697,221.259,robot_2_carried_generic_box,0.464,1.238
1789261854,749801012,221.259,robot_0_carried_generic_box,1.883,0.912
1789261854,974860966,221.484,robot_1,0.933,-2.302
1789261854,974936784,221.484,robot_0,1.883,0.912
1789261854,974969166,221.484,robot_2,0.464,1.238
1789261854,975000194,221.484,robot_2_carried_generic_box,0.464,1.238
1789261854,975023381,221.484,robot_0_carried_generic_box,1.883,0.912
1789261855,176181718,221.685,robot_1,0.933,-2.302
1789261855,176256212,221.685,robot_0,1.883,0.912
1789261855,176288867,221.685,robot_2,0.464,1.238
1789261855,176316040,221.685,robot_2_carried_generic_box,0.464,1.238
1789261855,176337436,221.685,robot_0_carried_generic_box,1.883,0.912
1789261855,389300442,221.898,robot_1,0.933,-2.302
1789261855,389366794,221.898,robot_0,1.883,0.912
1789261855,389398295,221.899,robot_2,0.464,1.238
1789261855,389427459,221.899,robot_2_carried_generic_box,0.464,1.238
1789261855,389450303,221.899,robot_0_carried_generic_box,1.883,0.912
1789261855,589904465,222.099,robot_1,0.933,-2.302
1789261855,589982055,222.099,robot_0,1.883,0.912
1789261855,590020019,222.099,robot_2,0.464,1.238
1789261855,590054621,222.099,robot_2_carried_generic_box,0.464,1.238
1789261855,590075972,222.099,robot_0_carried_generic_box,1.883,0.912
1789261855,844515406,222.354,robot_1,0.933,-2.302
1789261855,844580472,222.354,robot_0,1.883,0.912
1789261855,844610686,222.354,robot_2,0.464,1.238
1789261855,844641735,222.354,robot_2_carried_generic_box,0.464,1.238
1789261855,844667235,222.354,robot_0_carried_generic_box,1.883,0.912
1789261856,63371281,222.573,robot_1,0.933,-2.302
1789261856,63441371,222.573,robot_0,1.883,0.911
1789261856,63470699,222.573,robot_2,0.464,1.238
1789261856,63496617,222.573,robot_2_carried_generic_box,0.464,1.238
1789261856,63516954,222.573,robot_0_carried_generic_box,1.883,0.912
1789261856,311721350,222.821,robot_1,0.933,-2.303
1789261856,311790937,222.821,robot_0,1.883,0.911
1789261856,311823883,222.821,robot_2,0.464,1.238
1789261856,311858603,222.821,robot_2_carried_generic_box,0.464,1.238
1789261856,311885058,222.821,robot_0_carried_generic_box,1.883,0.912
1789261856,589770985,223.099,robot_1,0.933,-2.303
1789261856,589835066,223.099,robot_0,1.883,0.911
1789261856,589865346,223.099,robot_2,0.464,1.237
1789261856,589894878,223.099,robot_2_carried_generic_box,0.464,1.238
1789261856,589929353,223.099,robot_0_carried_generic_box,1.883,0.911
1789261856,803598917,223.313,robot_1,0.933,-2.303
1789261856,803662383,223.313,robot_0,1.883,0.911
1789261856,803690613,223.313,robot_2,0.464,1.237
1789261856,803719038,223.313,robot_2_carried_generic_box,0.464,1.238
1789261856,803741076,223.313,robot_0_carried_generic_box,1.883,0.911
1789261857,10398678,223.520,robot_1,0.933,-2.303
1789261857,10455142,223.520,robot_0,1.883,0.911
1789261857,10481786,223.520,robot_2,0.464,1.237
1789261857,10511474,223.520,robot_2_carried_generic_box,0.464,1.237
1789261857,10531927,223.520,robot_0_carried_generic_box,1.883,0.911
1789261857,273034830,223.782,robot_1,0.933,-2.303
1789261857,273110813,223.782,robot_0,1.883,0.911
1789261857,273143203,223.782,robot_2,0.463,1.237
1789261857,273171856,223.782,robot_2_carried_generic_box,0.464,1.237
1789261857,273194661,223.782,robot_0_carried_generic_box,1.883,0.911
1789261857,506408402,224.016,robot_1,0.933,-2.303
1789261857,506473450,224.016,robot_0,1.883,0.911
1789261857,506502694,224.016,robot_2,0.465,1.236
1789261857,521764174,224.031,robot_2_carried_generic_box,0.464,1.237
1789261857,521865070,224.031,robot_0_carried_generic_box,1.883,0.911
1789261857,729079012,224.238,robot_1,0.933,-2.303
1789261857,731112465,224.240,robot_0,1.880,0.909
1789261857,731195939,224.240,robot_2,0.472,1.232
1789261857,731237727,224.240,robot_2_carried_generic_box,0.463,1.237
1789261857,731267141,224.240,robot_0_carried_generic_box,1.883,0.911
1789261857,963030961,224.472,robot_1,0.933,-2.303
1789261857,963088742,224.472,robot_0,1.883,0.910
1789261857,971645989,224.481,robot_2,0.477,1.229
1789261857,971724081,224.481,robot_2_carried_generic_box,0.471,1.233
1789261857,971752100,224.481,robot_0_carried_generic_box,1.881,0.909
1789261858,177800248,224.687,robot_1,0.933,-2.303
1789261858,177865292,224.687,robot_0,1.890,0.916
1789261858,177904114,224.687,robot_2,0.477,1.229
1789261858,177946560,224.687,robot_2_carried_generic_box,0.476,1.230
1789261858,177971443,224.687,robot_0_carried_generic_box,1.880,0.909
1789261858,459850614,224.969,robot_1,0.934,-2.303
1789261858,459928569,224.969,robot_0,1.902,0.926
1789261858,459957947,224.969,robot_2,0.485,1.225
1789261858,459987449,224.969,robot_2_carried_generic_box,0.477,1.229
1789261858,460014606,224.969,robot_0_carried_generic_box,1.885,0.912
1789261858,673412435,225.183,robot_1,0.938,-2.301
1789261858,673482118,225.183,robot_0,1.905,0.929
1789261858,673514566,225.183,robot_2,0.490,1.222
1789261858,673542760,225.183,robot_2_carried_generic_box,0.480,1.228
1789261858,673563733,225.183,robot_0_carried_generic_box,1.898,0.922
1789261858,914061507,225.423,robot_1,0.941,-2.299
1789261858,914132878,225.423,robot_0,1.911,0.933
1789261858,914162082,225.423,robot_2,0.491,1.222
1789261858,914194485,225.423,robot_2_carried_generic_box,0.486,1.224
1789261858,914219499,225.423,robot_0_carried_generic_box,1.903,0.927
1789261859,126188688,225.635,robot_1,0.939,-2.300
1789261859,126268369,225.635,robot_0,1.912,0.934
1789261859,126300485,225.635,robot_2,0.491,1.222
1789261859,126332633,225.635,robot_2_carried_generic_box,0.491,1.222
1789261859,126358102,225.635,robot_0_carried_generic_box,1.904,0.928
1789261859,376444864,225.886,robot_1,0.930,-2.305
1789261859,400359147,225.910,robot_0,1.912,0.935
1789261859,400436760,225.910,robot_2,0.491,1.222
1789261859,400473265,225.910,robot_2_carried_generic_box,0.491,1.222
1789261859,400499884,225.910,robot_0_carried_generic_box,1.911,0.934
1789261859,604574561,226.114,robot_1,0.925,-2.308
1789261859,604657522,226.114,robot_0,1.917,0.939
1789261859,604694234,226.114,robot_2,0.494,1.220
1789261859,604730956,226.114,robot_2_carried_generic_box,0.491,1.222
1789261859,604757684,226.114,robot_0_carried_generic_box,1.912,0.934
1789261859,821818377,226.331,robot_1,0.925,-2.308
1789261859,821884141,226.331,robot_0,1.918,0.941
1789261859,821916798,226.331,robot_2,0.501,1.217
1789261859,821955596,226.331,robot_2_carried_generic_box,0.491,1.222
1789261859,821978655,226.331,robot_0_carried_generic_box,1.912,0.935
1789261860,54201383,226.563,robot_1,0.925,-2.308
1789261860,54284956,226.563,robot_0,1.919,0.941
1789261860,54325747,226.563,robot_2,0.517,1.207
1789261860,54359660,226.563,robot_2_carried_generic_box,0.493,1.221
1789261860,54385018,226.564,robot_0_carried_generic_box,1.918,0.940
1789261860,263567605,226.773,robot_1,0.925,-2.308
1789261860,263636123,226.773,robot_0,1.923,0.945
1789261860,263669444,226.773,robot_2,0.524,1.204
1789261860,263706213,226.773,robot_2_carried_generic_box,0.508,1.213
1789261860,263736735,226.773,robot_0_carried_generic_box,1.918,0.941
1789261860,505961050,227.015,robot_1,0.925,-2.308
1789261860,506030215,227.015,robot_0,1.927,0.949
1789261860,506069033,227.015,robot_2,0.529,1.201
1789261860,506105377,227.015,robot_2_carried_generic_box,0.520,1.206
1789261860,506135434,227.015,robot_0_carried_generic_box,1.920,0.942
1789261860,771590493,227.281,robot_1,0.925,-2.308
1789261860,771697846,227.281,robot_0,1.927,0.949
1789261860,771748187,227.281,robot_2,0.537,1.196
1789261860,771796050,227.281,robot_2_carried_generic_box,0.525,1.203
1789261860,771832329,227.281,robot_0_carried_generic_box,1.927,0.949
1789261861,5654768,227.515,robot_1,0.925,-2.308
1789261861,5731524,227.515,robot_0,1.927,0.949
1789261861,5771237,227.515,robot_2,0.548,1.190
1789261861,5807680,227.515,robot_2_carried_generic_box,0.532,1.199
1789261861,5838797,227.515,robot_0_carried_generic_box,1.927,0.949
1789261861,216180801,227.725,robot_1,0.925,-2.307
1789261861,216249205,227.725,robot_0,1.927,0.949
1789261861,216288412,227.725,robot_2,0.554,1.186
1789261861,216325023,227.725,robot_2_carried_generic_box,0.541,1.194
1789261861,216354329,227.725,robot_0_carried_generic_box,1.927,0.949
1789261861,503903121,228.013,robot_1,0.925,-2.307
1789261861,504011747,228.013,robot_0,1.927,0.949
1789261861,504046887,228.013,robot_2,0.556,1.185
1789261861,504079869,228.013,robot_2_carried_generic_box,0.554,1.186
1789261861,504102353,228.013,robot_0_carried_generic_box,1.927,0.949
1789261861,693607282,228.203,robot_1,0.925,-2.307
1789261861,693700295,228.203,robot_0,1.928,0.949
1789261861,693739995,228.203,robot_2,0.561,1.182
1789261861,693778174,228.203,robot_2_carried_generic_box,0.554,1.186
1789261861,693807565,228.204,robot_0_carried_generic_box,1.927,0.949
1789261861,927319172,228.436,robot_1,0.933,-2.306
1789261861,927388420,228.437,robot_0,1.928,0.949
1789261861,927421189,228.437,robot_2,0.567,1.178
1789261861,927454233,228.437,robot_2_carried_generic_box,0.558,1.184
1789261861,927478865,228.437,robot_0_carried_generic_box,1.928,0.949
1789261862,154884075,228.664,robot_1,0.937,-2.306
1789261862,169608615,228.679,robot_0,1.928,0.949
1789261862,169690905,228.679,robot_2,0.574,1.173
1789261862,169733513,228.687,robot_2_carried_generic_box,0.564,1.180
1789261862,177605978,228.687,robot_0_carried_generic_box,1.928,0.949
1789261862,418238181,228.927,robot_1,0.937,-2.306
1789261862,418311090,228.927,robot_0,1.928,0.949
1789261862,418345649,228.927,robot_2,0.583,1.167
1789261862,418374326,228.927,robot_2_carried_generic_box,0.574,1.173
1789261862,418395539,228.928,robot_0_carried_generic_box,1.928,0.949
1789261862,626313417,229.135,robot_1,0.937,-2.306
1789261862,626378216,229.136,robot_0,1.928,0.949
1789261862,626406935,229.136,robot_2,0.583,1.166
1789261862,626435392,229.136,robot_2_carried_generic_box,0.579,1.169
1789261862,626458626,229.136,robot_0_carried_generic_box,1.928,0.949
1789261862,836262488,229.345,robot_1,0.937,-2.306
1789261862,836333257,229.345,robot_0,1.928,0.949
1789261862,836366066,229.345,robot_2,0.583,1.166
1789261862,836393531,229.346,robot_2_carried_generic_box,0.583,1.167
1789261862,836416197,229.346,robot_0_carried_generic_box,1.928,0.949
1789261863,53228154,229.562,robot_1,0.937,-2.306
1789261863,53284717,229.562,robot_0,1.928,0.949
1789261863,53316447,229.562,robot_2,0.583,1.166
1789261863,53347712,229.562,robot_2_carried_generic_box,0.583,1.166
1789261863,53373210,229.562,robot_0_carried_generic_box,1.928,0.949
1789261863,254866088,229.764,robot_1,0.937,-2.306
1789261863,261344588,229.771,robot_0,1.928,0.949
1789261863,261424269,229.771,robot_2,0.583,1.166
1789261863,261462784,229.771,robot_2_carried_generic_box,0.583,1.166
1789261863,261487682,229.771,robot_0_carried_generic_box,1.928,0.949
1789261863,471425915,229.981,robot_1,0.937,-2.306
1789261863,471498864,229.981,robot_0,1.929,0.949
1789261863,471539229,229.981,robot_2,0.583,1.166
1789261863,471577924,229.981,robot_2_carried_generic_box,0.583,1.166
1789261863,471608962,229.981,robot_0_carried_generic_box,1.928,0.949
1789261863,684663415,230.194,robot_1,0.937,-2.306
1789261863,684729449,230.194,robot_0,1.929,0.949
1789261863,684766220,230.194,robot_2,0.583,1.166
1789261863,684803352,230.194,robot_2_carried_generic_box,0.583,1.166
1789261863,684831018,230.194,robot_0_carried_generic_box,1.928,0.949
1789261863,957452906,230.467,robot_1,0.937,-2.306
1789261863,957519238,230.467,robot_0,1.929,0.949
1789261863,957553214,230.467,robot_2,0.583,1.166
1789261863,957583335,230.467,robot_2_carried_generic_box,0.583,1.166
1789261863,957604515,230.467,robot_0_carried_generic_box,1.929,0.949
1789261864,194352751,230.703,robot_1,0.937,-2.306
1789261864,194424192,230.704,robot_0,1.929,0.949
1789261864,194458496,230.704,robot_2,0.583,1.166
1789261864,194489871,230.704,robot_2_carried_generic_box,0.583,1.166
1789261864,194513211,230.704,robot_0_carried_generic_box,1.929,0.949
1789261864,406079859,230.915,robot_1,0.937,-2.306
1789261864,406155132,230.915,robot_0,1.929,0.949
1789261864,406190028,230.915,robot_2,0.583,1.166
1789261864,406221404,230.915,robot_2_carried_generic_box,0.583,1.166
1789261864,406255437,230.915,robot_0_carried_generic_box,1.929,0.949
1789261864,643871484,231.153,robot_1,0.937,-2.306
1789261864,643944433,231.153,robot_0,1.929,0.949
1789261864,643977646,231.153,robot_2,0.583,1.166
1789261864,644010330,231.153,robot_2_carried_generic_box,0.583,1.166
1789261864,644035516,231.153,robot_0_carried_generic_box,1.929,0.949
1789261864,854702509,231.364,robot_1,0.937,-2.306
1789261864,854779067,231.364,robot_0,1.929,0.953
1789261864,854818097,231.364,robot_2,0.583,1.166
1789261864,854849734,231.364,robot_2_carried_generic_box,0.583,1.166
1789261864,854876376,231.364,robot_0_carried_generic_box,1.929,0.949
1789261865,104089824,231.613,robot_1,0.937,-2.306
1789261865,104160119,231.613,robot_0,1.929,0.953
1789261865,104190743,231.613,robot_2,0.583,1.166
1789261865,104220847,231.613,robot_2_carried_generic_box,0.583,1.166
1789261865,104244939,231.613,robot_0_carried_generic_box,1.929,0.951
1789261865,342897288,231.852,robot_1,0.938,-2.306
1789261865,342963704,231.852,robot_0,1.930,0.953
1789261865,342996045,231.852,robot_2,0.583,1.166
1789261865,343024783,231.852,robot_2_carried_generic_box,0.583,1.166
1789261865,343048363,231.852,robot_0_carried_generic_box,1.929,0.953
1789261865,561167726,232.070,robot_1,0.938,-2.306
1789261865,561242799,232.070,robot_0,1.930,0.953
1789261865,561278459,232.070,robot_2,0.583,1.166
1789261865,561308597,232.070,robot_2_carried_generic_box,0.583,1.166
1789261865,561330132,232.070,robot_0_carried_generic_box,1.929,0.953
1789261865,789589397,232.299,robot_1,0.938,-2.307
1789261865,789665053,232.299,robot_0,1.930,0.953
1789261865,789701293,232.299,robot_2,0.583,1.165
1789261865,789735286,232.299,robot_2_carried_generic_box,0.583,1.166
1789261865,789758714,232.299,robot_0_carried_generic_box,1.930,0.953
1789261866,9859226,232.519,robot_1,0.938,-2.307
1789261866,16607999,232.526,robot_0,1.930,0.953
1789261866,16683050,232.526,robot_2,0.583,1.165
1789261866,16725045,232.526,robot_2_carried_generic_box,0.583,1.166
1789261866,16756906,232.526,robot_0_carried_generic_box,1.930,0.953
1789261866,216521432,232.726,robot_1,0.938,-2.307
1789261866,216583735,232.726,robot_0,1.930,0.953
1789261866,216614466,232.726,robot_2,0.583,1.165
1789261866,216643535,232.726,robot_2_carried_generic_box,0.583,1.165
1789261866,216665402,232.726,robot_0_carried_generic_box,1.930,0.953
1789261866,457508019,232.967,robot_1,0.938,-2.307
1789261866,457604703,232.967,robot_0,1.930,0.953
1789261866,457667769,232.967,robot_2,0.579,1.165
1789261866,457726891,232.967,robot_2_carried_generic_box,0.583,1.165
1789261866,457784017,232.967,robot_0_carried_generic_box,1.930,0.953
1789261866,724785923,233.234,robot_1,0.938,-2.307
1789261866,724850412,233.234,robot_0,1.929,0.955
1789261866,724884363,233.234,robot_2,0.575,1.165
1789261866,749481984,233.259,robot_2_carried_generic_box,0.582,1.165
1789261866,749600578,233.259,robot_0_carried_generic_box,1.930,0.953
1789261866,949624275,233.459,robot_1,0.938,-2.307
1789261866,949695453,233.459,robot_0,1.924,0.964
1789261866,949732268,233.459,robot_2,0.575,1.165
1789261866,949766982,233.459,robot_2_carried_generic_box,0.579,1.165
1789261866,949794195,233.459,robot_0_carried_generic_box,1.930,0.953
1789261867,156457438,233.666,robot_1,0.940,-2.306
1789261867,156520297,233.666,robot_0,1.921,0.970
1789261867,156554241,233.666,robot_2,0.575,1.165
1789261867,156585228,233.666,robot_2_carried_generic_box,0.575,1.165
1789261867,156606613,233.666,robot_0_carried_generic_box,1.930,0.954
1789261867,439428529,233.949,robot_1,0.953,-2.295
1789261867,439500938,233.949,robot_0,1.918,0.974
1789261867,439538549,233.949,robot_2,0.570,1.164
1789261867,439572849,233.949,robot_2_carried_generic_box,0.575,1.165
1789261867,439601124,233.949,robot_0_carried_generic_box,1.924,0.964
1789261867,667382863,234.177,robot_1,0.964,-2.286
1789261867,667445175,234.177,robot_0,1.913,0.982
1789261867,667478048,234.177,robot_2,0.560,1.163
1789261867,667512397,234.177,robot_2_carried_generic_box,0.575,1.165
1789261867,667537408,234.177,robot_0_carried_generic_box,1.920,0.971
1789261867,922195873,234.431,robot_1,0.968,-2.283
1789261867,922262167,234.431,robot_0,1.913,0.983
1789261867,922298656,234.431,robot_2,0.553,1.162
1789261867,922333109,234.431,robot_2_carried_generic_box,0.564,1.164
1789261867,922360390,234.431,robot_0_carried_generic_box,1.914,0.981
1789261868,152879837,234.662,robot_1,0.966,-2.284
1789261868,157052285,234.666,robot_0,1.919,0.975
1789261868,157127659,234.666,robot_2,0.540,1.160
1789261868,161792752,234.671,robot_2_carried_generic_box,0.554,1.162
1789261868,161857623,234.671,robot_0_carried_generic_box,1.913,0.983
1789261868,371611480,234.881,robot_1,0.967,-2.283
1789261868,371674166,234.881,robot_0,1.926,0.966
1789261868,371704777,234.881,robot_2,0.537,1.159
1789261868,371737003,234.881,robot_2_carried_generic_box,0.541,1.160
1789261868,371764541,234.881,robot_0_carried_generic_box,1.914,0.982
1789261868,599216104,235.108,robot_1,0.967,-2.283
1789261868,599291909,235.108,robot_0,1.926,0.966
1789261868,599322961,235.108,robot_2,0.546,1.160
1789261868,599354471,235.108,robot_2_carried_generic_box,0.536,1.159
1789261868,599377633,235.108,robot_0_carried_generic_box,1.926,0.967
1789261868,810531571,235.320,robot_1,0.967,-2.283
1789261868,810596099,235.320,robot_0,1.926,0.966
1789261868,810624685,235.320,robot_2,0.553,1.161
1789261868,810653396,235.320,robot_2_carried_generic_box,0.544,1.160
1789261868,810676816,235.320,robot_0_carried_generic_box,1.926,0.966
1789261869,35659700,235.545,robot_1,0.967,-2.283
1789261869,35727992,235.545,robot_0,1.926,0.966
1789261869,35767447,235.545,robot_2,0.562,1.162
1789261869,50154783,235.559,robot_2_carried_generic_box,0.551,1.161
1789261869,50315839,235.559,robot_0_carried_generic_box,1.926,0.966
1789261869,238720157,235.748,robot_1,0.967,-2.284
1789261869,247391016,235.757,robot_0,1.926,0.966
1789261869,247479048,235.757,robot_2,0.570,1.163
1789261869,247523139,235.757,robot_2_carried_generic_box,0.558,1.162
1789261869,247556457,235.757,robot_0_carried_generic_box,1.926,0.966
1789261869,474346325,235.983,robot_1,0.967,-2.284
1789261869,474409978,235.984,robot_0,1.926,0.966
1789261869,474440302,235.984,robot_2,0.571,1.163
1789261869,474469545,235.984,robot_2_carried_generic_box,0.562,1.162
1789261869,474496801,235.984,robot_0_carried_generic_box,1.926,0.966
1789261869,712935779,236.222,robot_1,0.967,-2.284
1789261869,713001604,236.222,robot_0,1.926,0.966
1789261869,713035124,236.222,robot_2,0.571,1.163
1789261869,713069824,236.222,robot_2_carried_generic_box,0.571,1.163
1789261869,713096599,236.222,robot_0_carried_generic_box,1.926,0.966
1789261869,924480059,236.434,robot_1,0.967,-2.284
1789261869,924538737,236.434,robot_0,1.926,0.966
1789261869,924566911,236.434,robot_2,0.571,1.163
1789261869,924594470,236.434,robot_2_carried_generic_box,0.571,1.163
1789261869,924615127,236.434,robot_0_carried_generic_box,1.926,0.966
1789261870,154351778,236.663,robot_1,0.968,-2.284
1789261870,154415926,236.664,robot_0,1.926,0.966
1789261870,154448047,236.664,robot_2,0.571,1.163
1789261870,154482490,236.664,robot_2_carried_generic_box,0.571,1.163
1789261870,154508030,236.664,robot_0_carried_generic_box,1.926,0.966
1789261870,388599701,236.898,robot_1,0.968,-2.284
1789261870,401797452,236.911,robot_0,1.925,0.966
1789261870,401872255,236.911,robot_2,0.571,1.163
1789261870,401906215,236.911,robot_2_carried_generic_box,0.571,1.163
1789261870,404617633,236.914,robot_0_carried_generic_box,1.926,0.966
1789261870,611973938,237.121,robot_1,0.968,-2.284
1789261870,612034409,237.121,robot_0,1.925,0.966
1789261870,612065315,237.121,robot_2,0.571,1.163
1789261870,612094463,237.121,robot_2_carried_generic_box,0.571,1.163
1789261870,612116633,237.121,robot_0_carried_generic_box,1.926,0.966
1789261870,818572123,237.328,robot_1,0.968,-2.284
1789261870,818635164,237.328,robot_0,1.925,0.966
1789261870,818663969,237.328,robot_2,0.571,1.163
1789261870,818696763,237.328,robot_2_carried_generic_box,0.571,1.163
1789261870,818719786,237.328,robot_0_carried_generic_box,1.925,0.966
1789261871,70869069,237.585,robot_1,0.968,-2.284
1789261871,76016205,237.585,robot_0,1.925,0.968
1789261871,76074327,237.585,robot_2,0.571,1.163
1789261871,76109646,237.585,robot_2_carried_generic_box,0.571,1.163
1789261871,76136379,237.585,robot_0_carried_generic_box,1.925,0.966
1789261871,279399195,237.789,robot_1,0.968,-2.284
1789261871,279474011,237.789,robot_0,1.922,0.981
1789261871,279511947,237.789,robot_2,0.571,1.163
1789261871,279549029,237.789,robot_2_carried_generic_box,0.571,1.163
1789261871,279578689,237.789,robot_0_carried_generic_box,1.925,0.966
1789261871,501608954,238.011,robot_1,0.968,-2.284
1789261871,501674636,238.011,robot_0,1.920,1.000
1789261871,501705960,238.011,robot_2,0.571,1.163
1789261871,525116458,238.034,robot_2_carried_generic_box,0.571,1.163
1789261871,525185468,238.034,robot_0_carried_generic_box,1.923,0.979
1789261871,736331371,238.245,robot_1,0.968,-2.284
1789261871,736403056,238.246,robot_0,1.919,1.007
1789261871,736439610,238.285,robot_2,0.572,1.163
1789261871,775694738,238.285,robot_2_carried_generic_box,0.571,1.163
1789261871,775755119,238.285,robot_0_carried_generic_box,1.920,1.000
1789261871,956605231,238.466,robot_1,0.969,-2.284
1789261871,956665270,238.466,robot_0,1.919,1.007
1789261871,956693341,238.466,robot_2,0.572,1.163
1789261871,956724805,238.466,robot_2_carried_generic_box,0.572,1.163
1789261871,956748742,238.466,robot_0_carried_generic_box,1.919,1.004
1789261872,190092350,238.699,robot_1,0.969,-2.284
1789261872,190167483,238.699,robot_0,1.919,1.007
1789261872,190201168,238.699,robot_2,0.572,1.163
1789261872,190230612,238.699,robot_2_carried_generic_box,0.572,1.163
1789261872,190252991,238.699,robot_0_carried_generic_box,1.919,1.007
1789261872,400595837,238.910,robot_1,0.969,-2.276
1789261872,400660449,238.910,robot_0,1.919,1.007
1789261872,400692537,238.910,robot_2,0.572,1.163
1789261872,400722627,238.910,robot_2_carried_generic_box,0.572,1.163
1789261872,400746555,238.910,robot_0_carried_generic_box,1.919,1.007
1789261872,648100289,239.157,robot_1,0.970,-2.260
1789261872,648179400,239.157,robot_0,1.919,1.007
1789261872,648214535,239.157,robot_2,0.572,1.163
1789261872,648249454,239.157,robot_2_carried_generic_box,0.572,1.163
1789261872,648272760,239.157,robot_0_carried_generic_box,1.919,1.007
1789261872,930434654,239.440,robot_1,0.971,-2.242
1789261872,930501583,239.440,robot_0,1.919,1.007
1789261872,930533759,239.440,robot_2,0.572,1.163
1789261872,946037094,239.455,robot_2_carried_generic_box,0.572,1.163
1789261872,946117825,239.455,robot_0_carried_generic_box,1.919,1.007
1789261873,135101165,239.644,robot_1,0.971,-2.240
1789261873,135185472,239.644,robot_0,1.919,1.007
1789261873,135235097,239.644,robot_2,0.572,1.162
1789261873,135267651,239.644,robot_2_carried_generic_box,0.572,1.163
1789261873,135292089,239.644,robot_0_carried_generic_box,1.919,1.007
1789261873,348180231,239.857,robot_1,0.971,-2.235
1789261873,348251816,239.857,robot_0,1.919,1.007
1789261873,348283349,239.857,robot_2,0.572,1.162
1789261873,359640524,239.869,robot_2_carried_generic_box,0.572,1.162
1789261873,359744270,239.869,robot_0_carried_generic_box,1.919,1.007
1789261873,566459015,240.076,robot_1,0.971,-2.231
1789261873,566529680,240.076,robot_0,1.920,1.007
1789261873,566568605,240.076,robot_2,0.572,1.162
1789261873,566603253,240.076,robot_2_carried_generic_box,0.572,1.162
1789261873,566632252,240.076,robot_0_carried_generic_box,1.919,1.007
1789261873,777602381,240.287,robot_1,0.971,-2.225
1789261873,777670856,240.287,robot_0,1.920,1.007
1789261873,777704124,240.287,robot_2,0.572,1.162
1789261873,777735923,240.287,robot_2_carried_generic_box,0.572,1.162
1789261873,777762006,240.287,robot_0_carried_generic_box,1.919,1.007
1789261874,41711123,240.551,robot_1,0.971,-2.217
1789261874,41780164,240.551,robot_0,1.920,1.007
1789261874,41816023,240.551,robot_2,0.572,1.163
1789261874,41852657,240.551,robot_2_carried_generic_box,0.572,1.162
1789261874,41875328,240.551,robot_0_carried_generic_box,1.920,1.007
1789261874,290517180,240.804,robot_1,0.971,-2.206
1789261874,295304317,240.804,robot_0,1.920,1.007
1789261874,295370606,240.804,robot_2,0.575,1.165
1789261874,295412184,240.805,robot_2_carried_generic_box,0.572,1.163
1789261874,295442568,240.805,robot_0_carried_generic_box,1.920,1.007
1789261874,521429251,241.031,robot_1,0.971,-2.198
1789261874,521488486,241.031,robot_0,1.920,1.007
1789261874,521515595,241.031,robot_2,0.575,1.165
1789261874,521547876,241.031,robot_2_carried_generic_box,0.573,1.164
1789261874,521573464,241.031,robot_0_carried_generic_box,1.920,1.007
1789261874,746417789,241.256,robot_1,0.971,-2.199
1789261874,746496401,241.256,robot_0,1.920,1.007
1789261874,746530704,241.256,robot_2,0.575,1.165
1789261874,746562669,241.256,robot_2_carried_generic_box,0.575,1.165
1789261874,746586068,241.256,robot_0_carried_generic_box,1.920,1.007
1789261874,965397483,241.475,robot_1,0.971,-2.204
1789261874,965454099,241.475,robot_0,1.920,1.008
1789261874,965480155,241.475,robot_2,0.576,1.167
1789261874,965507127,241.475,robot_2_carried_generic_box,0.575,1.165
1789261874,965528495,241.475,robot_0_carried_generic_box,1.920,1.007
1789261875,175839865,241.685,robot_1,0.971,-2.213
1789261875,177124315,241.686,robot_0,1.921,1.007
1789261875,177191988,241.686,robot_2,0.579,1.171
1789261875,177223979,241.686,robot_2_carried_generic_box,0.575,1.165
1789261875,177249325,241.686,robot_0_carried_generic_box,1.920,1.007
1789261875,423777366,241.933,robot_1,0.971,-2.217
1789261875,423845742,241.933,robot_0,1.924,1.004
1789261875,423882366,241.933,robot_2,0.582,1.175
1789261875,423917887,241.933,robot_2_carried_generic_box,0.579,1.171
1789261875,423953405,241.933,robot_0_carried_generic_box,1.920,1.008
1789261875,635055140,242.144,robot_1,0.971,-2.217
1789261875,635142550,242.144,robot_0,1.924,1.004
1789261875,635182945,242.144,robot_2,0.585,1.181
1789261875,635219488,242.144,robot_2_carried_generic_box,0.580,1.173
1789261875,635249545,242.144,robot_0_carried_generic_box,1.923,1.005
1789261875,874118582,242.383,robot_1,0.971,-2.217
1789261875,874206482,242.383,robot_0,1.917,1.010
1789261875,874237252,242.383,robot_2,0.585,1.181
1789261875,874266909,242.383,robot_2_carried_generic_box,0.582,1.176
1789261875,874290828,242.383,robot_0_carried_generic_box,1.925,1.003
1789261876,116480576,242.626,robot_1,0.971,-2.217
1789261876,116682378,242.626,robot_0,1.905,1.020
1789261876,116722631,242.626,robot_2,0.585,1.181
1789261876,116753284,242.627,robot_2_carried_generic_box,0.585,1.181
1789261876,118343113,242.627,robot_0_carried_generic_box,1.920,1.008
1789261876,344118609,242.853,robot_1,0.971,-2.217
1789261876,344190738,242.853,robot_0,1.898,1.026
1789261876,344224216,242.853,robot_2,0.585,1.181
1789261876,344255928,242.853,robot_2_carried_generic_box,0.585,1.181
1789261876,344280708,242.853,robot_0_carried_generic_box,1.915,1.012
1789261876,556011800,243.065,robot_1,0.971,-2.217
1789261876,556091617,243.065,robot_0,1.898,1.026
1789261876,556124112,243.065,robot_2,0.586,1.181
1789261876,556155587,243.065,robot_2_carried_generic_box,0.585,1.181
1789261876,556179667,243.065,robot_0_carried_generic_box,1.905,1.020
1789261876,790282943,243.299,robot_1,0.971,-2.217
1789261876,790341971,243.299,robot_0,1.894,1.029
1789261876,790373032,243.299,robot_2,0.586,1.181
1789261876,790405325,243.300,robot_2_carried_generic_box,0.585,1.181
1789261876,790429400,243.300,robot_0_carried_generic_box,1.898,1.026
1789261877,23054264,243.532,robot_1,0.971,-2.216
1789261877,23112376,243.532,robot_0,1.887,1.035
1789261877,23141230,243.532,robot_2,0.586,1.181
1789261877,23168620,243.532,robot_2_carried_generic_box,0.586,1.181
1789261877,23189080,243.532,robot_0_carried_generic_box,1.897,1.027
1789261877,230196149,243.739,robot_1,0.972,-2.216
1789261877,230258992,243.739,robot_0,1.880,1.040
1789261877,230291794,243.739,robot_2,0.586,1.181
1789261877,236180875,243.745,robot_2_carried_generic_box,0.586,1.181
1789261877,236280893,243.745,robot_0_carried_generic_box,1.895,1.028
1789261877,444318007,243.953,robot_1,0.972,-2.216
1789261877,444389686,243.954,robot_0,1.874,1.045
1789261877,444419114,243.954,robot_2,0.586,1.181
1789261877,444446786,243.954,robot_2_carried_generic_box,0.586,1.181
1789261877,444468002,243.954,robot_0_carried_generic_box,1.881,1.040
1789261877,652092304,244.161,robot_1,0.972,-2.216
1789261877,652156300,244.161,robot_0,1.866,1.052
1789261877,652188772,244.161,robot_2,0.586,1.181
1789261877,652216983,244.161,robot_2_carried_generic_box,0.586,1.181
1789261877,652238384,244.161,robot_0_carried_generic_box,1.880,1.040
1789261877,905917191,244.422,robot_1,0.972,-2.216
1789261877,912670337,244.422,robot_0,1.861,1.056
1789261877,912724187,244.422,robot_2,0.586,1.181
1789261877,921558446,244.431,robot_2_carried_generic_box,0.586,1.181
1789261877,921634911,244.431,robot_0_carried_generic_box,1.874,1.045
1789261878,148383986,244.658,robot_1,0.972,-2.216
1789261878,148449023,244.658,robot_0,1.852,1.064
1789261878,148481909,244.658,robot_2,0.586,1.181
1789261878,148517784,244.658,robot_2_carried_generic_box,0.586,1.181
1789261878,148550165,244.658,robot_0_carried_generic_box,1.866,1.052
1789261878,418528179,244.928,robot_1,0.972,-2.216
1789261878,418594634,244.928,robot_0,1.840,1.074
1789261878,418632519,244.928,robot_2,0.586,1.181
1789261878,418668527,244.928,robot_2_carried_generic_box,0.586,1.181
1789261878,418697821,244.928,robot_0_carried_generic_box,1.852,1.064
1789261878,628563460,245.138,robot_1,0.972,-2.216
1789261878,628631757,245.138,robot_0,1.830,1.082
1789261878,628666437,245.138,robot_2,0.586,1.181
1789261878,628697640,245.138,robot_2_carried_generic_box,0.586,1.181
1789261878,628721306,245.138,robot_0_carried_generic_box,1.850,1.066
1789261878,844598464,245.354,robot_1,0.972,-2.216
1789261878,844664129,245.354,robot_0,1.823,1.088
1789261878,844699498,245.354,robot_2,0.586,1.181
1789261878,844733059,245.354,robot_2_carried_generic_box,0.586,1.181
1789261878,844759659,245.354,robot_0_carried_generic_box,1.831,1.081
1789261879,79081211,245.588,robot_1,0.972,-2.216
1789261879,79146199,245.588,robot_0,1.822,1.088
1789261879,81711957,245.591,robot_2,0.586,1.181
1789261879,81791547,245.591,robot_2_carried_generic_box,0.586,1.181
1789261879,81821318,245.591,robot_0_carried_generic_box,1.828,1.084
1789261879,319709307,245.829,robot_1,0.973,-2.216
1789261879,319775850,245.829,robot_0,1.822,1.088
1789261879,319815154,245.829,robot_2,0.587,1.181
1789261879,319849963,245.829,robot_2_carried_generic_box,0.586,1.181
1789261879,319879957,245.829,robot_0_carried_generic_box,1.822,1.088
1789261879,556876018,246.066,robot_1,0.978,-2.221
1789261879,556953131,246.066,robot_0,1.822,1.088
1789261879,556984846,246.066,robot_2,0.587,1.181
1789261879,557015670,246.066,robot_2_carried_generic_box,0.587,1.181
1789261879,557042302,246.066,robot_0_carried_generic_box,1.822,1.088
1789261879,792774238,246.302,robot_1,0.981,-2.224
1789261879,792850489,246.302,robot_0,1.822,1.088
1789261879,792890602,246.302,robot_2,0.587,1.181
1789261879,792942917,246.302,robot_2_carried_generic_box,0.587,1.181
1789261879,792972926,246.302,robot_0_carried_generic_box,1.822,1.088
1789261879,999330161,246.508,robot_1,0.979,-2.222
1789261879,999402341,246.509,robot_0,1.822,1.088
1789261879,999440330,246.509,robot_2,0.587,1.181
1789261879,999475699,246.509,robot_2_carried_generic_box,0.587,1.181
1789261879,999504820,246.509,robot_0_carried_generic_box,1.822,1.088
1789261880,202752174,246.712,robot_1,0.973,-2.217
1789261880,202825703,246.712,robot_0,1.822,1.088
1789261880,202855977,246.712,robot_2,0.587,1.181
1789261880,202885312,246.712,robot_2_carried_generic_box,0.587,1.181
1789261880,202906312,246.712,robot_0_carried_generic_box,1.822,1.088
1789261880,437405766,246.947,robot_1,0.968,-2.212
1789261880,437474353,246.947,robot_0,1.822,1.088
1789261880,437504986,246.947,robot_2,0.585,1.185
1789261880,437537050,246.947,robot_2_carried_generic_box,0.587,1.181
1789261880,437559445,246.947,robot_0_carried_generic_box,1.822,1.088
1789261880,653537132,247.163,robot_1,0.972,-2.215
1789261880,653596021,247.163,robot_0,1.822,1.088
1789261880,653626067,247.163,robot_2,0.580,1.194
1789261880,653659062,247.163,robot_2_carried_generic_box,0.585,1.184
1789261880,653686009,247.163,robot_0_carried_generic_box,1.822,1.088
1789261880,902319806,247.412,robot_1,0.975,-2.218
1789261880,902551636,247.412,robot_0,1.822,1.088
1789261880,902596610,247.412,robot_2,0.579,1.195
1789261880,902636220,247.412,robot_2_carried_generic_box,0.582,1.190
1789261880,902665725,247.412,robot_0_carried_generic_box,1.822,1.088
1789261881,107876836,247.617,robot_1,0.973,-2.217
1789261881,107946786,247.617,robot_0,1.822,1.088
1789261881,107979749,247.617,robot_2,0.582,1.190
1789261881,108011932,247.617,robot_2_carried_generic_box,0.579,1.195
1789261881,108038629,247.617,robot_0_carried_generic_box,1.822,1.088
1789261881,312619289,247.822,robot_1,0.969,-2.213
1789261881,312682171,247.822,robot_0,1.822,1.088
1789261881,312712112,247.822,robot_2,0.586,1.184
1789261881,312743973,247.822,robot_2_carried_generic_box,0.580,1.194
1789261881,312768662,247.822,robot_0_carried_generic_box,1.822,1.088
1789261881,513799919,248.023,robot_1,0.959,-2.206
1789261881,513864390,248.023,robot_0,1.822,1.088
1789261881,513897925,248.023,robot_2,0.588,1.181
1789261881,513939834,248.023,robot_2_carried_generic_box,0.580,1.194
1789261881,513964368,248.023,robot_0_carried_generic_box,1.822,1.088
1789261881,719119550,248.228,robot_1,0.955,-2.202
1789261881,719189259,248.228,robot_0,1.822,1.089
1789261881,719227343,248.228,robot_2,0.588,1.181
1789261881,719263536,248.228,robot_2_carried_generic_box,0.586,1.183
1789261881,719291585,248.228,robot_0_carried_generic_box,1.822,1.088
1789261881,953412823,248.463,robot_1,0.955,-2.202
1789261881,953480039,248.463,robot_0,1.822,1.089
1789261881,953509167,248.463,robot_2,0.588,1.181
1789261881,953538146,248.463,robot_2_carried_generic_box,0.588,1.181
1789261881,953559837,248.463,robot_0_carried_generic_box,1.822,1.088
1789261882,175773028,248.685,robot_1,0.955,-2.202
1789261882,175837829,248.685,robot_0,1.822,1.089
1789261882,175874026,248.685,robot_2,0.588,1.181
1789261882,182106540,248.691,robot_2_carried_generic_box,0.588,1.181
1789261882,182187761,248.691,robot_0_carried_generic_box,1.822,1.088
1789261882,393888743,248.903,robot_1,0.955,-2.202
1789261882,398485754,248.908,robot_0,1.823,1.089
1789261882,398549736,248.908,robot_2,0.587,1.181
1789261882,398580082,248.908,robot_2_carried_generic_box,0.588,1.181
1789261882,398602121,248.908,robot_0_carried_generic_box,1.822,1.089
1789261882,631072892,249.140,robot_1,0.955,-2.202
1789261882,631136344,249.140,robot_0,1.823,1.089
1789261882,631167924,249.140,robot_2,0.587,1.181
1789261882,632217206,249.141,robot_2_carried_generic_box,0.587,1.181
1789261882,632275167,249.141,robot_0_carried_generic_box,1.822,1.089
1789261882,833792082,249.343,robot_1,0.955,-2.202
1789261882,833854412,249.343,robot_0,1.823,1.089
1789261882,833884151,249.343,robot_2,0.587,1.181
1789261882,833916331,249.379,robot_2_carried_generic_box,0.587,1.181
1789261882,869810398,249.379,robot_0_carried_generic_box,1.823,1.089
1789261883,48270413,249.557,robot_1,0.955,-2.202
1789261883,48337385,249.557,robot_0,1.823,1.089
1789261883,48364256,249.566,robot_2,0.588,1.181
1789261883,57586363,249.567,robot_2_carried_generic_box,0.587,1.181
1789261883,57672042,249.567,robot_0_carried_generic_box,1.823,1.089
1789261883,261894487,249.771,robot_1,0.955,-2.202
1789261883,261960105,249.771,robot_0,1.823,1.089
1789261883,261989405,249.782,robot_2,0.588,1.181
1789261883,272947111,249.782,robot_2_carried_generic_box,0.588,1.181
1789261883,272989152,249.782,robot_0_carried_generic_box,1.823,1.089
1789261883,493602932,250.003,robot_1,0.955,-2.202
1789261883,493664517,250.003,robot_0,1.823,1.090
1789261883,493698602,250.003,robot_2,0.588,1.181
1789261883,493732809,250.003,robot_2_carried_generic_box,0.588,1.181
1789261883,493760738,250.003,robot_0_carried_generic_box,1.823,1.089
1789261883,717306018,250.226,robot_1,0.955,-2.202
1789261883,717369528,250.226,robot_0,1.823,1.090
1789261883,717409352,250.227,robot_2,0.588,1.181
1789261883,717441461,250.227,robot_2_carried_generic_box,0.588,1.181
1789261883,717465938,250.227,robot_0_carried_generic_box,1.823,1.089
1789261883,948967418,250.458,robot_1,0.955,-2.201
1789261883,949026932,250.458,robot_0,1.823,1.090
1789261883,949058399,250.458,robot_2,0.588,1.181
1789261883,949089831,250.458,robot_2_carried_generic_box,0.588,1.181
1789261883,949120179,250.458,robot_0_carried_generic_box,1.823,1.090
1789261884,167227502,250.676,robot_1,0.955,-2.201
1789261884,167303448,250.681,robot_0,1.823,1.090
1789261884,172047013,250.681,robot_2,0.588,1.181
1789261884,172110025,250.681,robot_2_carried_generic_box,0.588,1.181
1789261884,172139464,250.681,robot_0_carried_generic_box,1.823,1.090
1789261884,391135823,250.900,robot_1,0.955,-2.201
1789261884,391210793,250.900,robot_0,1.826,1.090
1789261884,391245202,250.900,robot_2,0.588,1.181
1789261884,391273052,250.900,robot_2_carried_generic_box,0.588,1.181
1789261884,391295684,250.900,robot_0_carried_generic_box,1.823,1.090
1789261884,609642509,251.119,robot_1,0.955,-2.201
1789261884,609709530,251.119,robot_0,1.834,1.092
1789261884,609742539,251.119,robot_2,0.588,1.181
1789261884,609773721,251.119,robot_2_carried_generic_box,0.588,1.181
1789261884,609796235,251.119,robot_0_carried_generic_box,1.823,1.090
1789261884,838601670,251.348,robot_1,0.955,-2.201
1789261884,838674949,251.348,robot_0,1.843,1.093
1789261884,838705901,251.348,robot_2,0.588,1.181
1789261884,838734143,251.348,robot_2_carried_generic_box,0.588,1.181
1789261884,838754454,251.348,robot_0_carried_generic_box,1.830,1.091
1789261885,78234130,251.587,robot_1,0.955,-2.201
1789261885,78296955,251.587,robot_0,1.852,1.095
1789261885,78328187,251.587,robot_2,0.588,1.182
1789261885,78358010,251.587,robot_2_carried_generic_box,0.588,1.181
1789261885,78379882,251.588,robot_0_carried_generic_box,1.839,1.093
1789261885,300235642,251.809,robot_1,0.955,-2.201
1789261885,300311937,251.809,robot_0,1.852,1.095
1789261885,300351932,251.809,robot_2,0.588,1.182
1789261885,300388475,251.810,robot_2_carried_generic_box,0.588,1.181
1789261885,300417536,251.810,robot_0_carried_generic_box,1.849,1.095
1789261885,528057512,252.037,robot_1,0.955,-2.201
1789261885,528124768,252.037,robot_0,1.849,1.094
1789261885,528158578,252.037,robot_2,0.588,1.182
1789261885,528187676,252.037,robot_2_carried_generic_box,0.588,1.182
1789261885,528210064,252.037,robot_0_carried_generic_box,1.852,1.095
1789261885,758633243,252.268,robot_1,0.958,-2.200
1789261885,758695295,252.268,robot_0,1.842,1.093
1789261885,758723455,252.268,robot_2,0.586,1.182
1789261885,758752965,252.268,robot_2_carried_generic_box,0.588,1.182
1789261885,758777899,252.268,robot_0_carried_generic_box,1.852,1.095
1789261885,990268218,252.499,robot_1,0.968,-2.198
1789261885,990331672,252.499,robot_0,1.840,1.092
1789261885,990366389,252.499,robot_2,0.576,1.186
1789261885,990395591,252.500,robot_2_carried_generic_box,0.586,1.182
1789261885,990422078,252.500,robot_0_carried_generic_box,1.847,1.094
1789261886,218065071,252.727,robot_1,0.970,-2.197
1789261886,218132341,252.727,robot_0,1.840,1.092
1789261886,218162976,252.727,robot_2,0.573,1.187
1789261886,218195512,252.727,robot_2_carried_generic_box,0.579,1.185
1789261886,218222311,252.727,robot_0_carried_generic_box,1.840,1.092
1789261886,456787681,252.966,robot_1,0.970,-2.197
1789261886,456851956,252.966,robot_0,1.840,1.092
1789261886,456886988,252.966,robot_2,0.573,1.187
1789261886,456937784,252.966,robot_2_carried_generic_box,0.575,1.187
1789261886,456967102,252.966,robot_0_carried_generic_box,1.840,1.092
1789261886,659617169,253.169,robot_1,0.969,-2.198
1789261886,659680240,253.169,robot_0,1.840,1.092
1789261886,659708582,253.169,robot_2,0.573,1.187
1789261886,659738153,253.169,robot_2_carried_generic_box,0.573,1.187
1789261886,659759526,253.169,robot_0_carried_generic_box,1.840,1.092
1789261886,921091794,253.430,robot_1,0.962,-2.200
1789261886,921159838,253.430,robot_0,1.840,1.092
1789261886,921198694,253.430,robot_2,0.573,1.188
1789261886,921234704,253.430,robot_2_carried_generic_box,0.573,1.187
1789261886,921266012,253.430,robot_0_carried_generic_box,1.840,1.092
1789261887,129830059,253.639,robot_1,0.955,-2.203
1789261887,129912854,253.642,robot_0,1.840,1.093
1789261887,133209103,253.642,robot_2,0.571,1.188
1789261887,133261628,253.642,robot_2_carried_generic_box,0.573,1.188
1789261887,133288551,253.642,robot_0_carried_generic_box,1.840,1.092
1789261887,373148979,253.882,robot_1,0.956,-2.203
1789261887,373224524,253.882,robot_0,1.840,1.093
1789261887,373262797,253.882,robot_2,0.565,1.189
1789261887,373297916,253.882,robot_2_carried_generic_box,0.573,1.188
1789261887,373322922,253.882,robot_0_carried_generic_box,1.840,1.092
1789261887,589765450,254.099,robot_1,0.956,-2.203
1789261887,596293124,254.105,robot_0,1.840,1.093
1789261887,596362518,254.105,robot_2,0.565,1.189
1789261887,596399016,254.106,robot_2_carried_generic_box,0.572,1.188
1789261887,596425348,254.106,robot_0_carried_generic_box,1.840,1.093
1789261887,854278695,254.363,robot_1,0.956,-2.203
1789261887,854359150,254.363,robot_0,1.840,1.093
1789261887,854393333,254.364,robot_2,0.565,1.189
1789261887,854438554,254.364,robot_2_carried_generic_box,0.565,1.189
1789261887,854468690,254.364,robot_0_carried_generic_box,1.840,1.093
1789261888,104292593,254.613,robot_1,0.956,-2.202
1789261888,104357680,254.613,robot_0,1.840,1.093
1789261888,104392595,254.614,robot_2,0.565,1.190
1789261888,104428613,254.614,robot_2_carried_generic_box,0.565,1.189
1789261888,104455508,254.614,robot_0_carried_generic_box,1.840,1.093
1789261888,332273759,254.841,robot_1,0.956,-2.202
1789261888,332369848,254.841,robot_0,1.840,1.093
1789261888,332404181,254.842,robot_2,0.564,1.190
1789261888,332438211,254.842,robot_2_carried_generic_box,0.565,1.190
1789261888,332465115,254.842,robot_0_carried_generic_box,1.840,1.093
1789261888,554632938,255.064,robot_1,0.956,-2.202
1789261888,554695740,255.064,robot_0,1.840,1.093
1789261888,554726108,255.064,robot_2,0.558,1.191
1789261888,554755638,255.064,robot_2_carried_generic_box,0.565,1.190
1789261888,554776376,255.064,robot_0_carried_generic_box,1.840,1.093
1789261888,793171467,255.302,robot_1,0.956,-2.202
1789261888,793248930,255.302,robot_0,1.840,1.093
1789261888,793290587,255.302,robot_2,0.550,1.192
1789261888,793327363,255.302,robot_2_carried_generic_box,0.561,1.190
1789261888,793357842,255.302,robot_0_carried_generic_box,1.840,1.093
1789261888,998392331,255.508,robot_1,0.956,-2.202
1789261888,998456657,255.508,robot_0,1.839,1.093
1789261888,998491986,255.508,robot_2,0.533,1.194
1789261888,998525140,255.508,robot_2_carried_generic_box,0.556,1.191
1789261888,998551453,255.508,robot_0_carried_generic_box,1.840,1.093
1789261889,221886537,255.731,robot_1,0.956,-2.202
1789261889,221967938,255.731,robot_0,1.839,1.093
1789261889,222005250,255.731,robot_2,0.512,1.197
1789261889,222037411,255.731,robot_2_carried_generic_box,0.539,1.193
1789261889,222063819,255.731,robot_0_carried_generic_box,1.839,1.093
1789261889,425612940,255.935,robot_1,0.956,-2.202
1789261889,425672674,255.935,robot_0,1.839,1.094
1789261889,425702073,255.935,robot_2,0.498,1.199
1789261889,425731564,255.935,robot_2_carried_generic_box,0.527,1.195
1789261889,425754687,255.935,robot_0_carried_generic_box,1.839,1.093
1789261889,665890174,256.175,robot_1,0.956,-2.202
1789261889,676161237,256.185,robot_0,1.837,1.090
1789261889,676226516,256.185,robot_2,0.492,1.200
1789261889,676259902,256.185,robot_2_carried_generic_box,0.506,1.198
1789261889,676284540,256.185,robot_0_carried_generic_box,1.839,1.093
1789261889,884556235,256.394,robot_1,0.956,-2.202
1789261889,884615421,256.394,robot_0,1.834,1.084
1789261889,884646705,256.394,robot_2,0.492,1.200
1789261889,884673945,256.394,robot_2_carried_generic_box,0.492,1.200
1789261889,884697185,256.394,robot_0_carried_generic_box,1.838,1.092
1789261890,87801089,256.597,robot_1,0.956,-2.202
1789261890,87859113,256.597,robot_0,1.833,1.084
1789261890,87894638,256.597,robot_2,0.492,1.200
1789261890,87940564,256.597,robot_2_carried_generic_box,0.492,1.200
1789261890,87967805,256.597,robot_0_carried_generic_box,1.836,1.088
1789261890,305768851,256.815,robot_1,0.955,-2.202
1789261890,305829968,256.815,robot_0,1.837,1.093
1789261890,305862679,256.815,robot_2,0.492,1.200
1789261890,305894231,256.815,robot_2_carried_generic_box,0.492,1.200
1789261890,305918745,256.825,robot_0_carried_generic_box,1.833,1.083
1789261890,528625606,257.038,robot_1,0.955,-2.202
1789261890,528683719,257.038,robot_0,1.839,1.098
1789261890,528713242,257.038,robot_2,0.492,1.200
1789261890,528740464,257.038,robot_2_carried_generic_box,0.492,1.200
1789261890,528759970,257.038,robot_0_carried_generic_box,1.837,1.093
1789261890,779318005,257.288,robot_1,0.955,-2.202
1789261890,779381904,257.289,robot_0,1.837,1.093
1789261890,779414412,257.289,robot_2,0.492,1.200
1789261890,779443983,257.289,robot_2_carried_generic_box,0.492,1.200
1789261890,779467010,257.289,robot_0_carried_generic_box,1.838,1.095
1789261891,6484639,257.516,robot_1,0.955,-2.201
1789261891,6550309,257.516,robot_0,1.832,1.080
1789261891,6581322,257.516,robot_2,0.492,1.200
1789261891,6611225,257.516,robot_2_carried_generic_box,0.492,1.200
1789261891,6634901,257.516,robot_0_carried_generic_box,1.838,1.095
1789261891,221645185,257.731,robot_1,0.955,-2.201
1789261891,221708296,257.731,robot_0,1.832,1.079
1789261891,221738122,257.731,robot_2,0.492,1.200
1789261891,221769815,257.731,robot_2_carried_generic_box,0.492,1.200
1789261891,221794163,257.731,robot_0_carried_generic_box,1.835,1.088
1789261891,450415586,257.960,robot_1,0.954,-2.204
1789261891,450493906,257.960,robot_0,1.829,1.071
1789261891,450526486,257.960,robot_2,0.492,1.200
1789261891,450568686,257.960,robot_2_carried_generic_box,0.492,1.200
1789261891,450608998,257.960,robot_0_carried_generic_box,1.832,1.080
1789261891,664293544,258.173,robot_1,0.952,-2.210
1789261891,664353900,258.173,robot_0,1.825,1.062
1789261891,667102083,258.176,robot_2,0.492,1.201
1789261891,667181211,258.176,robot_2_carried_generic_box,0.492,1.200
1789261891,667209272,258.176,robot_0_carried_generic_box,1.831,1.078
1789261891,886854067,258.396,robot_1,0.950,-2.218
1789261891,886915172,258.398,robot_0,1.821,1.051
1789261891,889320383,258.398,robot_2,0.492,1.201
1789261891,889364260,258.398,robot_2_carried_generic_box,0.492,1.201
1789261891,889390664,258.399,robot_0_carried_generic_box,1.828,1.068
1789261892,104262340,258.613,robot_1,0.948,-2.227
1789261892,104336932,258.616,robot_0,1.819,1.046
1789261892,107030960,258.616,robot_2,0.492,1.201
1789261892,107110698,258.616,robot_2_carried_generic_box,0.492,1.201
1789261892,107145200,258.616,robot_0_carried_generic_box,1.821,1.051
1789261892,305090493,258.814,robot_1,0.947,-2.228
1789261892,305153841,258.814,robot_0,1.819,1.046
1789261892,305180408,258.814,robot_2,0.492,1.201
1789261892,305207522,258.814,robot_2_carried_generic_box,0.492,1.201
1789261892,305228463,258.814,robot_0_carried_generic_box,1.819,1.047
1789261892,545338654,259.054,robot_1,0.948,-2.222
1789261892,545403796,259.055,robot_0,1.819,1.046
1789261892,545438095,259.055,robot_2,0.492,1.201
1789261892,545472847,259.055,robot_2_carried_generic_box,0.492,1.201
1789261892,545500452,259.055,robot_0_carried_generic_box,1.819,1.046
1789261892,775424714,259.285,robot_1,0.948,-2.216
1789261892,775486813,259.285,robot_0,1.819,1.046
1789261892,775519060,259.285,robot_2,0.492,1.201
1789261892,775548669,259.285,robot_2_carried_generic_box,0.492,1.201
1789261892,775569173,259.285,robot_0_carried_generic_box,1.819,1.046
1789261893,31212730,259.540,robot_1,0.949,-2.209
1789261893,31279781,259.540,robot_0,1.819,1.046
1789261893,31313456,259.540,robot_2,0.492,1.201
1789261893,31346464,259.540,robot_2_carried_generic_box,0.492,1.201
1789261893,31371650,259.540,robot_0_carried_generic_box,1.819,1.046
1789261893,254481075,259.764,robot_1,0.949,-2.202
1789261893,254551461,259.764,robot_0,1.819,1.046
1789261893,254583358,259.764,robot_2,0.491,1.200
1789261893,254616048,259.764,robot_2_carried_generic_box,0.492,1.201
1789261893,254640925,259.764,robot_0_carried_generic_box,1.819,1.046
1789261893,470823014,259.980,robot_1,0.949,-2.201
1789261893,470894945,259.980,robot_0,1.819,1.046
1789261893,490505324,260.000,robot_2,0.486,1.197
1789261893,490597662,260.000,robot_2_carried_generic_box,0.492,1.201
1789261893,490634631,260.000,robot_0_carried_generic_box,1.819,1.046
1789261893,707930269,260.217,robot_1,0.949,-2.209
1789261893,707998934,260.217,robot_0,1.819,1.046
1789261893,708034934,260.217,robot_2,0.485,1.196
1789261893,708070647,260.217,robot_2_carried_generic_box,0.486,1.197
1789261893,708101751,260.217,robot_0_carried_generic_box,1.819,1.046
1789261893,910320098,260.419,robot_1,0.948,-2.223
1789261893,910389309,260.420,robot_0,1.819,1.046
1789261893,910428802,260.420,robot_2,0.485,1.196
1789261893,951109786,260.460,robot_2_carried_generic_box,0.485,1.196
1789261893,951209263,260.460,robot_0_carried_generic_box,1.819,1.046
1789261894,136699973,260.646,robot_1,0.948,-2.229
1789261894,136761452,260.646,robot_0,1.819,1.046
1789261894,136796362,260.646,robot_2,0.485,1.196
1789261894,136828970,260.646,robot_2_carried_generic_box,0.485,1.196
1789261894,136853615,260.646,robot_0_carried_generic_box,1.819,1.046
1789261894,354233561,260.863,robot_1,0.948,-2.230
1789261894,354298934,260.863,robot_0,1.819,1.046
1789261894,354334328,260.863,robot_2,0.485,1.196
1789261894,354367507,260.863,robot_2_carried_generic_box,0.485,1.196
1789261894,354391235,260.864,robot_0_carried_generic_box,1.819,1.046
1789261894,555897993,261.081,robot_1,0.948,-2.230
1789261894,572206314,261.081,robot_0,1.819,1.046
1789261894,572270208,261.081,robot_2,0.485,1.196
1789261894,572305831,261.081,robot_2_carried_generic_box,0.485,1.196
1789261894,572333926,261.081,robot_0_carried_generic_box,1.819,1.046
1789261894,768580771,261.282,robot_1,0.948,-2.230
1789261894,772613874,261.284,robot_0,1.818,1.046
1789261894,774783588,261.284,robot_2,0.485,1.196
1789261894,774827147,261.284,robot_2_carried_generic_box,0.485,1.196
1789261894,774853022,261.284,robot_0_carried_generic_box,1.819,1.046
1789261894,978844454,261.488,robot_1,0.948,-2.230
1789261894,978917627,261.500,robot_0,1.818,1.046
1789261894,990791202,261.500,robot_2,0.486,1.198
1789261894,990844342,261.500,robot_2_carried_generic_box,0.485,1.196
1789261894,990874968,261.500,robot_0_carried_generic_box,1.819,1.046
1789261895,213098330,261.730,robot_1,0.948,-2.230
1789261895,220570600,261.730,robot_0,1.818,1.046
1789261895,220624849,261.730,robot_2,0.490,1.205
1789261895,220664649,261.730,robot_2_carried_generic_box,0.485,1.196
1789261895,220692837,261.730,robot_0_carried_generic_box,1.818,1.046
1789261895,450760131,261.960,robot_1,0.948,-2.230
1789261895,450826588,261.960,robot_0,1.818,1.046
1789261895,450860087,261.960,robot_2,0.496,1.215
1789261895,450894667,261.960,robot_2_carried_generic_box,0.486,1.199
1789261895,450918857,261.960,robot_0_carried_generic_box,1.818,1.046
1789261895,675304679,262.184,robot_1,0.948,-2.230
1789261895,675374719,262.185,robot_0,1.818,1.046
1789261895,675413887,262.185,robot_2,0.498,1.217
1789261895,675452239,262.185,robot_2_carried_generic_box,0.494,1.212
1789261895,675481775,262.185,robot_0_carried_generic_box,1.818,1.046
1789261895,920871059,262.430,robot_1,0.948,-2.230
1789261895,920945763,262.430,robot_0,1.818,1.046
1789261895,920977973,262.430,robot_2,0.498,1.217
1789261895,921011592,262.430,robot_2_carried_generic_box,0.497,1.216
1789261895,921039036,262.430,robot_0_carried_generic_box,1.818,1.046
1789261896,189640123,262.699,robot_1,0.947,-2.230
1789261896,189743659,262.699,robot_0,1.818,1.046
1789261896,189782219,262.699,robot_2,0.497,1.217
1789261896,189823290,262.699,robot_2_carried_generic_box,0.498,1.217
1789261896,189850797,262.699,robot_0_carried_generic_box,1.818,1.046
1789261896,455241998,262.964,robot_1,0.947,-2.231
1789261896,455317570,262.964,robot_0,1.815,1.052
1789261896,455356888,262.964,robot_2,0.497,1.217
1789261896,455387345,262.965,robot_2_carried_generic_box,0.497,1.217
1789261896,455408840,262.965,robot_0_carried_generic_box,1.818,1.046
1789261896,682417496,263.192,robot_1,0.947,-2.231
1789261896,682480314,263.192,robot_0,1.810,1.061
1789261896,682512465,263.192,robot_2,0.497,1.217
1789261896,682544125,263.192,robot_2_carried_generic_box,0.497,1.217
1789261896,682568842,263.192,robot_0_carried_generic_box,1.817,1.048
1789261896,900046818,263.409,robot_1,0.947,-2.231
1789261896,900119283,263.409,robot_0,1.809,1.064
1789261896,900153094,263.409,robot_2,0.497,1.217
1789261896,900190745,263.409,robot_2_carried_generic_box,0.497,1.217
1789261896,900210946,263.409,robot_0_carried_generic_box,1.812,1.057
1789261897,107183189,263.616,robot_1,0.947,-2.231
1789261897,107254386,263.616,robot_0,1.807,1.067
1789261897,107284754,263.616,robot_2,0.497,1.217
1789261897,107312901,263.616,robot_2_carried_generic_box,0.497,1.217
1789261897,107335863,263.616,robot_0_carried_generic_box,1.810,1.063
1789261897,322459135,263.832,robot_1,0.947,-2.231
1789261897,328003587,263.837,robot_0,1.803,1.075
1789261897,328076417,263.837,robot_2,0.497,1.217
1789261897,328114648,263.837,robot_2_carried_generic_box,0.497,1.217
1789261897,328141353,263.837,robot_0_carried_generic_box,1.809,1.064
1789261897,530540578,264.040,robot_1,0.947,-2.231
1789261897,530610112,264.040,robot_0,1.798,1.083
1789261897,530647093,264.040,robot_2,0.497,1.217
1789261897,530682889,264.040,robot_2_carried_generic_box,0.497,1.217
1789261897,530711790,264.040,robot_0_carried_generic_box,1.807,1.068
1789261897,744238496,264.253,robot_1,0.947,-2.231
1789261897,744313700,264.258,robot_0,1.798,1.084
1789261897,749021108,264.258,robot_2,0.497,1.217
1789261897,749078435,264.258,robot_2_carried_generic_box,0.497,1.217
1789261897,749104832,264.258,robot_0_carried_generic_box,1.799,1.081
1789261897,982876058,264.492,robot_1,0.946,-2.231
1789261897,982953541,264.492,robot_0,1.800,1.080
1789261897,982987261,264.492,robot_2,0.497,1.217
1789261897,983018554,264.492,robot_2_carried_generic_box,0.497,1.217
1789261897,983041830,264.492,robot_0_carried_generic_box,1.798,1.084
1789261898,183979637,264.693,robot_1,0.946,-2.231
1789261898,187769627,264.697,robot_0,1.804,1.073
1789261898,189016014,264.698,robot_2,0.497,1.217
1789261898,189109289,264.698,robot_2_carried_generic_box,0.497,1.217
1789261898,189145594,264.698,robot_0_carried_generic_box,1.798,1.083
1789261898,401045008,264.910,robot_1,0.946,-2.231
1789261898,401111183,264.910,robot_0,1.809,1.064
1789261898,401143589,264.910,robot_2,0.497,1.217
1789261898,401173805,264.910,robot_2_carried_generic_box,0.497,1.217
1789261898,401197219,264.910,robot_0_carried_generic_box,1.803,1.075
1789261898,613808419,265.123,robot_1,0.947,-2.232
1789261898,613862774,265.123,robot_0,1.816,1.051
1789261898,613891041,265.123,robot_2,0.496,1.217
1789261898,613918638,265.136,robot_2_carried_generic_box,0.497,1.217
1789261898,627110770,265.136,robot_0_carried_generic_box,1.808,1.066
1789261898,862823220,265.372,robot_1,0.953,-2.238
1789261898,862887243,265.372,robot_0,1.818,1.047
1789261898,862919130,265.372,robot_2,0.496,1.217
1789261898,862957019,265.372,robot_2_carried_generic_box,0.497,1.217
1789261898,862982153,265.372,robot_0_carried_generic_box,1.815,1.053
1789261899,108735398,265.618,robot_1,0.958,-2.242
1789261899,108797787,265.618,robot_0,1.817,1.049
1789261899,108825645,265.618,robot_2,0.496,1.217
1789261899,108857078,265.618,robot_2_carried_generic_box,0.496,1.217
1789261899,108880458,265.618,robot_0_carried_generic_box,1.818,1.047
1789261899,352566045,265.862,robot_1,0.957,-2.242
1789261899,352636597,265.862,robot_0,1.817,1.049
1789261899,352667134,265.862,robot_2,0.496,1.217
1789261899,352698034,265.862,robot_2_carried_generic_box,0.496,1.217
1789261899,352721574,265.862,robot_0_carried_generic_box,1.818,1.047
1789261899,579223136,266.088,robot_1,0.953,-2.239
1789261899,579285474,266.088,robot_0,1.817,1.049
1789261899,579318411,266.088,robot_2,0.496,1.217
1789261899,579352746,266.088,robot_2_carried_generic_box,0.496,1.217
1789261899,579380688,266.089,robot_0_carried_generic_box,1.817,1.049
1789261899,790243404,266.299,robot_1,0.941,-2.229
1789261899,790311121,266.299,robot_0,1.817,1.049
1789261899,790343373,266.299,robot_2,0.496,1.216
1789261899,790372749,266.299,robot_2_carried_generic_box,0.496,1.217
1789261899,790395312,266.300,robot_0_carried_generic_box,1.817,1.049
1789261900,31543779,266.541,robot_1,0.934,-2.224
1789261900,31646670,266.541,robot_0,1.817,1.049
1789261900,31690439,266.541,robot_2,0.496,1.216
1789261900,31728384,266.541,robot_2_carried_generic_box,0.496,1.217
1789261900,31759077,266.541,robot_0_carried_generic_box,1.817,1.049
1789261900,230626796,266.740,robot_1,0.932,-2.222
1789261900,230698038,266.740,robot_0,1.817,1.049
1789261900,230732457,266.740,robot_2,0.496,1.216
1789261900,230765430,266.740,robot_2_carried_generic_box,0.496,1.216
1789261900,230790933,266.740,robot_0_carried_generic_box,1.817,1.049
1789261900,458843953,266.968,robot_1,0.932,-2.222
1789261900,458909880,266.973,robot_0,1.817,1.049
1789261900,464354211,266.974,robot_2,0.496,1.216
1789261900,464415698,266.974,robot_2_carried_generic_box,0.496,1.216
1789261900,464443705,266.974,robot_0_carried_generic_box,1.817,1.049
1789261900,673532251,267.183,robot_1,0.932,-2.222
1789261900,710158380,267.219,robot_0,1.817,1.049
1789261900,710236997,267.219,robot_2,0.496,1.216
1789261900,710274604,267.219,robot_2_carried_generic_box,0.496,1.216
1789261900,710298711,267.219,robot_0_carried_generic_box,1.817,1.049
1789261900,885829428,267.395,robot_1,0.932,-2.222
1789261900,885896160,267.395,robot_0,1.816,1.049
1789261900,908114349,267.417,robot_2,0.496,1.216
1789261900,908194665,267.417,robot_2_carried_generic_box,0.496,1.216
1789261900,908222583,267.417,robot_0_carried_generic_box,1.817,1.049
1789261901,101282694,267.610,robot_1,0.932,-2.222
1789261901,101356940,267.610,robot_0,1.816,1.049
1789261901,101390514,267.611,robot_2,0.496,1.216
1789261901,101421455,267.611,robot_2_carried_generic_box,0.496,1.216
1789261901,101444456,267.611,robot_0_carried_generic_box,1.817,1.049
1789261901,340034967,267.849,robot_1,0.933,-2.222
1789261901,340105680,267.849,robot_0,1.816,1.049
1789261901,340142050,267.849,robot_2,0.496,1.216
1789261901,340179307,267.849,robot_2_carried_generic_box,0.496,1.216
1789261901,340208362,267.849,robot_0_carried_generic_box,1.816,1.049
1789261901,569260249,268.078,robot_1,0.933,-2.222
1789261901,569330336,268.078,robot_0,1.816,1.049
1789261901,569364640,268.078,robot_2,0.497,1.215
1789261901,569393967,268.079,robot_2_carried_generic_box,0.496,1.216
1789261901,569415422,268.079,robot_0_carried_generic_box,1.816,1.049
1789261901,797815800,268.307,robot_1,0.933,-2.222
1789261901,797884823,268.307,robot_0,1.816,1.048
1789261901,797930039,268.307,robot_2,0.506,1.208
1789261901,797958694,268.307,robot_2_carried_generic_box,0.496,1.216
1789261901,797983055,268.307,robot_0_carried_generic_box,1.816,1.049
1789261902,5029280,268.514,robot_1,0.933,-2.222
1789261902,5099237,268.514,robot_0,1.816,1.048
1789261902,5134042,268.514,robot_2,0.510,1.205
1789261902,5172180,268.514,robot_2_carried_generic_box,0.500,1.212
1789261902,5201406,268.514,robot_0_carried_generic_box,1.816,1.048
1789261902,240228086,268.749,robot_1,0.931,-2.219
1789261902,240308938,268.749,robot_0,1.816,1.048
1789261902,240343821,268.749,robot_2,0.519,1.198
1789261902,240380544,268.750,robot_2_carried_generic_box,0.507,1.207
1789261902,240407230,268.750,robot_0_carried_generic_box,1.816,1.048
1789261902,463795136,268.973,robot_1,0.929,-2.214
1789261902,464237260,268.973,robot_0,1.816,1.048
1789261902,464290848,268.973,robot_2,0.524,1.194
1789261902,464322844,268.973,robot_2_carried_generic_box,0.512,1.203
1789261902,464346216,268.973,robot_0_carried_generic_box,1.816,1.048
1789261902,692209318,269.201,robot_1,0.929,-2.214
1789261902,692283833,269.201,robot_0,1.816,1.048
1789261902,692323657,269.201,robot_2,0.521,1.196
1789261902,692361998,269.201,robot_2_carried_generic_box,0.521,1.196
1789261902,692392244,269.202,robot_0_carried_generic_box,1.816,1.048
1789261902,895399663,269.405,robot_1,0.930,-2.215
1789261902,895468758,269.405,robot_0,1.818,1.047
1789261902,895500876,269.405,robot_2,0.515,1.200
1789261902,895533305,269.405,robot_2_carried_generic_box,0.524,1.194
1789261902,895557650,269.405,robot_0_carried_generic_box,1.816,1.048
1789261903,138487435,269.648,robot_1,0.932,-2.221
1789261903,138555527,269.648,robot_0,1.819,1.046
1789261903,138596620,269.648,robot_2,0.509,1.205
1789261903,138629917,269.648,robot_2_carried_generic_box,0.522,1.195
1789261903,138653593,269.648,robot_0_carried_generic_box,1.816,1.048
1789261903,365853869,269.875,robot_1,0.938,-2.239
1789261903,365929754,269.875,robot_0,1.811,1.049
1789261903,365961451,269.875,robot_2,0.508,1.206
1789261903,365992787,269.875,robot_2_carried_generic_box,0.512,1.202
1789261903,366017271,269.875,robot_0_carried_generic_box,1.820,1.046
1789261903,616400584,270.126,robot_1,0.942,-2.252
1789261903,616471599,270.126,robot_0,1.797,1.052
1789261903,616508671,270.126,robot_2,0.502,1.209
1789261903,616545353,270.126,robot_2_carried_generic_box,0.508,1.206
1789261903,616572906,270.126,robot_0_carried_generic_box,1.815,1.048
1789261903,839660118,270.349,robot_1,0.942,-2.251
1789261903,839725882,270.349,robot_0,1.793,1.053
1789261903,839765880,270.349,robot_2,0.495,1.214
1789261903,839798937,270.349,robot_2_carried_generic_box,0.506,1.207
1789261903,839828129,270.349,robot_0_carried_generic_box,1.804,1.051
1789261904,43158596,270.552,robot_1,0.942,-2.251
1789261904,43222683,270.552,robot_0,1.803,1.051
1789261904,43253946,270.552,robot_2,0.495,1.214
1789261904,43287159,270.552,robot_2_carried_generic_box,0.497,1.213
1789261904,43314243,270.552,robot_0_carried_generic_box,1.794,1.053
1789261904,273463096,270.783,robot_1,0.942,-2.249
1789261904,273523863,270.783,robot_0,1.822,1.047
1789261904,273551779,270.783,robot_2,0.495,1.214
1789261904,273582602,270.783,robot_2_carried_generic_box,0.495,1.214
1789261904,273604875,270.783,robot_0_carried_generic_box,1.795,1.053
1789261904,504292266,271.013,robot_1,0.939,-2.240
1789261904,504355773,271.013,robot_0,1.839,1.042
1789261904,519324375,271.028,robot_2,0.495,1.214
1789261904,519405707,271.029,robot_2_carried_generic_box,0.495,1.214
1789261904,519436582,271.029,robot_0_carried_generic_box,1.803,1.051
1789261904,740425627,271.250,robot_1,0.937,-2.234
1789261904,740494577,271.250,robot_0,1.851,1.039
1789261904,740529051,271.250,robot_2,0.495,1.214
1789261904,740561688,271.250,robot_2_carried_generic_box,0.495,1.214
1789261904,740588041,271.250,robot_0_carried_generic_box,1.822,1.047
1789261904,953581662,271.463,robot_1,0.937,-2.233
1789261904,953663398,271.463,robot_0,1.858,1.038
1789261904,953694375,271.463,robot_2,0.494,1.214
1789261904,953726558,271.463,robot_2_carried_generic_box,0.495,1.214
1789261904,953750767,271.463,robot_0_carried_generic_box,1.847,1.040
1789261905,150146488,271.659,robot_1,0.937,-2.233
1789261905,150209854,271.659,robot_0,1.870,1.034
1789261905,150241352,271.659,robot_2,0.494,1.214
1789261905,150272236,271.659,robot_2_carried_generic_box,0.494,1.214
1789261905,150295106,271.659,robot_0_carried_generic_box,1.854,1.039
1789261905,384779084,271.894,robot_1,0.937,-2.234
1789261905,384846109,271.894,robot_0,1.877,1.032
1789261905,384878036,271.894,robot_2,0.494,1.214
1789261905,384908132,271.894,robot_2_carried_generic_box,0.494,1.214
1789261905,384936822,271.894,robot_0_carried_generic_box,1.864,1.036
1789261905,600757981,272.110,robot_1,0.937,-2.234
1789261905,600820194,272.110,robot_0,1.877,1.033
1789261905,600856014,272.110,robot_2,0.494,1.214
1789261905,600887220,272.110,robot_2_carried_generic_box,0.494,1.214
1789261905,600913629,272.110,robot_0_carried_generic_box,1.877,1.032
1789261905,805654618,272.315,robot_1,0.937,-2.234
1789261905,805720699,272.315,robot_0,1.877,1.033
1789261905,805753410,272.315,robot_2,0.494,1.214
1789261905,805781607,272.315,robot_2_carried_generic_box,0.494,1.214
1789261905,805804828,272.315,robot_0_carried_generic_box,1.877,1.032
1789261906,49614866,272.559,robot_1,0.937,-2.234
1789261906,49688348,272.559,robot_0,1.877,1.033
1789261906,49729148,272.559,robot_2,0.494,1.214
1789261906,49768292,272.559,robot_2_carried_generic_box,0.494,1.214
1789261906,49798985,272.559,robot_0_carried_generic_box,1.877,1.033
1789261906,268679848,272.778,robot_1,0.936,-2.234
1789261906,268739508,272.778,robot_0,1.877,1.033
1789261906,268773292,272.778,robot_2,0.494,1.214
1789261906,268804353,272.778,robot_2_carried_generic_box,0.494,1.214
1789261906,268833434,272.778,robot_0_carried_generic_box,1.877,1.033
1789261906,511274486,273.020,robot_1,0.936,-2.234
1789261906,511341978,273.020,robot_0,1.877,1.033
1789261906,511373283,273.020,robot_2,0.494,1.214
1789261906,511404806,273.021,robot_2_carried_generic_box,0.494,1.214
1789261906,511431477,273.021,robot_0_carried_generic_box,1.877,1.033
1789261906,783506530,273.293,robot_1,0.936,-2.234
1789261906,783615561,273.293,robot_0,1.877,1.033
1789261906,783658845,273.293,robot_2,0.494,1.214
1789261906,783696788,273.293,robot_2_carried_generic_box,0.494,1.214
1789261906,783727809,273.293,robot_0_carried_generic_box,1.877,1.033
1789261906,998628003,273.508,robot_1,0.936,-2.234
1789261906,998696024,273.508,robot_0,1.877,1.033
1789261906,998729823,273.508,robot_2,0.494,1.213
1789261906,998761982,273.508,robot_2_carried_generic_box,0.494,1.214
1789261906,998787458,273.508,robot_0_carried_generic_box,1.877,1.033
1789261907,220852180,273.730,robot_1,0.936,-2.234
1789261907,220930319,273.730,robot_0,1.877,1.032
1789261907,220970836,273.730,robot_2,0.494,1.213
1789261907,221009270,273.730,robot_2_carried_generic_box,0.494,1.213
1789261907,221039965,273.730,robot_0_carried_generic_box,1.877,1.033
1789261907,469709999,273.979,robot_1,0.936,-2.234
1789261907,469775941,273.979,robot_0,1.877,1.032
1789261907,469804861,273.979,robot_2,0.494,1.213
1789261907,469834182,273.979,robot_2_carried_generic_box,0.494,1.213
1789261907,469858756,273.979,robot_0_carried_generic_box,1.877,1.033
1789261907,675585248,274.185,robot_1,0.936,-2.234
1789261907,675662389,274.185,robot_0,1.877,1.032
1789261907,675697903,274.185,robot_2,0.495,1.213
1789261907,675732867,274.185,robot_2_carried_generic_box,0.494,1.213
1789261907,675759424,274.185,robot_0_carried_generic_box,1.877,1.032
1789261907,930962987,274.440,robot_1,0.936,-2.234
1789261907,931029610,274.440,robot_0,1.877,1.032
1789261907,931067801,274.440,robot_2,0.495,1.213
1789261907,931099306,274.440,robot_2_carried_generic_box,0.494,1.213
1789261907,931122470,274.440,robot_0_carried_generic_box,1.877,1.032
1789261908,156033891,274.665,robot_1,0.936,-2.235
1789261908,156110062,274.665,robot_0,1.877,1.032
1789261908,156144172,274.665,robot_2,0.502,1.216
1789261908,156179083,274.665,robot_2_carried_generic_box,0.495,1.213
1789261908,156206163,274.665,robot_0_carried_generic_box,1.877,1.032
1789261908,368184557,274.877,robot_1,0.936,-2.235
1789261908,368256779,274.877,robot_0,1.877,1.032
1789261908,368294654,274.877,robot_2,0.512,1.220
1789261908,368328792,274.877,robot_2_carried_generic_box,0.495,1.213
1789261908,368356744,274.877,robot_0_carried_generic_box,1.877,1.032
1789261908,593874173,275.103,robot_1,0.934,-2.234
1789261908,600252217,275.109,robot_0,1.877,1.032
1789261908,600336909,275.109,robot_2,0.518,1.222
1789261908,600378269,275.110,robot_2_carried_generic_box,0.506,1.217
1789261908,600486284,275.110,robot_0_carried_generic_box,1.877,1.032
1789261908,837345962,275.346,robot_1,0.924,-2.230
1789261908,837427061,275.347,robot_0,1.877,1.032
1789261908,837469905,275.347,robot_2,0.528,1.226
1789261908,837509356,275.347,robot_2_carried_generic_box,0.517,1.222
1789261908,837540819,275.347,robot_0_carried_generic_box,1.877,1.032
1789261909,88804137,275.598,robot_1,0.912,-2.225
1789261909,88870077,275.598,robot_0,1.877,1.031
1789261909,88903435,275.598,robot_2,0.539,1.231
1789261909,109693964,275.619,robot_2_carried_generic_box,0.524,1.225
1789261909,109774113,275.619,robot_0_carried_generic_box,1.877,1.032
1789261909,296899391,275.815,robot_1,0.906,-2.223
1789261909,306139818,275.815,robot_0,1.876,1.031
1789261909,306199020,275.815,robot_2,0.540,1.232
1789261909,306234122,275.815,robot_2_carried_generic_box,0.534,1.229
1789261909,306255426,275.815,robot_0_carried_generic_box,1.877,1.031
1789261909,538354367,276.047,robot_1,0.906,-2.223
1789261909,538421577,276.048,robot_0,1.870,1.029
1789261909,538459416,276.048,robot_2,0.547,1.235
1789261909,538496336,276.048,robot_2_carried_generic_box,0.540,1.232
1789261909,546042278,276.055,robot_0_carried_generic_box,1.877,1.031
1789261909,827363236,276.336,robot_1,0.906,-2.223
1789261909,827431874,276.337,robot_0,1.872,1.030
1789261909,827469588,276.337,robot_2,0.555,1.239
1789261909,827504485,276.337,robot_2_carried_generic_box,0.544,1.234
1789261909,827531758,276.337,robot_0_carried_generic_box,1.872,1.029
1789261910,28267055,276.537,robot_1,0.906,-2.223
1789261910,29213268,276.538,robot_0,1.877,1.031
1789261910,29306272,276.538,robot_2,0.555,1.239
1789261910,29339898,276.538,robot_2_carried_generic_box,0.548,1.236
1789261910,29364460,276.538,robot_0_carried_generic_box,1.869,1.028
1789261910,254187113,276.763,robot_1,0.906,-2.223
1789261910,266805952,276.776,robot_0,1.885,1.035
1789261910,266890406,276.776,robot_2,0.548,1.236
1789261910,269178460,276.778,robot_2_carried_generic_box,0.555,1.239
1789261910,269270880,276.778,robot_0_carried_generic_box,1.877,1.031
1789261910,478887690,276.988,robot_1,0.906,-2.223
1789261910,478956810,276.988,robot_0,1.886,1.035
1789261910,478989679,276.988,robot_2,0.539,1.232
1789261910,479022147,276.988,robot_2_carried_generic_box,0.554,1.238
1789261910,479049396,276.988,robot_0_carried_generic_box,1.884,1.034
1789261910,694514294,277.204,robot_1,0.907,-2.223
1789261910,694581964,277.204,robot_0,1.886,1.035
1789261910,694619307,277.204,robot_2,0.527,1.226
1789261910,694654369,277.204,robot_2_carried_generic_box,0.543,1.233
1789261910,694683273,277.204,robot_0_carried_generic_box,1.886,1.035
1789261910,915797613,277.425,robot_1,0.907,-2.223
1789261910,915864757,277.425,robot_0,1.886,1.035
1789261910,915896839,277.425,robot_2,0.519,1.223
1789261910,915932102,277.425,robot_2_carried_generic_box,0.532,1.229
1789261910,915954515,277.425,robot_0_carried_generic_box,1.886,1.035
1789261911,142998457,277.653,robot_1,0.907,-2.223
1789261911,145347663,277.655,robot_0,1.879,1.032
1789261911,145829612,277.655,robot_2,0.519,1.223
1789261911,146374466,277.656,robot_2_carried_generic_box,0.525,1.225
1789261911,146420624,277.656,robot_0_carried_generic_box,1.886,1.035
1789261911,348480947,277.858,robot_1,0.907,-2.223
1789261911,348546415,277.858,robot_0,1.872,1.028
1789261911,348574845,277.858,robot_2,0.527,1.226
1789261911,348607488,277.858,robot_2_carried_generic_box,0.517,1.222
1789261911,348634033,277.858,robot_0_carried_generic_box,1.886,1.035
1789261911,549574030,278.059,robot_1,0.907,-2.223
1789261911,549636638,278.059,robot_0,1.869,1.027
1789261911,549668480,278.059,robot_2,0.540,1.232
1789261911,549697358,278.059,robot_2_carried_generic_box,0.522,1.224
1789261911,549723859,278.059,robot_0_carried_generic_box,1.874,1.030
1789261911,755714870,278.265,robot_1,0.910,-2.226
1789261911,755782520,278.265,robot_0,1.870,1.028
1789261911,755816999,278.265,robot_2,0.551,1.237
1789261911,755846310,278.265,robot_2_carried_generic_box,0.525,1.225
1789261911,755867413,278.265,robot_0_carried_generic_box,1.870,1.028
1789261912,18480683,278.528,robot_1,0.918,-2.233
1789261912,18547484,278.528,robot_0,1.873,1.029
1789261912,18579574,278.528,robot_2,0.558,1.240
1789261912,18610559,278.528,robot_2_carried_generic_box,0.545,1.235
1789261912,18632934,278.528,robot_0_carried_generic_box,1.869,1.027
1789261912,227152539,278.736,robot_1,0.925,-2.241
1789261912,227218682,278.736,robot_0,1.873,1.029
1789261912,227250333,278.736,robot_2,0.558,1.240
1789261912,227280596,278.736,robot_2_carried_generic_box,0.554,1.239
1789261912,227305193,278.736,robot_0_carried_generic_box,1.870,1.028
1789261912,457122792,278.966,robot_1,0.935,-2.252
1789261912,457189425,278.966,robot_0,1.867,1.026
1789261912,457218666,278.966,robot_2,0.558,1.240
1789261912,457247856,278.966,robot_2_carried_generic_box,0.558,1.240
1789261912,457267050,278.966,robot_0_carried_generic_box,1.873,1.029
1789261912,674740929,279.184,robot_1,0.942,-2.260
1789261912,674806110,279.184,robot_0,1.857,1.021
1789261912,674841289,279.184,robot_2,0.558,1.240
1789261912,674871968,279.184,robot_2_carried_generic_box,0.558,1.240
1789261912,674898326,279.184,robot_0_carried_generic_box,1.871,1.028
1789261912,887301815,279.396,robot_1,0.942,-2.260
1789261912,887379087,279.397,robot_0,1.857,1.021
1789261912,887412873,279.397,robot_2,0.558,1.240
1789261912,887446292,279.397,robot_2_carried_generic_box,0.558,1.240
1789261912,887471599,279.397,robot_0_carried_generic_box,1.861,1.023
1789261913,109743185,279.619,robot_1,0.942,-2.259
1789261913,109818344,279.619,robot_0,1.857,1.021
1789261913,109857738,279.619,robot_2,0.558,1.240
1789261913,109895086,279.619,robot_2_carried_generic_box,0.558,1.240
1789261913,120261507,279.629,robot_0_carried_generic_box,1.857,1.021
1789261913,340287604,279.849,robot_1,0.942,-2.259
1789261913,340363199,279.849,robot_0,1.857,1.021
1789261913,340399806,279.850,robot_2,0.558,1.240
1789261913,340434123,279.850,robot_2_carried_generic_box,0.558,1.240
1789261913,340459131,279.850,robot_0_carried_generic_box,1.857,1.021
1789261913,579563664,280.089,robot_1,0.942,-2.259
1789261913,579620087,280.089,robot_0,1.857,1.021
1789261913,579645953,280.089,robot_2,0.558,1.240
1789261913,579672026,280.089,robot_2_carried_generic_box,0.558,1.240
1789261913,579691934,280.089,robot_0_carried_generic_box,1.857,1.021
1789261913,796832260,280.306,robot_1,0.942,-2.259
1789261913,796906643,280.315,robot_0,1.857,1.021
1789261913,805729895,280.315,robot_2,0.558,1.240
1789261913,805792689,280.315,robot_2_carried_generic_box,0.558,1.240
1789261913,805820976,280.315,robot_0_carried_generic_box,1.857,1.021
1789261914,28135172,280.537,robot_1,0.942,-2.259
1789261914,28196393,280.537,robot_0,1.857,1.021
1789261914,28230621,280.537,robot_2,0.558,1.240
1789261914,28264122,280.537,robot_2_carried_generic_box,0.558,1.240
1789261914,28289289,280.537,robot_0_carried_generic_box,1.857,1.021
1789261914,272802903,280.782,robot_1,0.942,-2.259
1789261914,272877075,280.782,robot_0,1.857,1.021
1789261914,272918519,280.782,robot_2,0.558,1.240
1789261914,272961608,280.782,robot_2_carried_generic_box,0.558,1.240
1789261914,272991650,280.782,robot_0_carried_generic_box,1.857,1.021
1789261914,510800659,281.020,robot_1,0.942,-2.259
1789261914,510878157,281.020,robot_0,1.857,1.021
1789261914,510916696,281.041,robot_2,0.559,1.240
1789261914,532084143,281.041,robot_2_carried_generic_box,0.558,1.240
1789261914,532126989,281.041,robot_0_carried_generic_box,1.857,1.021
1789261914,738893613,281.248,robot_1,0.942,-2.260
1789261914,765445542,281.275,robot_0,1.858,1.021
1789261914,765526940,281.275,robot_2,0.559,1.240
1789261914,765569350,281.275,robot_2_carried_generic_box,0.559,1.240
1789261914,765600146,281.275,robot_0_carried_generic_box,1.857,1.021
1789261914,940295943,281.449,robot_1,0.942,-2.260
1789261914,940360266,281.449,robot_0,1.858,1.021
1789261914,940393194,281.450,robot_2,0.559,1.240
1789261914,940423730,281.450,robot_2_carried_generic_box,0.559,1.240
1789261914,940452514,281.450,robot_0_carried_generic_box,1.857,1.021
1789261915,155806679,281.665,robot_1,0.942,-2.260
1789261915,155875245,281.665,robot_0,1.858,1.021
1789261915,155905304,281.665,robot_2,0.559,1.240
1789261915,155945042,281.665,robot_2_carried_generic_box,0.559,1.240
1789261915,155969459,281.665,robot_0_carried_generic_box,1.858,1.021
1789261915,387785765,281.897,robot_1,0.942,-2.260
1789261915,387874119,281.897,robot_0,1.858,1.021
1789261915,387905697,281.897,robot_2,0.559,1.240
1789261915,387942127,281.897,robot_2_carried_generic_box,0.559,1.240
1789261915,387963697,281.897,robot_0_carried_generic_box,1.858,1.021
1789261915,614060892,282.123,robot_1,0.942,-2.260
1789261915,614128533,282.123,robot_0,1.858,1.020
1789261915,614157166,282.123,robot_2,0.561,1.244
1789261915,614185045,282.123,robot_2_carried_generic_box,0.559,1.240
1789261915,614207550,282.123,robot_0_carried_generic_box,1.858,1.021
1789261915,840416231,282.350,robot_1,0.942,-2.260
1789261915,840485341,282.350,robot_0,1.858,1.020
1789261915,840523610,282.350,robot_2,0.562,1.248
1789261915,840559409,282.350,robot_2_carried_generic_box,0.559,1.240
1789261915,840588698,282.350,robot_0_carried_generic_box,1.858,1.021
1789261916,58887730,282.568,robot_1,0.941,-2.260
1789261916,58963720,282.568,robot_0,1.858,1.020
1789261916,58999387,282.568,robot_2,0.561,1.244
1789261916,59029280,282.568,robot_2_carried_generic_box,0.561,1.245
1789261916,66872095,282.576,robot_0_carried_generic_box,1.858,1.020
1789261916,303003235,282.812,robot_1,0.941,-2.260
1789261916,303084008,282.812,robot_0,1.858,1.020
1789261916,303122028,282.812,robot_2,0.561,1.244
1789261916,303158948,282.812,robot_2_carried_generic_box,0.561,1.244
1789261916,303188552,282.812,robot_0_carried_generic_box,1.858,1.020
1789261916,511729443,283.021,robot_1,0.941,-2.260
1789261916,511802782,283.021,robot_0,1.859,1.020
1789261916,511840759,283.021,robot_2,0.561,1.244
1789261916,511878036,283.021,robot_2_carried_generic_box,0.561,1.244
1789261916,511905717,283.021,robot_0_carried_generic_box,1.858,1.020
1789261916,745488993,283.255,robot_1,0.943,-2.261
1789261916,745554219,283.255,robot_0,1.859,1.020
1789261916,745586200,283.255,robot_2,0.562,1.247
1789261916,745615367,283.255,robot_2_carried_generic_box,0.561,1.244
1789261916,745641162,283.255,robot_0_carried_generic_box,1.858,1.020
1789261916,985065949,283.494,robot_1,0.951,-2.265
1789261916,985131557,283.494,robot_0,1.858,1.019
1789261916,985163073,283.494,robot_2,0.563,1.252
1789261916,985193883,283.494,robot_2_carried_generic_box,0.562,1.245
1789261916,985216735,283.494,robot_0_carried_generic_box,1.859,1.020
1789261917,246149533,283.755,robot_1,0.959,-2.268
1789261917,246236898,283.755,robot_0,1.857,1.012
1789261917,246274278,283.755,robot_2,0.563,1.252
1789261917,246311277,283.755,robot_2_carried_generic_box,0.563,1.250
1789261917,246340147,283.755,robot_0_carried_generic_box,1.859,1.020
1789261917,442682141,283.952,robot_1,0.974,-2.274
1789261917,442743640,283.952,robot_0,1.855,1.001
1789261917,442772491,283.952,robot_2,0.563,1.252
1789261917,442802736,283.952,robot_2_carried_generic_box,0.563,1.252
1789261917,442824219,283.952,robot_0_carried_generic_box,1.858,1.019
1789261917,698146843,284.207,robot_1,0.986,-2.279
1789261917,698238260,284.207,robot_0,1.852,0.987
1789261917,698270704,284.207,robot_2,0.564,1.260
1789261917,698302060,284.207,robot_2_carried_generic_box,0.563,1.252
1789261917,698324505,284.207,robot_0_carried_generic_box,1.856,1.008
1789261917,927394168,284.437,robot_1,0.988,-2.279
1789261917,927457553,284.437,robot_0,1.851,0.975
1789261917,927490791,284.437,robot_2,0.564,1.264
1789261917,927523048,284.437,robot_2_carried_generic_box,0.563,1.254
1789261917,927551439,284.437,robot_0_carried_generic_box,1.853,0.991
1789261918,139663108,284.649,robot_1,0.988,-2.279
1789261918,139734826,284.649,robot_0,1.850,0.974
1789261918,139768665,284.649,robot_2,0.564,1.264
1789261918,139797167,284.649,robot_2_carried_generic_box,0.564,1.264
1789261918,139820107,284.649,robot_0_carried_generic_box,1.852,0.981
1789261918,357887954,284.867,robot_1,0.988,-2.279
1789261918,357963144,284.867,robot_0,1.850,0.974
1789261918,357998339,284.867,robot_2,0.564,1.264
1789261918,358031059,284.867,robot_2_carried_generic_box,0.564,1.264
1789261918,358057218,284.867,robot_0_carried_generic_box,1.850,0.974
1789261918,597622517,285.107,robot_1,0.987,-2.279
1789261918,597683725,285.107,robot_0,1.850,0.974
1789261918,597713775,285.107,robot_2,0.564,1.264
1789261918,597739777,285.107,robot_2_carried_generic_box,0.564,1.264
1789261918,597760738,285.107,robot_0_carried_generic_box,1.850,0.974
1789261918,845374404,285.355,robot_1,0.980,-2.276
1789261918,845435207,285.355,robot_0,1.850,0.974
1789261918,845465593,285.355,robot_2,0.564,1.264
1789261918,845495238,285.355,robot_2_carried_generic_box,0.564,1.264
1789261918,845517033,285.355,robot_0_carried_generic_box,1.850,0.974
1789261919,94123163,285.603,robot_1,0.969,-2.271
1789261919,94186816,285.603,robot_0,1.849,0.967
1789261919,94215675,285.603,robot_2,0.564,1.264
1789261919,94245377,285.603,robot_2_carried_generic_box,0.564,1.264
1789261919,94267948,285.603,robot_0_carried_generic_box,1.850,0.974
1789261919,296800078,285.806,robot_1,0.958,-2.266
1789261919,296871102,285.806,robot_0,1.848,0.955
1789261919,296910453,285.834,robot_2,0.565,1.264
1789261919,324929423,285.834,robot_2_carried_generic_box,0.564,1.264
1789261919,324990009,285.834,robot_0_carried_generic_box,1.850,0.971
1789261919,546400973,286.056,robot_1,0.955,-2.264
1789261919,546461025,286.056,robot_0,1.846,0.943
1789261919,546490784,286.056,robot_2,0.565,1.264
1789261919,546520030,286.056,robot_2_carried_generic_box,0.564,1.264
1789261919,546545788,286.056,robot_0_carried_generic_box,1.849,0.963
1789261919,804202686,286.313,robot_1,0.955,-2.264
1789261919,804305787,286.313,robot_0,1.845,0.938
1789261919,804348908,286.313,robot_2,0.565,1.265
1789261919,804388191,286.314,robot_2_carried_generic_box,0.565,1.264
1789261919,804419847,286.314,robot_0_carried_generic_box,1.847,0.949
1789261920,37568582,286.547,robot_1,0.955,-2.264
1789261920,37633826,286.547,robot_0,1.845,0.938
1789261920,37670404,286.547,robot_2,0.565,1.265
1789261920,37699144,286.547,robot_2_carried_generic_box,0.565,1.264
1789261920,37724406,286.547,robot_0_carried_generic_box,1.846,0.939
1789261920,268657442,286.778,robot_1,0.955,-2.264
1789261920,268720783,286.778,robot_0,1.845,0.938
1789261920,281048437,286.790,robot_2,0.565,1.265
1789261920,281139712,286.790,robot_2_carried_generic_box,0.565,1.265
1789261920,281180315,286.790,robot_0_carried_generic_box,1.845,0.938
1789261920,470177296,286.979,robot_1,0.955,-2.264
1789261920,470253711,286.979,robot_0,1.845,0.938
1789261920,470287181,286.979,robot_2,0.565,1.265
1789261920,471350913,286.981,robot_2_carried_generic_box,0.565,1.265
1789261920,471447390,286.984,robot_0_carried_generic_box,1.845,0.938
1789261920,682849385,287.192,robot_1,0.955,-2.264
1789261920,682912883,287.192,robot_0,1.845,0.938
1789261920,682952884,287.192,robot_2,0.565,1.265
1789261920,682983979,287.192,robot_2_carried_generic_box,0.565,1.265
1789261920,683006464,287.192,robot_0_carried_generic_box,1.845,0.938
1789261920,927529619,287.437,robot_1,0.955,-2.264
1789261920,927602460,287.437,robot_0,1.845,0.938
1789261920,927633789,287.437,robot_2,0.565,1.265
1789261920,927662139,287.437,robot_2_carried_generic_box,0.565,1.265
1789261920,927682946,287.437,robot_0_carried_generic_box,1.845,0.938
1789261921,128303825,287.637,robot_1,0.955,-2.264
1789261921,128373978,287.637,robot_0,1.845,0.938
1789261921,128404885,287.638,robot_2,0.565,1.265
1789261921,128432968,287.638,robot_2_carried_generic_box,0.565,1.265
1789261921,128455030,287.638,robot_0_carried_generic_box,1.845,0.938
1789261921,338114708,287.847,robot_1,0.955,-2.264
1789261921,338182714,287.847,robot_0,1.845,0.938
1789261921,338210637,287.847,robot_2,0.565,1.265
1789261921,344703869,287.854,robot_2_carried_generic_box,0.565,1.265
1789261921,344783987,287.854,robot_0_carried_generic_box,1.845,0.938
1789261921,555323886,288.064,robot_1,0.955,-2.263
1789261921,555386289,288.065,robot_0,1.845,0.938
1789261921,555421446,288.065,robot_2,0.565,1.265
1789261921,555451628,288.065,robot_2_carried_generic_box,0.565,1.265
1789261921,555474303,288.065,robot_0_carried_generic_box,1.845,0.938
1789261921,759880268,288.269,robot_1,0.949,-2.255
1789261921,804484010,288.314,robot_0,1.844,0.937
1789261921,804563083,288.314,robot_2,0.565,1.265
1789261921,805744179,288.315,robot_2_carried_generic_box,0.565,1.265
1789261921,805843790,288.315,robot_0_carried_generic_box,1.845,0.938
1789261921,976987459,288.486,robot_1,0.948,-2.254
1789261921,977064782,288.486,robot_0,1.838,0.929
1789261921,977105698,288.486,robot_2,0.569,1.262
1789261921,977142674,288.486,robot_2_carried_generic_box,0.565,1.265
1789261921,977167506,288.486,robot_0_carried_generic_box,1.845,0.938
1789261922,183606283,288.693,robot_1,0.948,-2.254
1789261922,183685852,288.693,robot_0,1.835,0.926
1789261922,183724825,288.693,robot_2,0.576,1.258
1789261922,183756095,288.693,robot_2_carried_generic_box,0.567,1.264
1789261922,183785259,288.693,robot_0_carried_generic_box,1.842,0.935
1789261922,402606370,288.912,robot_1,0.948,-2.254
1789261922,402679797,288.912,robot_0,1.833,0.923
1789261922,402717381,288.912,robot_2,0.578,1.256
1789261922,402753714,288.912,robot_2_carried_generic_box,0.574,1.259
1789261922,402782263,288.912,robot_0_carried_generic_box,1.835,0.926
1789261922,619438353,289.129,robot_1,0.948,-2.254
1789261922,633257645,289.142,robot_0,1.827,0.916
1789261922,633327428,289.142,robot_2,0.573,1.259
1789261922,633362089,289.142,robot_2_carried_generic_box,0.578,1.257
1789261922,633385698,289.143,robot_0_carried_generic_box,1.835,0.925
1789261922,838652134,289.348,robot_1,0.948,-2.254
1789261922,838716042,289.348,robot_0,1.823,0.912
1789261922,838752230,289.348,robot_2,0.571,1.261
1789261922,838786072,289.348,robot_2_carried_generic_box,0.578,1.256
1789261922,838812859,289.348,robot_0_carried_generic_box,1.832,0.922
1789261923,84624009,289.594,robot_1,0.948,-2.254
1789261923,84688377,289.594,robot_0,1.822,0.911
1789261923,84718600,289.594,robot_2,0.571,1.261
1789261923,84747900,289.594,robot_2_carried_generic_box,0.572,1.260
1789261923,84770511,289.594,robot_0_carried_generic_box,1.827,0.916
1789261923,327559659,289.837,robot_1,0.948,-2.254
1789261923,327624620,289.837,robot_0,1.822,0.911
1789261923,327661867,289.837,robot_2,0.571,1.261
1789261923,327698716,289.837,robot_2_carried_generic_box,0.571,1.261
1789261923,327727238,289.837,robot_0_carried_generic_box,1.822,0.911
1789261923,541759262,290.051,robot_1,0.948,-2.254
1789261923,541842989,290.051,robot_0,1.822,0.911
1789261923,541883246,290.051,robot_2,0.571,1.261
1789261923,541928450,290.051,robot_2_carried_generic_box,0.571,1.261
1789261923,541959748,290.051,robot_0_carried_generic_box,1.822,0.911
1789261923,783542794,290.293,robot_1,0.948,-2.254
1789261923,783610694,290.293,robot_0,1.822,0.911
1789261923,783640656,290.293,robot_2,0.571,1.261
1789261923,783670982,290.293,robot_2_carried_generic_box,0.571,1.261
1789261923,783695518,290.293,robot_0_carried_generic_box,1.822,0.911
1789261924,6691591,290.516,robot_1,0.948,-2.254
1789261924,6758843,290.516,robot_0,1.822,0.911
1789261924,6796921,290.516,robot_2,0.565,1.264
1789261924,6834660,290.516,robot_2_carried_generic_box,0.571,1.261
1789261924,6864616,290.516,robot_0_carried_generic_box,1.822,0.911
1789261924,241413449,290.751,robot_1,0.948,-2.254
1789261924,241474940,290.751,robot_0,1.822,0.911
1789261924,291887710,290.801,robot_2,0.560,1.266
1789261924,291989011,290.801,robot_2_carried_generic_box,0.566,1.263
1789261924,292028750,290.801,robot_0_carried_generic_box,1.822,0.911
1789261924,480028084,290.989,robot_1,0.948,-2.254
1789261924,480089733,290.989,robot_0,1.822,0.911
1789261924,480118559,290.989,robot_2,0.563,1.265
1789261924,480148801,290.989,robot_2_carried_generic_box,0.561,1.266
1789261924,480171208,290.989,robot_0_carried_generic_box,1.822,0.911
1789261924,685672470,291.195,robot_1,0.948,-2.254
1789261924,685736630,291.195,robot_0,1.822,0.911
1789261924,685775445,291.195,robot_2,0.570,1.262
1789261924,685811996,291.195,robot_2_carried_generic_box,0.560,1.266
1789261924,685842117,291.195,robot_0_carried_generic_box,1.822,0.911
1789261924,896302039,291.407,robot_1,0.948,-2.254
1789261924,898016411,291.407,robot_0,1.822,0.911
1789261924,898080432,291.407,robot_2,0.577,1.258
1789261924,898120609,291.407,robot_2_carried_generic_box,0.563,1.265
1789261924,903145167,291.412,robot_0_carried_generic_box,1.822,0.911
1789261925,117656100,291.627,robot_1,0.948,-2.254
1789261925,117724580,291.627,robot_0,1.823,0.911
1789261925,117759662,291.627,robot_2,0.585,1.253
1789261925,117796475,291.627,robot_2_carried_generic_box,0.575,1.259
1789261925,117825839,291.627,robot_0_carried_generic_box,1.822,0.911
1789261925,341130901,291.850,robot_1,0.948,-2.254
1789261925,341205511,291.850,robot_0,1.823,0.911
1789261925,341238735,291.850,robot_2,0.587,1.253
1789261925,341269509,291.850,robot_2_carried_generic_box,0.578,1.257
1789261925,341294251,291.850,robot_0_carried_generic_box,1.823,0.911
1789261925,549175556,292.058,robot_1,0.948,-2.254
1789261925,549243548,292.058,robot_0,1.823,0.911
1789261925,549274256,292.058,robot_2,0.587,1.253
1789261925,549304771,292.058,robot_2_carried_generic_box,0.587,1.253
1789261925,549327452,292.058,robot_0_carried_generic_box,1.823,0.911
1789261925,776700850,292.286,robot_1,0.947,-2.255
1789261925,781928992,292.291,robot_0,1.823,0.910
1789261925,782004167,292.291,robot_2,0.587,1.253
1789261925,782041228,292.291,robot_2_carried_generic_box,0.587,1.253
1789261925,782065419,292.291,robot_0_carried_generic_box,1.823,0.911
1789261926,14367863,292.524,robot_1,0.946,-2.254
1789261926,14444315,292.524,robot_0,1.823,0.910
1789261926,14481229,292.524,robot_2,0.587,1.253
1789261926,14515467,292.524,robot_2_carried_generic_box,0.587,1.253
1789261926,14538591,292.524,robot_0_carried_generic_box,1.823,0.911
1789261926,222724536,292.732,robot_1,0.939,-2.251
1789261926,222789918,292.732,robot_0,1.823,0.910
1789261926,222823323,292.732,robot_2,0.587,1.253
1789261926,222857207,292.732,robot_2_carried_generic_box,0.587,1.253
1789261926,222880325,292.732,robot_0_carried_generic_box,1.823,0.910
1789261926,476092712,292.985,robot_1,0.930,-2.248
1789261926,476160805,292.985,robot_0,1.823,0.910
1789261926,476191133,292.985,robot_2,0.587,1.253
1789261926,476220126,292.985,robot_2_carried_generic_box,0.587,1.253
1789261926,476246607,292.985,robot_0_carried_generic_box,1.823,0.910
1789261926,720428074,293.230,robot_1,0.921,-2.245
1789261926,720491108,293.230,robot_0,1.824,0.910
1789261926,720521565,293.230,robot_2,0.587,1.253
1789261926,720550238,293.245,robot_2_carried_generic_box,0.587,1.253
1789261926,736233159,293.245,robot_0_carried_generic_box,1.823,0.910
1789261926,922759756,293.432,robot_1,0.919,-2.244
1789261926,922827025,293.432,robot_0,1.824,0.910
1789261926,922859151,293.432,robot_2,0.587,1.253
1789261926,922890464,293.432,robot_2_carried_generic_box,0.587,1.253
1789261926,922916748,293.432,robot_0_carried_generic_box,1.823,0.910
1789261927,140335012,293.649,robot_1,0.919,-2.244
1789261927,140403184,293.650,robot_0,1.824,0.910
1789261927,140435012,293.650,robot_2,0.587,1.253
1789261927,140463445,293.650,robot_2_carried_generic_box,0.587,1.253
1789261927,140486309,293.650,robot_0_carried_generic_box,1.824,0.910
1789261927,377454428,293.887,robot_1,0.924,-2.246
1789261927,377520197,293.887,robot_0,1.824,0.910
1789261927,377558330,293.887,robot_2,0.587,1.253
1789261927,377593418,293.887,robot_2_carried_generic_box,0.587,1.253
1789261927,377620331,293.887,robot_0_carried_generic_box,1.824,0.910
1789261927,633932325,294.143,robot_1,0.928,-2.247
1789261927,647396253,294.157,robot_0,1.824,0.910
1789261927,647491883,294.157,robot_2,0.587,1.253
1789261927,647529493,294.157,robot_2_carried_generic_box,0.587,1.253
1789261927,647555402,294.157,robot_0_carried_generic_box,1.824,0.910
1789261927,859245847,294.368,robot_1,0.928,-2.247
1789261927,859320605,294.368,robot_0,1.824,0.911
1789261927,859358689,294.368,robot_2,0.587,1.253
1789261927,859394605,294.369,robot_2_carried_generic_box,0.587,1.253
1789261927,859423519,294.369,robot_0_carried_generic_box,1.824,0.910
1789261928,79776477,294.589,robot_1,0.928,-2.247
1789261928,79844626,294.589,robot_0,1.823,0.915
1789261928,79873192,294.589,robot_2,0.582,1.253
1789261928,79901907,294.589,robot_2_carried_generic_box,0.587,1.253
1789261928,79931093,294.589,robot_0_carried_generic_box,1.824,0.911
1789261928,291017383,294.800,robot_1,0.930,-2.248
1789261928,291081862,294.800,robot_0,1.822,0.921
1789261928,291112270,294.800,robot_2,0.572,1.252
1789261928,291144017,294.800,robot_2_carried_generic_box,0.584,1.253
1789261928,291167311,294.800,robot_0_carried_generic_box,1.824,0.911
1789261928,498862767,295.008,robot_1,0.936,-2.249
1789261928,509335720,295.018,robot_0,1.822,0.922
1789261928,509420251,295.019,robot_2,0.558,1.250
1789261928,509456878,295.019,robot_2_carried_generic_box,0.582,1.253
1789261928,509480648,295.019,robot_0_carried_generic_box,1.823,0.917
1789261928,714470250,295.224,robot_1,0.936,-2.249
1789261928,714531535,295.224,robot_0,1.822,0.922
1789261928,714565130,295.224,robot_2,0.548,1.248
1789261928,714596536,295.224,robot_2_carried_generic_box,0.569,1.251
1789261928,714621127,295.224,robot_0_carried_generic_box,1.822,0.922
1789261928,943957256,295.453,robot_1,0.930,-2.247
1789261928,944048632,295.453,robot_0,1.822,0.922
1789261928,944082475,295.453,robot_2,0.544,1.247
1789261928,944117380,295.453,robot_2_carried_generic_box,0.551,1.249
1789261928,944149220,295.453,robot_0_carried_generic_box,1.822,0.922
1789261929,169130887,295.678,robot_1,0.919,-2.244
1789261929,169196665,295.678,robot_0,1.822,0.922
1789261929,169227127,295.678,robot_2,0.544,1.248
1789261929,169260804,295.678,robot_2_carried_generic_box,0.549,1.248
1789261929,169289720,295.678,robot_0_carried_generic_box,1.822,0.922
1789261929,414431839,295.924,robot_1,0.917,-2.243
1789261929,414494723,295.924,robot_0,1.822,0.922
1789261929,414521862,295.924,robot_2,0.544,1.248
1789261929,414551314,295.924,robot_2_carried_generic_box,0.544,1.248
1789261929,414574422,295.924,robot_0_carried_generic_box,1.822,0.922
1789261929,673786573,296.183,robot_1,0.917,-2.243
1789261929,673859121,296.183,robot_0,1.822,0.922
1789261929,673897827,296.183,robot_2,0.544,1.248
1789261929,680908490,296.190,robot_2_carried_generic_box,0.544,1.248
1789261929,681001206,296.190,robot_0_carried_generic_box,1.822,0.922
1789261929,930178938,296.439,robot_1,0.917,-2.243
1789261929,930250781,296.439,robot_0,1.822,0.922
1789261929,930283024,296.439,robot_2,0.544,1.248
1789261929,930315139,296.439,robot_2_carried_generic_box,0.544,1.248
1789261929,930338418,296.439,robot_0_carried_generic_box,1.822,0.922
1789261930,160568163,296.670,robot_1,0.917,-2.243
1789261930,160629707,296.670,robot_0,1.823,0.923
1789261930,160657202,296.670,robot_2,0.544,1.248
1789261930,160687431,296.670,robot_2_carried_generic_box,0.544,1.248
1789261930,160713113,296.670,robot_0_carried_generic_box,1.822,0.922
1789261930,400667230,296.910,robot_1,0.917,-2.243
1789261930,400730569,296.910,robot_0,1.823,0.923
1789261930,400763562,296.910,robot_2,0.544,1.248
1789261930,400794308,296.910,robot_2_carried_generic_box,0.544,1.248
1789261930,400818235,296.910,robot_0_carried_generic_box,1.822,0.922
1789261930,674416853,297.184,robot_1,0.917,-2.244
1789261930,674479901,297.184,robot_0,1.823,0.923
1789261930,674511411,297.184,robot_2,0.544,1.248
1789261930,674542918,297.184,robot_2_carried_generic_box,0.544,1.248
1789261930,674574001,297.184,robot_0_carried_generic_box,1.823,0.923
1789261930,874906821,297.384,robot_1,0.917,-2.244
1789261930,874986494,297.384,robot_0,1.823,0.923
1789261930,875019435,297.384,robot_2,0.544,1.248
1789261930,875049460,297.384,robot_2_carried_generic_box,0.544,1.248
1789261930,875072186,297.384,robot_0_carried_generic_box,1.823,0.923
1789261931,77215109,297.586,robot_1,0.917,-2.244
1789261931,77280527,297.586,robot_0,1.823,0.923
1789261931,77308043,297.586,robot_2,0.544,1.248
1789261931,77336926,297.586,robot_2_carried_generic_box,0.544,1.248
1789261931,77357604,297.586,robot_0_carried_generic_box,1.823,0.923
1789261931,303641292,297.813,robot_1,0.917,-2.244
1789261931,303710409,297.813,robot_0,1.823,0.923
1789261931,303745228,297.813,robot_2,0.544,1.248
1789261931,303781005,297.824,robot_2_carried_generic_box,0.544,1.248
1789261931,314997479,297.824,robot_0_carried_generic_box,1.823,0.923
1789261931,516627781,298.026,robot_1,0.917,-2.244
1789261931,516687261,298.026,robot_0,1.823,0.923
1789261931,516715921,298.026,robot_2,0.544,1.248
1789261931,516744261,298.026,robot_2_carried_generic_box,0.544,1.248
1789261931,516767753,298.026,robot_0_carried_generic_box,1.823,0.923
1789261931,722717449,298.232,robot_1,0.917,-2.244
1789261931,722770860,298.232,robot_0,1.823,0.923
1789261931,722798632,298.232,robot_2,0.543,1.249
1789261931,722824846,298.232,robot_2_carried_generic_box,0.544,1.248
1789261931,722843888,298.232,robot_0_carried_generic_box,1.823,0.923
1789261931,929003792,298.438,robot_1,0.918,-2.244
1789261931,929090594,298.438,robot_0,1.823,0.923
1789261931,929130917,298.438,robot_2,0.543,1.249
1789261931,929170702,298.438,robot_2_carried_generic_box,0.543,1.249
1789261931,929205422,298.438,robot_0_carried_generic_box,1.823,0.923
1789261932,186811632,298.696,robot_1,0.923,-2.243
1789261932,186874927,298.696,robot_0,1.823,0.924
1789261932,186903703,298.696,robot_2,0.543,1.249
1789261932,186937877,298.696,robot_2_carried_generic_box,0.543,1.249
1789261932,186959885,298.696,robot_0_carried_generic_box,1.823,0.923
1789261932,397819344,298.907,robot_1,0.941,-2.238
1789261932,397881161,298.919,robot_0,1.823,0.924
1789261932,410026575,298.919,robot_2,0.543,1.249
1789261932,410085604,298.919,robot_2_carried_generic_box,0.543,1.249
1789261932,410112123,298.919,robot_0_carried_generic_box,1.823,0.923
1789261932,656821589,299.166,robot_1,0.956,-2.233
1789261932,656885845,299.166,robot_0,1.823,0.924
1789261932,656915950,299.166,robot_2,0.543,1.249
1789261932,656954303,299.166,robot_2_carried_generic_box,0.543,1.249
1789261932,656976839,299.166,robot_0_carried_generic_box,1.823,0.924
1789261932,888767391,299.398,robot_1,0.972,-2.227
1789261932,888831116,299.398,robot_0,1.823,0.924
1789261932,888858141,299.398,robot_2,0.543,1.249
1789261932,888887564,299.420,robot_2_carried_generic_box,0.543,1.249
1789261932,911425154,299.421,robot_0_carried_generic_box,1.823,0.924
1789261933,94672506,299.604,robot_1,0.982,-2.224
1789261933,94735808,299.604,robot_0,1.823,0.924
1789261933,94772206,299.604,robot_2,0.543,1.249
1789261933,94805887,299.604,robot_2_carried_generic_box,0.543,1.249
1789261933,94826784,299.604,robot_0_carried_generic_box,1.823,0.924
1789261933,343625229,299.853,robot_1,0.986,-2.222
1789261933,343700418,299.853,robot_0,1.823,0.924
1789261933,343738146,299.853,robot_2,0.543,1.249
1789261933,343773030,299.853,robot_2_carried_generic_box,0.543,1.249
1789261933,343799454,299.853,robot_0_carried_generic_box,1.823,0.924
1789261933,560640329,300.070,robot_1,0.986,-2.222
1789261933,560712874,300.070,robot_0,1.819,0.925
1789261933,560751376,300.070,robot_2,0.542,1.247
1789261933,560786725,300.070,robot_2_carried_generic_box,0.543,1.249
1789261933,560814813,300.070,robot_0_carried_generic_box,1.823,0.924
1789261933,793598746,300.303,robot_1,0.986,-2.223
1789261933,793666547,300.303,robot_0,1.812,0.925
1789261933,793696986,300.303,robot_2,0.540,1.237
1789261933,793726001,300.303,robot_2_carried_generic_box,0.543,1.248
1789261933,793749691,300.303,robot_0_carried_generic_box,1.823,0.924
1789261934,47855533,300.557,robot_1,0.986,-2.223
1789261934,47917198,300.562,robot_0,1.814,0.925
1789261934,53070867,300.562,robot_2,0.538,1.221
1789261934,53119726,300.562,robot_2_carried_generic_box,0.541,1.241
1789261934,53152091,300.562,robot_0_carried_generic_box,1.816,0.925
1789261934,306908248,300.829,robot_1,0.986,-2.223
1789261934,320191160,300.829,robot_0,1.821,0.926
1789261934,320245609,300.829,robot_2,0.536,1.208
1789261934,320281909,300.829,robot_2_carried_generic_box,0.539,1.231
1789261934,320305162,300.829,robot_0_carried_generic_box,1.812,0.925
1789261934,521455469,301.031,robot_1,0.986,-2.223
1789261934,521516164,301.031,robot_0,1.836,0.927
1789261934,521548256,301.031,robot_2,0.534,1.188
1789261934,521582173,301.031,robot_2_carried_generic_box,0.537,1.210
1789261934,521607177,301.031,robot_0_carried_generic_box,1.821,0.926
1789261934,767377642,301.277,robot_1,0.986,-2.223
1789261934,767443695,301.277,robot_0,1.850,0.928
1789261934,767474625,301.277,robot_2,0.533,1.176
1789261934,767503140,301.277,robot_2_carried_generic_box,0.535,1.194
1789261934,767524024,301.277,robot_0_carried_generic_box,1.832,0.927
1789261935,15394450,301.525,robot_1,0.986,-2.223
1789261935,15455192,301.525,robot_0,1.863,0.930
1789261935,15493674,301.525,robot_2,0.532,1.156
1789261935,15532063,301.525,robot_2_carried_generic_box,0.534,1.182
1789261935,15562394,301.525,robot_0_carried_generic_box,1.846,0.928
1789261935,244347075,301.754,robot_1,0.986,-2.223
1789261935,244448190,301.754,robot_0,1.869,0.930
1789261935,244488334,301.754,robot_2,0.531,1.139
1789261935,244522067,301.754,robot_2_carried_generic_box,0.532,1.159
1789261935,244550983,301.754,robot_0_carried_generic_box,1.854,0.929
1789261935,436558450,301.946,robot_1,0.986,-2.223
1789261935,436630172,301.946,robot_0,1.869,0.930
1789261935,436668288,301.946,robot_2,0.531,1.127
1789261935,436703539,301.946,robot_2_carried_generic_box,0.532,1.153
1789261935,436732089,301.946,robot_0_carried_generic_box,1.865,0.930
1789261935,679736367,302.189,robot_1,0.987,-2.223
1789261935,679798132,302.189,robot_0,1.869,0.930
1789261935,679828446,302.189,robot_2,0.530,1.116
1789261935,679859279,302.189,robot_2_carried_generic_box,0.531,1.130
1789261935,679880781,302.189,robot_0_carried_generic_box,1.868,0.930
1789261935,913061098,302.422,robot_1,0.987,-2.223
1789261935,913123190,302.422,robot_0,1.869,0.930
1789261935,920398019,302.430,robot_2,0.530,1.113
1789261935,920478324,302.430,robot_2_carried_generic_box,0.530,1.120
1789261935,920510131,302.430,robot_0_carried_generic_box,1.869,0.930
1789261936,157467129,302.667,robot_1,0.987,-2.223
1789261936,157533517,302.667,robot_0,1.869,0.930
1789261936,157567280,302.667,robot_2,0.530,1.113
1789261936,157596934,302.667,robot_2_carried_generic_box,0.530,1.113
1789261936,157615959,302.667,robot_0_carried_generic_box,1.869,0.930
1789261936,370067102,302.879,robot_1,0.987,-2.224
1789261936,370147229,302.879,robot_0,1.869,0.930
1789261936,370187096,302.879,robot_2,0.530,1.113
1789261936,370221949,302.879,robot_2_carried_generic_box,0.530,1.113
1789261936,370250754,302.879,robot_0_carried_generic_box,1.869,0.930
1789261936,591446598,303.101,robot_1,0.987,-2.224
1789261936,591511074,303.101,robot_0,1.869,0.930
1789261936,591544547,303.101,robot_2,0.530,1.113
1789261936,591575364,303.101,robot_2_carried_generic_box,0.530,1.113
1789261936,591600005,303.101,robot_0_carried_generic_box,1.869,0.930
1789261936,801105581,303.310,robot_1,0.987,-2.224
1789261936,801180488,303.310,robot_0,1.869,0.930
1789261936,801270906,303.310,robot_2,0.530,1.113
1789261936,801306685,303.310,robot_2_carried_generic_box,0.530,1.113
1789261936,801330955,303.310,robot_0_carried_generic_box,1.869,0.930
1789261937,27365527,303.537,robot_1,0.987,-2.224
1789261937,27431583,303.537,robot_0,1.869,0.930
1789261937,27467153,303.537,robot_2,0.530,1.113
1789261937,27504888,303.537,robot_2_carried_generic_box,0.530,1.113
1789261937,27535021,303.537,robot_0_carried_generic_box,1.869,0.930
1789261937,230692744,303.740,robot_1,0.987,-2.224
1789261937,230764321,303.740,robot_0,1.869,0.929
1789261937,230803229,303.740,robot_2,0.530,1.113
1789261937,230839656,303.740,robot_2_carried_generic_box,0.530,1.113
1789261937,245597171,303.755,robot_0_carried_generic_box,1.869,0.930
1789261937,502166046,304.011,robot_1,0.988,-2.222
1789261937,502233506,304.011,robot_0,1.869,0.929
1789261937,502266352,304.011,robot_2,0.530,1.113
1789261937,502298912,304.011,robot_2_carried_generic_box,0.530,1.113
1789261937,502319804,304.011,robot_0_carried_generic_box,1.869,0.929
1789261937,718764271,304.228,robot_1,0.990,-2.216
1789261937,718833333,304.228,robot_0,1.868,0.929
1789261937,718873472,304.228,robot_2,0.530,1.113
1789261937,718911367,304.259,robot_2_carried_generic_box,0.530,1.113
1789261937,750111663,304.259,robot_0_carried_generic_box,1.869,0.929
1789261937,965165549,304.474,robot_1,0.991,-2.212
1789261937,965232518,304.474,robot_0,1.868,0.929
1789261937,965263043,304.474,robot_2,0.530,1.113
1789261937,965295025,304.474,robot_2_carried_generic_box,0.530,1.113
1789261937,965319495,304.474,robot_0_carried_generic_box,1.869,0.929
1789261938,204032037,304.713,robot_1,0.990,-2.216
1789261938,204101655,304.713,robot_0,1.868,0.929
1789261938,204136269,304.713,robot_2,0.530,1.113
1789261938,204169696,304.713,robot_2_carried_generic_box,0.530,1.113
1789261938,204195094,304.713,robot_0_carried_generic_box,1.868,0.929
1789261938,453019130,304.962,robot_1,0.989,-2.221
1789261938,453082885,304.962,robot_0,1.868,0.929
1789261938,453117758,304.962,robot_2,0.529,1.113
1789261938,453149367,304.973,robot_2_carried_generic_box,0.530,1.113
1789261938,463971449,304.973,robot_0_carried_generic_box,1.868,0.929
1789261938,687513560,305.197,robot_1,0.990,-2.216
1789261938,687580595,305.197,robot_0,1.868,0.929
1789261938,687615412,305.197,robot_2,0.529,1.113
1789261938,687645535,305.197,robot_2_carried_generic_box,0.530,1.113
1789261938,687668461,305.197,robot_0_carried_generic_box,1.868,0.929
1789261938,931035982,305.440,robot_1,0.991,-2.213
1789261938,931104928,305.440,robot_0,1.868,0.929
1789261938,931142297,305.440,robot_2,0.529,1.113
1789261938,931180515,305.440,robot_2_carried_generic_box,0.529,1.113
1789261938,931209552,305.440,robot_0_carried_generic_box,1.868,0.929
1789261939,143837426,305.660,robot_1,0.990,-2.216
1789261939,150502705,305.660,robot_0,1.868,0.929
1789261939,150542136,305.660,robot_2,0.529,1.113
1789261939,150573975,305.660,robot_2_carried_generic_box,0.529,1.113
1789261939,150596307,305.660,robot_0_carried_generic_box,1.868,0.929
1789261939,371246629,305.880,robot_1,0.991,-2.215
1789261939,371318063,305.880,robot_0,1.868,0.929
1789261939,371349196,305.880,robot_2,0.529,1.113
1789261939,371381762,305.881,robot_2_carried_generic_box,0.529,1.113
1789261939,371410278,305.881,robot_0_carried_generic_box,1.868,0.929
1789261939,613517179,306.123,robot_1,0.993,-2.207
1789261939,613583927,306.123,robot_0,1.868,0.929
1789261939,630811226,306.140,robot_2,0.530,1.111
1789261939,630900437,306.140,robot_2_carried_generic_box,0.529,1.113
1789261939,635997722,306.145,robot_0_carried_generic_box,1.868,0.929
1789261939,900753975,306.410,robot_1,0.994,-2.205
1789261939,900818900,306.410,robot_0,1.868,0.929
1789261939,900850197,306.410,robot_2,0.537,1.103
1789261939,930124320,306.439,robot_2_carried_generic_box,0.530,1.112
1789261939,930197267,306.439,robot_0_carried_generic_box,1.868,0.929
1789261940,147980387,306.661,robot_1,0.994,-2.205
1789261940,154133711,306.663,robot_0,1.868,0.929
1789261940,154246443,306.663,robot_2,0.541,1.098
1789261940,154288900,306.663,robot_2_carried_generic_box,0.532,1.109
1789261940,154322973,306.663,robot_0_carried_generic_box,1.868,0.929
1789261940,382040866,306.891,robot_1,0.994,-2.205
1789261940,382101516,306.891,robot_0,1.869,0.929
1789261940,382133795,306.891,robot_2,0.541,1.097
1789261940,382169033,306.891,robot_2_carried_generic_box,0.538,1.102
1789261940,382197774,306.891,robot_0_carried_generic_box,1.868,0.929
1789261940,607145421,307.116,robot_1,0.994,-2.205
1789261940,609510438,307.119,robot_0,1.869,0.929
1789261940,609581504,307.119,robot_2,0.539,1.100
1789261940,609618429,307.119,robot_2_carried_generic_box,0.541,1.098
1789261940,609645318,307.119,robot_0_carried_generic_box,1.868,0.929
1789261940,841963172,307.351,robot_1,0.994,-2.205
1789261940,842036005,307.351,robot_0,1.869,0.930
1789261940,842076536,307.351,robot_2,0.535,1.103
1789261940,842114595,307.351,robot_2_carried_generic_box,0.540,1.099
1789261940,842144345,307.351,robot_0_carried_generic_box,1.869,0.929
1789261941,80082205,307.589,robot_1,0.994,-2.205
1789261941,80152965,307.589,robot_0,1.869,0.930
1789261941,80191543,307.589,robot_2,0.533,1.106
1789261941,80230442,307.589,robot_2_carried_generic_box,0.537,1.101
1789261941,91711032,307.601,robot_0_carried_generic_box,1.869,0.930
1789261941,293200822,307.802,robot_1,0.994,-2.205
1789261941,293272448,307.802,robot_0,1.869,0.930
1789261941,293307547,307.802,robot_2,0.529,1.109
1789261941,293339858,307.802,robot_2_carried_generic_box,0.535,1.103
1789261941,293367224,307.802,robot_0_carried_generic_box,1.869,0.930
1789261941,545551121,308.055,robot_1,0.994,-2.205
1789261941,545628424,308.055,robot_0,1.868,0.930
1789261941,545668746,308.055,robot_2,0.530,1.108
1789261941,545706903,308.055,robot_2_carried_generic_box,0.531,1.107
1789261941,545735167,308.055,robot_0_carried_generic_box,1.869,0.930
1789261941,799399433,308.309,robot_1,0.994,-2.205
1789261941,799473919,308.309,robot_0,1.868,0.930
1789261941,799503991,308.309,robot_2,0.533,1.105
1789261941,799535003,308.309,robot_2_carried_generic_box,0.529,1.109
1789261941,799555531,308.309,robot_0_carried_generic_box,1.868,0.930
1789261941,999613729,308.509,robot_1,0.994,-2.205
1789261941,999683127,308.509,robot_0,1.868,0.930
1789261941,999720934,308.509,robot_2,0.532,1.106
1789261941,999757019,308.509,robot_2_carried_generic_box,0.533,1.106
1789261941,999785665,308.509,robot_0_carried_generic_box,1.868,0.930
1789261942,216146066,308.725,robot_1,0.995,-2.205
1789261942,216212784,308.725,robot_0,1.868,0.930
1789261942,216242685,308.725,robot_2,0.532,1.106
1789261942,216272965,308.725,robot_2_carried_generic_box,0.532,1.106
1789261942,216295925,308.725,robot_0_carried_generic_box,1.868,0.930
1789261942,437839719,308.947,robot_1,0.995,-2.205
1789261942,437918640,308.952,robot_0,1.862,0.929
1789261942,442868258,308.952,robot_2,0.532,1.106
1789261942,442909834,308.952,robot_2_carried_generic_box,0.532,1.106
1789261942,442945335,308.952,robot_0_carried_generic_box,1.868,0.930
1789261942,660182233,309.169,robot_1,0.995,-2.205
1789261942,660253948,309.169,robot_0,1.848,0.924
1789261942,660286619,309.169,robot_2,0.532,1.106
1789261942,660316842,309.169,robot_2_carried_generic_box,0.532,1.106
1789261942,660342366,309.169,robot_0_carried_generic_box,1.868,0.930
1789261942,899674003,309.409,robot_1,0.995,-2.205
1789261942,899745792,309.409,robot_0,1.832,0.919
1789261942,899776942,309.409,robot_2,0.532,1.106
1789261942,899807375,309.409,robot_2_carried_generic_box,0.532,1.106
1789261942,899828193,309.409,robot_0_carried_generic_box,1.856,0.927
1789261943,123896496,309.633,robot_1,0.995,-2.205
1789261943,152167255,309.661,robot_0,1.814,0.912
1789261943,152228697,309.661,robot_2,0.532,1.106
1789261943,152262805,309.661,robot_2_carried_generic_box,0.532,1.106
1789261943,152284469,309.661,robot_0_carried_generic_box,1.835,0.920
1789261943,356907592,309.866,robot_1,0.995,-2.205
1789261943,356979998,309.866,robot_0,1.805,0.909
1789261943,357012285,309.866,robot_2,0.532,1.106
1789261943,357046154,309.866,robot_2_carried_generic_box,0.532,1.106
1789261943,357069918,309.866,robot_0_carried_generic_box,1.827,0.917
1789261943,579230863,310.088,robot_1,0.995,-2.205
1789261943,579303285,310.088,robot_0,1.804,0.909
1789261943,579336048,310.088,robot_2,0.532,1.106
1789261943,579366029,310.088,robot_2_carried_generic_box,0.532,1.106
1789261943,579388329,310.089,robot_0_carried_generic_box,1.806,0.910
1789261943,833773314,310.343,robot_1,0.994,-2.202
1789261943,833845847,310.343,robot_0,1.811,0.912
1789261943,833878391,310.343,robot_2,0.532,1.106
1789261943,833908856,310.343,robot_2_carried_generic_box,0.532,1.106
1789261943,841346409,310.351,robot_0_carried_generic_box,1.804,0.909
1789261944,54417591,310.564,robot_1,0.992,-2.197
1789261944,54490050,310.564,robot_0,1.823,0.916
1789261944,54525056,310.564,robot_2,0.531,1.106
1789261944,54559591,310.564,robot_2_carried_generic_box,0.532,1.106
1789261944,54585943,310.564,robot_0_carried_generic_box,1.806,0.910
1789261944,309680653,310.819,robot_1,0.991,-2.196
1789261944,309744402,310.819,robot_0,1.834,0.920
1789261944,309774549,310.819,robot_2,0.531,1.106
1789261944,309807327,310.819,robot_2_carried_generic_box,0.532,1.106
1789261944,309830557,310.819,robot_0_carried_generic_box,1.817,0.914
1789261944,555750507,311.065,robot_1,0.987,-2.188
1789261944,555827567,311.065,robot_0,1.846,0.924
1789261944,555868146,311.065,robot_2,0.531,1.106
1789261944,555906688,311.065,robot_2_carried_generic_box,0.531,1.106
1789261944,555943017,311.065,robot_0_carried_generic_box,1.834,0.920
1789261944,790522241,311.300,robot_1,0.986,-2.187
1789261944,790611385,311.300,robot_0,1.848,0.925
1789261944,790647897,311.300,robot_2,0.531,1.106
1789261944,790679459,311.300,robot_2_carried_generic_box,0.531,1.106
1789261944,790701884,311.300,robot_0_carried_generic_box,1.843,0.923
1789261944,997113233,311.506,robot_1,0.984,-2.183
1789261945,2417337,311.512,robot_0,1.852,0.926
1789261945,2491891,311.512,robot_2,0.531,1.106
1789261945,2534115,311.512,robot_2_carried_generic_box,0.531,1.106
1789261945,2567087,311.512,robot_0_carried_generic_box,1.847,0.924
1789261945,243298577,311.752,robot_1,0.978,-2.173
1789261945,243375490,311.753,robot_0,1.862,0.929
1789261945,243415352,311.753,robot_2,0.531,1.106
1789261945,243453053,311.753,robot_2_carried_generic_box,0.531,1.106
1789261945,243483277,311.753,robot_0_carried_generic_box,1.850,0.925
1789261945,482282159,311.991,robot_1,0.970,-2.159
1789261945,482361021,311.991,robot_0,1.874,0.933
1789261945,482402166,311.992,robot_2,0.531,1.106
1789261945,482441173,311.992,robot_2_carried_generic_box,0.531,1.106
1789261945,482472316,311.992,robot_0_carried_generic_box,1.857,0.928
1789261945,706193057,312.215,robot_1,0.964,-2.149
1789261945,706258010,312.215,robot_0,1.885,0.937
1789261945,706289849,312.215,robot_2,0.531,1.106
1789261945,706324414,312.215,robot_2_carried_generic_box,0.531,1.106
1789261945,706350713,312.215,robot_0_carried_generic_box,1.866,0.931
1789261945,971601543,312.481,robot_1,0.955,-2.135
1789261945,971669090,312.481,robot_0,1.894,0.940
1789261945,971703476,312.481,robot_2,0.531,1.105
1789261945,971738386,312.481,robot_2_carried_generic_box,0.531,1.106
1789261945,971761400,312.481,robot_0_carried_generic_box,1.883,0.936
1789261946,177837576,312.687,robot_1,0.947,-2.122
1789261946,177903926,312.687,robot_0,1.894,0.940
1789261946,177943056,312.687,robot_2,0.533,1.105
1789261946,177977645,312.687,robot_2_carried_generic_box,0.531,1.106
1789261946,178004094,312.687,robot_0_carried_generic_box,1.890,0.939
1789261946,435311266,312.944,robot_1,0.937,-2.106
1789261946,435383615,312.945,robot_0,1.894,0.940
1789261946,435423557,312.945,robot_2,0.546,1.106
1789261946,435462719,312.945,robot_2_carried_generic_box,0.533,1.105
1789261946,435493026,312.945,robot_0_carried_generic_box,1.894,0.940
1789261946,647709974,313.157,robot_1,0.932,-2.098
1789261946,647776134,313.157,robot_0,1.894,0.940
1789261946,647809253,313.157,robot_2,0.566,1.107
1789261946,663589742,313.173,robot_2_carried_generic_box,0.550,1.106
1789261946,663672245,313.173,robot_0_carried_generic_box,1.894,0.940
1789261946,881461300,313.391,robot_1,0.932,-2.098
1789261946,881538156,313.391,robot_0,1.894,0.940
1789261946,881578590,313.391,robot_2,0.576,1.108
1789261946,881617390,313.391,robot_2_carried_generic_box,0.550,1.106
1789261946,881648249,313.391,robot_0_carried_generic_box,1.894,0.940
1789261947,132668782,313.642,robot_1,0.932,-2.098
1789261947,132743016,313.642,robot_0,1.894,0.940
1789261947,132783352,313.642,robot_2,0.596,1.110
1789261947,132824551,313.642,robot_2_carried_generic_box,0.566,1.107
1789261947,132857964,313.642,robot_0_carried_generic_box,1.894,0.940
1789261947,349200607,313.858,robot_1,0.932,-2.098
1789261947,366174657,313.875,robot_0,1.894,0.940
1789261947,366260221,313.875,robot_2,0.603,1.110
1789261947,366302003,313.875,robot_2_carried_generic_box,0.579,1.108
1789261947,366332543,313.875,robot_0_carried_generic_box,1.894,0.940
1789261947,589815283,314.099,robot_1,0.932,-2.098
1789261947,589946561,314.099,robot_0,1.894,0.940
1789261947,589992563,314.099,robot_2,0.607,1.111
1789261947,590025283,314.099,robot_2_carried_generic_box,0.593,1.109
1789261947,598166264,314.107,robot_0_carried_generic_box,1.894,0.940
1789261947,813461451,314.323,robot_1,0.932,-2.098
1789261947,813537848,314.323,robot_0,1.894,0.940
1789261947,813569481,314.323,robot_2,0.609,1.111
1789261947,813601408,314.323,robot_2_carried_generic_box,0.606,1.111
1789261947,813626281,314.323,robot_0_carried_generic_box,1.894,0.940
1789261948,64011233,314.573,robot_1,0.932,-2.098
1789261948,64070000,314.573,robot_0,1.891,0.938
1789261948,64098271,314.573,robot_2,0.619,1.112
1789261948,64126264,314.573,robot_2_carried_generic_box,0.607,1.111
1789261948,64148896,314.573,robot_0_carried_generic_box,1.894,0.940
1789261948,277246034,314.786,robot_1,0.932,-2.098
1789261948,277309735,314.786,robot_0,1.885,0.933
1789261948,277338357,314.786,robot_2,0.623,1.112
1789261948,277367171,314.786,robot_2_carried_generic_box,0.611,1.111
1789261948,277387856,314.787,robot_0_carried_generic_box,1.894,0.940
1789261948,485673309,314.995,robot_1,0.932,-2.097
1789261948,485734363,314.995,robot_0,1.882,0.930
1789261948,485765294,314.995,robot_2,0.625,1.112
1789261948,485792843,314.995,robot_2_carried_generic_box,0.621,1.112
1789261948,485814206,314.995,robot_0_carried_generic_box,1.893,0.940
1789261948,696249908,315.205,robot_1,0.932,-2.097
1789261948,696315464,315.205,robot_0,1.883,0.932
1789261948,696346845,315.205,robot_2,0.639,1.113
1789261948,696376372,315.205,robot_2_carried_generic_box,0.625,1.112
1789261948,696399831,315.206,robot_0_carried_generic_box,1.882,0.930
1789261948,947483105,315.457,robot_1,0.933,-2.097
1789261948,947544732,315.457,robot_0,1.886,0.936
1789261948,947573149,315.457,robot_2,0.659,1.114
1789261948,947606199,315.457,robot_2_carried_generic_box,0.628,1.112
1789261948,947634854,315.457,robot_0_carried_generic_box,1.883,0.931
1789261949,148289600,315.657,robot_1,0.933,-2.097
1789261949,148354859,315.657,robot_0,1.893,0.945
1789261949,148384482,315.658,robot_2,0.667,1.114
1789261949,148422565,315.658,robot_2_carried_generic_box,0.654,1.113
1789261949,148454733,315.658,robot_0_carried_generic_box,1.883,0.932
1789261949,365742661,315.875,robot_1,0.933,-2.097
1789261949,365807978,315.875,robot_0,1.896,0.948
1789261949,365838783,315.875,robot_2,0.668,1.114
1789261949,365873384,315.878,robot_2_carried_generic_box,0.662,1.114
1789261949,369021283,315.878,robot_0_carried_generic_box,1.888,0.939
1789261949,578982924,316.088,robot_1,0.933,-2.097
1789261949,579046323,316.088,robot_0,1.897,0.949
1789261949,579079594,316.088,robot_2,0.668,1.114
1789261949,579114013,316.088,robot_2_carried_generic_box,0.668,1.114
1789261949,579137201,316.088,robot_0_carried_generic_box,1.896,0.948
1789261949,828037920,316.337,robot_1,0.933,-2.097
1789261949,828111347,316.337,robot_0,1.897,0.949
1789261949,828149031,316.337,robot_2,0.668,1.114
1789261949,828190638,316.337,robot_2_carried_generic_box,0.668,1.114
1789261949,828225025,316.337,robot_0_carried_generic_box,1.897,0.949
1789261950,41526600,316.551,robot_1,0.933,-2.097
1789261950,41587385,316.551,robot_0,1.897,0.949
1789261950,41614794,316.551,robot_2,0.668,1.114
1789261950,41648228,316.551,robot_2_carried_generic_box,0.668,1.114
1789261950,41675397,316.551,robot_0_carried_generic_box,1.897,0.949
1789261950,293577486,316.803,robot_1,0.939,-2.098
1789261950,293643585,316.803,robot_0,1.897,0.949
1789261950,293675564,316.803,robot_2,0.668,1.114
1789261950,293709388,316.803,robot_2_carried_generic_box,0.668,1.114
1789261950,293737037,316.803,robot_0_carried_generic_box,1.897,0.949
1789261950,525653368,317.035,robot_1,0.949,-2.100
1789261950,525718323,317.035,robot_0,1.896,0.949
1789261950,525746032,317.035,robot_2,0.668,1.114
1789261950,525776792,317.035,robot_2_carried_generic_box,0.668,1.114
1789261950,525802474,317.035,robot_0_carried_generic_box,1.897,0.949
1789261950,753259247,317.262,robot_1,0.957,-2.101
1789261950,753326384,317.262,robot_0,1.896,0.949
1789261950,753363011,317.262,robot_2,0.668,1.114
1789261950,753396048,317.263,robot_2_carried_generic_box,0.668,1.114
1789261950,753421290,317.263,robot_0_carried_generic_box,1.897,0.949
1789261950,997371989,317.507,robot_1,0.968,-2.102
1789261950,997436537,317.507,robot_0,1.896,0.949
1789261950,997471932,317.507,robot_2,0.668,1.114
1789261950,997505273,317.507,robot_2_carried_generic_box,0.668,1.114
1789261950,997531276,317.507,robot_0_carried_generic_box,1.896,0.949
1789261951,208246613,317.717,robot_1,0.971,-2.103
1789261951,208312744,317.717,robot_0,1.896,0.950
1789261951,208348658,317.717,robot_2,0.668,1.114
1789261951,208384337,317.718,robot_2_carried_generic_box,0.668,1.114
1789261951,208416813,317.718,robot_0_carried_generic_box,1.896,0.949
1789261951,435681289,317.945,robot_1,0.971,-2.103
1789261951,435745079,317.945,robot_0,1.896,0.950
1789261951,435778641,317.945,robot_2,0.668,1.113
1789261951,435816021,317.945,robot_2_carried_generic_box,0.668,1.114
1789261951,435844050,317.945,robot_0_carried_generic_box,1.896,0.949
1789261951,663065781,318.172,robot_1,0.964,-2.102
1789261951,663138410,318.172,robot_0,1.896,0.950
1789261951,663178947,318.172,robot_2,0.668,1.113
1789261951,663222249,318.172,robot_2_carried_generic_box,0.668,1.113
1789261951,663255129,318.172,robot_0_carried_generic_box,1.896,0.950
1789261951,876252474,318.385,robot_1,0.952,-2.100
1789261951,876314496,318.385,robot_0,1.896,0.950
1789261951,876343529,318.385,robot_2,0.668,1.113
1789261951,876376890,318.385,robot_2_carried_generic_box,0.668,1.113
1789261951,876404098,318.386,robot_0_carried_generic_box,1.896,0.950
1789261952,129892752,318.639,robot_1,0.945,-2.099
1789261952,130002730,318.639,robot_0,1.895,0.950
1789261952,130043431,318.639,robot_2,0.668,1.113
1789261952,130084516,318.639,robot_2_carried_generic_box,0.668,1.113
1789261952,130117347,318.639,robot_0_carried_generic_box,1.896,0.950
1789261952,329993557,318.839,robot_1,0.945,-2.099
1789261952,330055221,318.839,robot_0,1.895,0.950
1789261952,330082730,318.839,robot_2,0.668,1.113
1789261952,330116443,318.839,robot_2_carried_generic_box,0.668,1.113
1789261952,330139719,318.839,robot_0_carried_generic_box,1.896,0.950
1789261952,577994490,319.087,robot_1,0.938,-2.098
1789261952,578058509,319.087,robot_0,1.895,0.950
1789261952,578089245,319.087,robot_2,0.668,1.113
1789261952,578122590,319.087,robot_2_carried_generic_box,0.668,1.113
1789261952,578148764,319.087,robot_0_carried_generic_box,1.895,0.950
1789261952,816956167,319.326,robot_1,0.923,-2.095
1789261952,817015306,319.326,robot_0,1.895,0.950
1789261952,817045273,319.326,robot_2,0.668,1.113
1789261952,817078914,319.326,robot_2_carried_generic_box,0.668,1.113
1789261952,817104645,319.326,robot_0_carried_generic_box,1.895,0.950
1789261953,37514771,319.547,robot_1,0.911,-2.093
1789261953,37584525,319.547,robot_0,1.895,0.950
1789261953,48757924,319.558,robot_2,0.668,1.113
1789261953,48849917,319.558,robot_2_carried_generic_box,0.668,1.113
1789261953,48893383,319.558,robot_0_carried_generic_box,1.895,0.950
1789261953,241539199,319.751,robot_1,0.904,-2.092
1789261953,241597283,319.751,robot_0,1.895,0.950
1789261953,241623628,319.751,robot_2,0.668,1.112
1789261953,241655443,319.751,robot_2_carried_generic_box,0.668,1.113
1789261953,241681505,319.751,robot_0_carried_generic_box,1.895,0.950
1789261953,449746218,319.959,robot_1,0.893,-2.090
1789261953,449828716,319.959,robot_0,1.895,0.950
1789261953,449859598,319.959,robot_2,0.663,1.107
1789261953,451259647,319.960,robot_2_carried_generic_box,0.668,1.113
1789261953,451350016,319.960,robot_0_carried_generic_box,1.895,0.950
1789261953,663426552,320.173,robot_1,0.881,-2.087
1789261953,663505904,320.173,robot_0,1.895,0.949
1789261953,663545933,320.173,robot_2,0.657,1.100
1789261953,663587445,320.173,robot_2_carried_generic_box,0.665,1.109
1789261953,663622700,320.173,robot_0_carried_generic_box,1.895,0.950
1789261953,899562867,320.409,robot_1,0.867,-2.084
1789261953,899631033,320.409,robot_0,1.897,0.941
1789261953,904930230,320.414,robot_2,0.656,1.100
1789261953,905016151,320.414,robot_2_carried_generic_box,0.658,1.102
1789261953,905051954,320.414,robot_0_carried_generic_box,1.895,0.950
1789261954,115730564,320.625,robot_1,0.853,-2.082
1789261954,115791292,320.625,robot_0,1.899,0.934
1789261954,115820069,320.625,robot_2,0.654,1.097
1789261954,115853983,320.625,robot_2_carried_generic_box,0.656,1.100
1789261954,115880097,320.625,robot_0_carried_generic_box,1.896,0.943
1789261954,336321100,320.845,robot_1,0.838,-2.078
1789261954,336382794,320.846,robot_0,1.899,0.934
1789261954,336413573,320.846,robot_2,0.651,1.093
1789261954,336445604,320.846,robot_2_carried_generic_box,0.656,1.099
1789261954,336472200,320.846,robot_0_carried_generic_box,1.898,0.938
1789261954,588590700,321.098,robot_1,0.825,-2.074
1789261954,588669128,321.098,robot_0,1.899,0.934
1789261954,588709036,321.098,robot_2,0.648,1.088
1789261954,588750410,321.098,robot_2_carried_generic_box,0.654,1.097
1789261954,588785406,321.098,robot_0_carried_generic_box,1.899,0.934
1789261954,816631724,321.326,robot_1,0.815,-2.071
1789261954,816692069,321.326,robot_0,1.902,0.926
1789261954,816723221,321.326,robot_2,0.649,1.090
1789261954,816757525,321.326,robot_2_carried_generic_box,0.649,1.090
1789261954,816784633,321.326,robot_0_carried_generic_box,1.899,0.934
1789261955,41219422,321.550,robot_1,0.815,-2.071
1789261955,41285698,321.550,robot_0,1.905,0.918
1789261955,41313928,321.550,robot_2,0.660,1.105
1789261955,41347691,321.550,robot_2_carried_generic_box,0.648,1.088
1789261955,81511957,321.591,robot_0_carried_generic_box,1.901,0.928
1789261955,246531605,321.756,robot_1,0.820,-2.073
1789261955,246602701,321.756,robot_0,1.907,0.913
1789261955,246632297,321.756,robot_2,0.664,1.110
1789261955,253026725,321.762,robot_2_carried_generic_box,0.650,1.092
1789261955,253116592,321.762,robot_0_carried_generic_box,1.904,0.920
1789261955,463111039,321.972,robot_1,0.835,-2.079
1789261955,463174799,321.972,robot_0,1.914,0.898
1789261955,463207407,321.972,robot_2,0.665,1.112
1789261955,463239617,321.972,robot_2_carried_generic_box,0.662,1.108
1789261955,463267232,321.972,robot_0_carried_generic_box,1.907,0.915
1789261955,670937145,322.180,robot_1,0.843,-2.083
1789261955,671003265,322.180,robot_0,1.919,0.885
1789261955,671034987,322.180,robot_2,0.665,1.112
1789261955,671067278,322.180,robot_2_carried_generic_box,0.664,1.111
1789261955,671090949,322.180,robot_0_carried_generic_box,1.908,0.912
1789261955,900837354,322.410,robot_1,0.846,-2.084
1789261955,900896195,322.410,robot_0,1.924,0.871
1789261955,900928728,322.410,robot_2,0.659,1.103
1789261955,900961729,322.410,robot_2_carried_generic_box,0.665,1.112
1789261955,900987748,322.410,robot_0_carried_generic_box,1.913,0.900
1789261956,102686037,322.612,robot_1,0.839,-2.081
1789261956,102753988,322.612,robot_0,1.925,0.868
1789261956,102787581,322.612,robot_2,0.655,1.098
1789261956,102822659,322.612,robot_2_carried_generic_box,0.663,1.109
1789261956,102853312,322.612,robot_0_carried_generic_box,1.922,0.877
1789261956,354954472,322.864,robot_1,0.836,-2.080
1789261956,355015257,322.864,robot_0,1.924,0.872
1789261956,355044697,322.864,robot_2,0.655,1.098
1789261956,355075840,322.864,robot_2_carried_generic_box,0.657,1.101
1789261956,355100146,322.864,robot_0_carried_generic_box,1.925,0.869
1789261956,613412995,323.126,robot_1,0.836,-2.080
1789261956,617077492,323.126,robot_0,1.925,0.871
1789261956,617142757,323.126,robot_2,0.654,1.096
1789261956,617187558,323.126,robot_2_carried_generic_box,0.655,1.097
1789261956,617223945,323.126,robot_0_carried_generic_box,1.925,0.868
1789261956,850861929,323.360,robot_1,0.836,-2.080
1789261956,850937387,323.360,robot_0,1.925,0.871
1789261956,853618604,323.363,robot_2,0.647,1.086
1789261956,853696285,323.363,robot_2_carried_generic_box,0.655,1.098
1789261956,853729778,323.363,robot_0_carried_generic_box,1.924,0.872
1789261957,77368898,323.587,robot_1,0.836,-2.080
1789261957,77457246,323.587,robot_0,1.925,0.871
1789261957,77501059,323.587,robot_2,0.640,1.077
1789261957,77543608,323.587,robot_2_carried_generic_box,0.651,1.093
1789261957,77579121,323.587,robot_0_carried_generic_box,1.925,0.871
1789261957,277559063,323.787,robot_1,0.836,-2.080
1789261957,277620552,323.787,robot_0,1.925,0.871
1789261957,277652043,323.787,robot_2,0.638,1.074
1789261957,277683806,323.787,robot_2_carried_generic_box,0.642,1.080
1789261957,277709623,323.787,robot_0_carried_generic_box,1.925,0.871
1789261957,522693217,324.032,robot_1,0.836,-2.080
1789261957,522769998,324.032,robot_0,1.925,0.871
1789261957,522812090,324.032,robot_2,0.638,1.074
1789261957,522848674,324.032,robot_2_carried_generic_box,0.638,1.074
1789261957,522878995,324.032,robot_0_carried_generic_box,1.925,0.871
1789261957,740311832,324.249,robot_1,0.836,-2.080
1789261957,740374700,324.249,robot_0,1.925,0.871
1789261957,740404406,324.263,robot_2,0.638,1.074
1789261957,753796683,324.263,robot_2_carried_generic_box,0.638,1.074
1789261957,753834993,324.263,robot_0_carried_generic_box,1.925,0.871
1789261958,8821447,324.518,robot_1,0.836,-2.080
1789261958,8884379,324.518,robot_0,1.925,0.871
1789261958,8914635,324.528,robot_2,0.638,1.074
1789261958,18853298,324.528,robot_2_carried_generic_box,0.638,1.074
1789261958,18903327,324.528,robot_0_carried_generic_box,1.925,0.871
1789261958,262644060,324.772,robot_1,0.836,-2.080
1789261958,262709843,324.772,robot_0,1.925,0.871
1789261958,262744186,324.772,robot_2,0.638,1.074
1789261958,262780559,324.772,robot_2_carried_generic_box,0.638,1.074
1789261958,262810332,324.772,robot_0_carried_generic_box,1.925,0.871
1789261958,484384174,324.994,robot_1,0.836,-2.080
1789261958,484454247,324.994,robot_0,1.925,0.871
1789261958,484491994,324.994,robot_2,0.638,1.074
1789261958,484528045,324.994,robot_2_carried_generic_box,0.638,1.074
1789261958,484557984,324.994,robot_0_carried_generic_box,1.925,0.871
1789261958,688586450,325.198,robot_1,0.837,-2.080
1789261958,688656944,325.198,robot_0,1.925,0.871
1789261958,688696117,325.198,robot_2,0.638,1.074
1789261958,688735363,325.198,robot_2_carried_generic_box,0.638,1.074
1789261958,688765383,325.198,robot_0_carried_generic_box,1.925,0.871
1789261958,927682834,325.437,robot_1,0.837,-2.080
1789261958,927759803,325.437,robot_0,1.924,0.871
1789261958,927799883,325.437,robot_2,0.638,1.074
1789261958,927837961,325.437,robot_2_carried_generic_box,0.638,1.074
1789261958,927867616,325.437,robot_0_carried_generic_box,1.925,0.871
1789261959,175067964,325.684,robot_1,0.837,-2.079
1789261959,175134967,325.684,robot_0,1.924,0.871
1789261959,175168471,325.684,robot_2,0.638,1.074
1789261959,175203010,325.684,robot_2_carried_generic_box,0.638,1.074
1789261959,175234420,325.684,robot_0_carried_generic_box,1.925,0.871
1789261959,433422230,325.943,robot_1,0.837,-2.079
1789261959,433478685,325.943,robot_0,1.924,0.871
1789261959,433506989,325.943,robot_2,0.640,1.079
1789261959,433537461,325.943,robot_2_carried_generic_box,0.638,1.074
1789261959,433560938,325.943,robot_0_carried_generic_box,1.924,0.871
1789261959,633942065,326.143,robot_1,0.837,-2.079
1789261959,634014040,326.143,robot_0,1.924,0.871
1789261959,634047317,326.143,robot_2,0.640,1.082
1789261959,642020254,326.151,robot_2_carried_generic_box,0.639,1.076
1789261959,642127330,326.151,robot_0_carried_generic_box,1.924,0.871
1789261959,857121077,326.366,robot_1,0.837,-2.079
1789261959,857202568,326.366,robot_0,1.924,0.871
1789261959,857244236,326.366,robot_2,0.640,1.082
1789261959,857288061,326.366,robot_2_carried_generic_box,0.640,1.082
1789261959,857321517,326.366,robot_0_carried_generic_box,1.924,0.871
1789261960,108461728,326.618,robot_1,0.836,-2.079
1789261960,108534371,326.618,robot_0,1.924,0.871
1789261960,108566455,326.618,robot_2,0.641,1.082
1789261960,108603438,326.618,robot_2_carried_generic_box,0.640,1.082
1789261960,108635666,326.624,robot_0_carried_generic_box,1.924,0.871
1789261960,315011915,326.824,robot_1,0.836,-2.079
1789261960,315079073,326.824,robot_0,1.924,0.870
1789261960,315114991,326.824,robot_2,0.641,1.082
1789261960,315153167,326.824,robot_2_carried_generic_box,0.640,1.082
1789261960,315183697,326.824,robot_0_carried_generic_box,1.924,0.871
1789261960,542319145,327.051,robot_1,0.833,-2.079
1789261960,542388981,327.052,robot_0,1.927,0.867
1789261960,558252195,327.067,robot_2,0.641,1.082
1789261960,558344333,327.067,robot_2_carried_generic_box,0.641,1.082
1789261960,558378938,327.068,robot_0_carried_generic_box,1.924,0.871
1789261960,751637012,327.261,robot_1,0.824,-2.082
1789261960,751702514,327.261,robot_0,1.930,0.865
1789261960,751732625,327.261,robot_2,0.641,1.082
1789261960,751764877,327.261,robot_2_carried_generic_box,0.641,1.082
1789261960,751789980,327.261,robot_0_carried_generic_box,1.925,0.870
1789261960,985681048,327.495,robot_1,0.813,-2.085
1789261960,985738819,327.495,robot_0,1.927,0.867
1789261960,985770556,327.495,robot_2,0.641,1.082
1789261960,985805371,327.495,robot_2_carried_generic_box,0.641,1.082
1789261960,985831699,327.495,robot_0_carried_generic_box,1.928,0.867
1789261961,203478060,327.713,robot_1,0.794,-2.091
1789261961,203545073,327.713,robot_0,1.931,0.864
1789261961,203576800,327.713,robot_2,0.641,1.082
1789261961,203610887,327.713,robot_2_carried_generic_box,0.641,1.082
1789261961,203635757,327.713,robot_0_carried_generic_box,1.929,0.865
1789261961,405393089,327.915,robot_1,0.786,-2.094
1789261961,405454965,327.915,robot_0,1.941,0.855
1789261961,405484783,327.915,robot_2,0.641,1.082
1789261961,405518241,327.915,robot_2_carried_generic_box,0.641,1.082
1789261961,405544002,327.915,robot_0_carried_generic_box,1.929,0.865
1789261961,620379953,328.130,robot_1,0.779,-2.096
1789261961,620442660,328.130,robot_0,1.947,0.851
1789261961,620470350,328.130,robot_2,0.641,1.082
1789261961,620502762,328.130,robot_2_carried_generic_box,0.641,1.082
1789261961,620531482,328.130,robot_0_carried_generic_box,1.934,0.861
1789261961,841107903,328.350,robot_1,0.766,-2.101
1789261961,841167421,328.350,robot_0,1.954,0.845
1789261961,841197403,328.350,robot_2,0.641,1.083
1789261961,841225684,328.350,robot_2_carried_generic_box,0.641,1.082
1789261961,841249988,328.350,robot_0_carried_generic_box,1.940,0.856
1789261962,99261942,328.608,robot_1,0.756,-2.104
1789261962,99333854,328.608,robot_0,1.965,0.836
1789261962,99367011,328.608,robot_2,0.641,1.083
1789261962,99403712,328.609,robot_2_carried_generic_box,0.641,1.082
1789261962,99432438,328.609,robot_0_carried_generic_box,1.948,0.850
1789261962,358504441,328.868,robot_1,0.753,-2.105
1789261962,358591049,328.868,robot_0,1.972,0.831
1789261962,358629301,328.868,robot_2,0.641,1.083
1789261962,358669617,328.868,robot_2_carried_generic_box,0.641,1.083
1789261962,358703534,328.868,robot_0_carried_generic_box,1.958,0.842
1789261962,541361993,329.051,robot_1,0.750,-2.106
1789261962,541437904,329.051,robot_0,1.983,0.822
1789261962,541470118,329.051,robot_2,0.641,1.083
1789261962,541503308,329.051,robot_2_carried_generic_box,0.641,1.083
1789261962,541533032,329.051,robot_0_carried_generic_box,1.965,0.836
1789261962,746891707,329.256,robot_1,0.740,-2.109
1789261962,746973199,329.256,robot_0,1.994,0.813
1789261962,747014191,329.256,robot_2,0.641,1.083
1789261962,747056026,329.256,robot_2_carried_generic_box,0.641,1.083
1789261962,747091235,329.256,robot_0_carried_generic_box,1.981,0.824
1789261962,948184744,329.457,robot_1,0.738,-2.109
1789261962,948249975,329.457,robot_0,1.997,0.811
1789261962,948284641,329.457,robot_2,0.642,1.083
1789261962,948323131,329.457,robot_2_carried_generic_box,0.641,1.083
1789261962,948355966,329.457,robot_0_carried_generic_box,1.991,0.816
1789261963,148568789,329.673,robot_1,0.738,-2.109
1789261963,164065506,329.673,robot_0,1.997,0.811
1789261963,164126679,329.673,robot_2,0.642,1.083
1789261963,164168077,329.673,robot_2_carried_generic_box,0.642,1.083
1789261963,164197727,329.673,robot_0_carried_generic_box,1.996,0.811
1789261963,382515956,329.892,robot_1,0.738,-2.109
1789261963,382583155,329.892,robot_0,1.997,0.811
1789261963,382611997,329.892,robot_2,0.642,1.083
1789261963,382644619,329.892,robot_2_carried_generic_box,0.642,1.083
1789261963,382670506,329.892,robot_0_carried_generic_box,1.997,0.811
1789261963,634792891,330.144,robot_1,0.738,-2.109
1789261963,634855730,330.144,robot_0,1.997,0.811
1789261963,634885642,330.144,robot_2,0.642,1.083
1789261963,634926080,330.144,robot_2_carried_generic_box,0.642,1.083
1789261963,634957701,330.144,robot_0_carried_generic_box,1.997,0.811
1789261963,876068858,330.385,robot_1,0.738,-2.109
1789261963,876132717,330.385,robot_0,1.997,0.811
1789261963,876165106,330.385,robot_2,0.642,1.083
1789261963,876199508,330.385,robot_2_carried_generic_box,0.642,1.083
1789261963,876225890,330.385,robot_0_carried_generic_box,1.997,0.811
1789261964,124167279,330.633,robot_1,0.738,-2.109
1789261964,124249514,330.633,robot_0,1.997,0.811
1789261964,124287033,330.633,robot_2,0.642,1.083
1789261964,124327973,330.633,robot_2_carried_generic_box,0.642,1.083
1789261964,124362928,330.633,robot_0_carried_generic_box,1.997,0.811
1789261964,337141063,330.846,robot_1,0.738,-2.109
1789261964,337203155,330.846,robot_0,1.997,0.811
1789261964,337232383,330.846,robot_2,0.642,1.083
1789261964,337265029,330.846,robot_2_carried_generic_box,0.642,1.083
1789261964,337287803,330.846,robot_0_carried_generic_box,1.997,0.811
1789261964,601184977,331.110,robot_1,0.738,-2.109
1789261964,601254185,331.110,robot_0,1.996,0.811
1789261964,601287912,331.110,robot_2,0.642,1.083
1789261964,601326185,331.110,robot_2_carried_generic_box,0.642,1.083
1789261964,601351972,331.110,robot_0_carried_generic_box,1.997,0.811
1789261964,830305615,331.339,robot_1,0.738,-2.109
1789261964,830371561,331.339,robot_0,1.996,0.811
1789261964,830409155,331.340,robot_2,0.642,1.083
1789261964,830447455,331.340,robot_2_carried_generic_box,0.642,1.083
1789261964,830481981,331.340,robot_0_carried_generic_box,1.996,0.811
1789261965,76187992,331.585,robot_1,0.738,-2.109
1789261965,76253238,331.588,robot_0,1.996,0.811
1789261965,78860614,331.588,robot_2,0.645,1.082
1789261965,78909858,331.588,robot_2_carried_generic_box,0.642,1.083
1789261965,78944502,331.588,robot_0_carried_generic_box,1.996,0.811
1789261965,338161226,331.847,robot_1,0.738,-2.109
1789261965,338252836,331.847,robot_0,1.996,0.811
1789261965,338286197,331.847,robot_2,0.658,1.075
1789261965,338324466,331.847,robot_2_carried_generic_box,0.645,1.082
1789261965,338350443,331.847,robot_0_carried_generic_box,1.996,0.811
1789261965,541415323,332.051,robot_1,0.738,-2.108
1789261965,541478359,332.051,robot_0,1.996,0.810
1789261965,541505434,332.051,robot_2,0.669,1.070
1789261965,541536455,332.051,robot_2_carried_generic_box,0.653,1.078
1789261965,541561565,332.051,robot_0_carried_generic_box,1.996,0.811
1789261965,787486292,332.297,robot_1,0.738,-2.108
1789261965,787547784,332.297,robot_0,1.996,0.810
1789261965,787584805,332.297,robot_2,0.677,1.066
1789261965,787621763,332.297,robot_2_carried_generic_box,0.664,1.073
1789261965,787655340,332.297,robot_0_carried_generic_box,1.996,0.810
1789261966,13215929,332.522,robot_1,0.738,-2.108
1789261966,13274617,332.522,robot_0,1.996,0.810
1789261966,13303821,332.530,robot_2,0.678,1.066
1789261966,20945286,332.530,robot_2_carried_generic_box,0.671,1.069
1789261966,21001375,332.530,robot_0_carried_generic_box,1.996,0.810
1789261966,248424023,332.758,robot_1,0.738,-2.108
1789261966,248498785,332.758,robot_0,1.996,0.810
1789261966,248536412,332.758,robot_2,0.678,1.066
1789261966,248578435,332.758,robot_2_carried_generic_box,0.678,1.066
1789261966,248611936,332.758,robot_0_carried_generic_box,1.996,0.810
1789261966,452254423,332.961,robot_1,0.738,-2.108
1789261966,452331570,332.961,robot_0,1.996,0.810
1789261966,452362731,332.961,robot_2,0.678,1.066
1789261966,452394392,332.962,robot_2_carried_generic_box,0.678,1.066
1789261966,452417596,332.962,robot_0_carried_generic_box,1.996,0.810
1789261966,682338923,333.191,robot_1,0.738,-2.108
1789261966,682403047,333.192,robot_0,1.996,0.810
1789261966,682433185,333.192,robot_2,0.678,1.066
1789261966,682466948,333.192,robot_2_carried_generic_box,0.678,1.066
1789261966,687863671,333.197,robot_0_carried_generic_box,1.996,0.810
1789261966,891763195,333.401,robot_1,0.739,-2.105
1789261966,891825154,333.401,robot_0,1.996,0.810
1789261966,891861559,333.401,robot_2,0.678,1.066
1789261966,891901755,333.401,robot_2_carried_generic_box,0.678,1.066
1789261966,891934617,333.401,robot_0_carried_generic_box,1.996,0.810
1789261967,156196455,333.668,robot_1,0.744,-2.099
1789261967,159727899,333.669,robot_0,1.996,0.809
1789261967,159819655,333.669,robot_2,0.678,1.066
1789261967,166119023,333.675,robot_2_carried_generic_box,0.678,1.066
1789261967,166193705,333.675,robot_0_carried_generic_box,1.996,0.810
1789261967,384645954,333.894,robot_1,0.745,-2.098
1789261967,387313065,333.896,robot_0,1.997,0.809
1789261967,387412609,333.897,robot_2,0.678,1.066
1789261967,387462308,333.897,robot_2_carried_generic_box,0.678,1.066
1789261967,387496125,333.897,robot_0_carried_generic_box,1.996,0.810
1789261967,387520523,333.897,robot_1_carried_generic_box,0.739,-2.105
1789261967,632728250,334.142,robot_1,0.746,-2.096
1789261967,632795385,334.142,robot_0,2.004,0.810
1789261967,632834654,334.142,robot_2,0.678,1.066
1789261967,632874547,334.142,robot_2_carried_generic_box,0.678,1.066
1789261967,632907225,334.142,robot_0_carried_generic_box,1.997,0.809
1789261967,633638727,334.143,robot_1_carried_generic_box,0.745,-2.098
1789261967,855319745,334.364,robot_1,0.749,-2.091
1789261967,855385129,334.365,robot_0,2.014,0.812
1789261967,855420467,334.365,robot_2,0.677,1.066
1789261967,855453085,334.365,robot_2_carried_generic_box,0.678,1.066
1789261967,855477945,334.365,robot_0_carried_generic_box,1.999,0.810
1789261967,855502832,334.365,robot_1_carried_generic_box,0.745,-2.098
1789261968,97704658,334.607,robot_1,0.750,-2.090
1789261968,97774978,334.607,robot_0,2.015,0.812
1789261968,97811687,334.607,robot_2,0.671,1.066
1789261968,97852232,334.607,robot_2_carried_generic_box,0.678,1.066
1789261968,97875956,334.607,robot_0_carried_generic_box,2.009,0.811
1789261968,97898532,334.607,robot_1_carried_generic_box,0.746,-2.096
1789261968,311833346,334.821,robot_1,0.753,-2.086
1789261968,311897158,334.821,robot_0,2.010,0.811
1789261968,311937027,334.821,robot_2,0.669,1.066
1789261968,311971675,334.821,robot_2_carried_generic_box,0.678,1.066
1789261968,311999191,334.821,robot_0_carried_generic_box,2.013,0.812
1789261968,312024314,334.821,robot_1_carried_generic_box,0.749,-2.091
1789261968,532521238,335.042,robot_1,0.754,-2.084
1789261968,532586890,335.042,robot_0,2.011,0.811
1789261968,532616953,335.042,robot_2,0.671,1.067
1789261968,532650922,335.042,robot_2_carried_generic_box,0.670,1.066
1789261968,532676863,335.042,robot_0_carried_generic_box,2.012,0.811
1789261968,532702577,335.042,robot_1_carried_generic_box,0.751,-2.088
1789261968,749366822,335.258,robot_1,0.750,-2.089
1789261968,749428659,335.259,robot_0,2.022,0.813
1789261968,759942059,335.269,robot_2,0.666,1.066
1789261968,760025770,335.269,robot_2_carried_generic_box,0.671,1.067
1789261968,760060722,335.269,robot_0_carried_generic_box,2.010,0.811
1789261968,760087916,335.269,robot_1_carried_generic_box,0.754,-2.084
1789261968,996068153,335.505,robot_1,0.750,-2.090
1789261968,996144360,335.505,robot_0,2.034,0.816
1789261968,996181576,335.505,robot_2,0.656,1.064
1789261968,996218469,335.505,robot_2_carried_generic_box,0.669,1.066
1789261968,996253423,335.505,robot_0_carried_generic_box,2.020,0.813
1789261968,996286190,335.505,robot_1_carried_generic_box,0.752,-2.087
1789261969,209873459,335.719,robot_1,0.752,-2.088
1789261969,209944826,335.719,robot_0,2.046,0.818
1789261969,209981678,335.719,robot_2,0.655,1.064
1789261969,210021946,335.719,robot_2_carried_generic_box,0.658,1.065
1789261969,210054059,335.719,robot_0_carried_generic_box,2.030,0.815
1789261969,210084790,335.719,robot_1_carried_generic_box,0.749,-2.091
1789261969,422362005,335.931,robot_1,0.751,-2.088
1789261969,422421257,335.932,robot_0,2.053,0.819
1789261969,422452908,335.932,robot_2,0.655,1.064
1789261969,422487150,335.932,robot_2_carried_generic_box,0.655,1.064
1789261969,422514497,335.932,robot_0_carried_generic_box,2.032,0.815
1789261969,422541231,335.932,robot_1_carried_generic_box,0.751,-2.088
1789261969,645782318,336.155,robot_1,0.745,-2.097
1789261969,645878050,336.155,robot_0,2.066,0.820
1789261969,645912685,336.162,robot_2,0.655,1.064
1789261969,653347576,336.162,robot_2_carried_generic_box,0.655,1.064
1789261969,653396749,336.163,robot_0_carried_generic_box,2.047,0.818
1789261969,653428231,336.163,robot_1_carried_generic_box,0.752,-2.088
1789261969,832745138,336.342,robot_1,0.740,-2.104
1789261969,832806155,336.342,robot_0,2.069,0.820
1789261969,832835552,336.342,robot_2,0.655,1.064
1789261969,832868222,336.342,robot_2_carried_generic_box,0.655,1.064
1789261969,832892220,336.352,robot_0_carried_generic_box,2.060,0.819
1789261969,843054856,336.352,robot_1_carried_generic_box,0.751,-2.089
1789261970,38777035,336.548,robot_1,0.737,-2.108
1789261970,38843678,336.548,robot_0,2.069,0.821
1789261970,38879450,336.548,robot_2,0.655,1.065
1789261970,38918579,336.557,robot_2_carried_generic_box,0.655,1.064
1789261970,48032823,336.557,robot_0_carried_generic_box,2.060,0.819
1789261970,50595653,336.560,robot_1_carried_generic_box,0.747,-2.094
1789261970,248731539,336.758,robot_1,0.737,-2.108
1789261970,248832629,336.758,robot_0,2.068,0.821
1789261970,248872439,336.758,robot_2,0.655,1.065
1789261970,248912377,336.758,robot_2_carried_generic_box,0.655,1.064
1789261970,248952817,336.758,robot_0_carried_generic_box,2.069,0.820
1789261970,248986885,336.758,robot_1_carried_generic_box,0.743,-2.099
1789261970,451078558,336.960,robot_1,0.737,-2.108
1789261970,451147350,336.960,robot_0,2.061,0.821
1789261970,451180704,336.960,robot_2,0.655,1.065
1789261970,451215256,336.960,robot_2_carried_generic_box,0.655,1.065
1789261970,451242431,336.960,robot_0_carried_generic_box,2.069,0.821
1789261970,451267045,336.960,robot_1_carried_generic_box,0.737,-2.108
1789261970,659049810,337.168,robot_1,0.736,-2.108
1789261970,659129374,337.168,robot_0,2.058,0.821
1789261970,659167085,337.168,robot_2,0.655,1.065
1789261970,659210616,337.168,robot_2_carried_generic_box,0.655,1.065
1789261970,659245983,337.168,robot_0_carried_generic_box,2.065,0.821
1789261970,659278060,337.168,robot_1_carried_generic_box,0.737,-2.108
1789261970,864670365,337.374,robot_1,0.736,-2.108
1789261970,864734130,337.374,robot_0,2.055,0.821
1789261970,864764983,337.374,robot_2,0.655,1.065
1789261970,864796855,337.374,robot_2_carried_generic_box,0.655,1.065
1789261970,864819664,337.374,robot_0_carried_generic_box,2.058,0.821
1789261970,864842746,337.374,robot_1_carried_generic_box,0.737,-2.108
1789261971,85627839,337.595,robot_1,0.736,-2.108
1789261971,85699560,337.595,robot_0,2.043,0.822
1789261971,85744811,337.595,robot_2,0.655,1.065
1789261971,85797256,337.595,robot_2_carried_generic_box,0.655,1.065
1789261971,85845698,337.595,robot_0_carried_generic_box,2.056,0.821
1789261971,85885178,337.595,robot_1_carried_generic_box,0.736,-2.108
1789261971,303289602,337.812,robot_1,0.736,-2.108
1789261971,303356328,337.812,robot_0,2.038,0.823
1789261971,303394182,337.813,robot_2,0.655,1.065
1789261971,303437031,337.813,robot_2_carried_generic_box,0.655,1.065
1789261971,303468310,337.813,robot_0_carried_generic_box,2.051,0.822
1789261971,303496239,337.813,robot_1_carried_generic_box,0.736,-2.108
1789261971,520220613,338.029,robot_1,0.736,-2.108
1789261971,520304186,338.029,robot_0,2.036,0.823
1789261971,520342808,338.029,robot_2,0.655,1.065
1789261971,520378654,338.030,robot_2_carried_generic_box,0.655,1.065
1789261971,520406479,338.030,robot_0_carried_generic_box,2.045,0.822
1789261971,520430889,338.030,robot_1_carried_generic_box,0.736,-2.108
1789261971,748891750,338.258,robot_1,0.736,-2.108
1789261971,748966664,338.258,robot_0,2.029,0.823
1789261971,748997566,338.258,robot_2,0.655,1.065
1789261971,749032464,338.258,robot_2_carried_generic_box,0.655,1.065
1789261971,749058422,338.258,robot_0_carried_generic_box,2.038,0.823
1789261971,749083699,338.258,robot_1_carried_generic_box,0.736,-2.108
1789261971,971408529,338.481,robot_1,0.736,-2.108
1789261971,971481489,338.481,robot_0,2.025,0.824
1789261971,971514855,338.481,robot_2,0.655,1.065
1789261971,971547546,338.481,robot_2_carried_generic_box,0.655,1.065
1789261971,971573943,338.481,robot_0_carried_generic_box,2.035,0.823
1789261971,971599031,338.481,robot_1_carried_generic_box,0.736,-2.108
1789261972,214349982,338.724,robot_1,0.736,-2.108
1789261972,214449512,338.724,robot_0,2.025,0.824
1789261972,214485740,338.724,robot_2,0.654,1.065
1789261972,214519814,338.724,robot_2_carried_generic_box,0.655,1.065
1789261972,214544605,338.724,robot_0_carried_generic_box,2.027,0.823
1789261972,214569751,338.724,robot_1_carried_generic_box,0.736,-2.108
1789261972,438279015,338.947,robot_1,0.736,-2.108
1789261972,438354170,338.947,robot_0,2.025,0.824
1789261972,438390798,338.948,robot_2,0.654,1.065
1789261972,438431281,338.948,robot_2_carried_generic_box,0.655,1.065
1789261972,438456829,338.948,robot_0_carried_generic_box,2.025,0.824
1789261972,438482874,338.948,robot_1_carried_generic_box,0.736,-2.108
1789261972,683082835,339.192,robot_1,0.735,-2.108
1789261972,683150137,339.192,robot_0,2.025,0.823
1789261972,683181900,339.192,robot_2,0.654,1.065
1789261972,683217573,339.192,robot_2_carried_generic_box,0.654,1.065
1789261972,683244908,339.192,robot_0_carried_generic_box,2.025,0.824
1789261972,683270652,339.192,robot_1_carried_generic_box,0.736,-2.108
1789261972,901911780,339.427,robot_1,0.735,-2.108
1789261972,918375861,339.428,robot_0,2.025,0.823
1789261972,918424057,339.428,robot_2,0.656,1.070
1789261972,918458353,339.428,robot_2_carried_generic_box,0.654,1.065
1789261972,918481460,339.428,robot_0_carried_generic_box,2.025,0.823
1789261972,918505403,339.428,robot_1_carried_generic_box,0.736,-2.108
1789261973,146992446,339.656,robot_1,0.735,-2.108
1789261973,147067286,339.656,robot_0,2.025,0.823
1789261973,147102385,339.656,robot_2,0.658,1.073
1789261973,147140011,339.656,robot_2_carried_generic_box,0.654,1.065
1789261973,147170234,339.656,robot_0_carried_generic_box,2.025,0.823
1789261973,147201319,339.656,robot_1_carried_generic_box,0.735,-2.108
1789261973,364959325,339.874,robot_1,0.735,-2.108
1789261973,365032677,339.874,robot_0,2.025,0.823
1789261973,365071950,339.874,robot_2,0.657,1.071
1789261973,365110431,339.874,robot_2_carried_generic_box,0.657,1.072
1789261973,365137800,339.874,robot_0_carried_generic_box,2.025,0.823
1789261973,365163441,339.874,robot_1_carried_generic_box,0.735,-2.108
1789261973,572122655,340.081,robot_1,0.735,-2.107
1789261973,572183898,340.081,robot_0,2.026,0.823
1789261973,572214600,340.081,robot_2,0.656,1.070
1789261973,572247501,340.081,robot_2_carried_generic_box,0.658,1.073
1789261973,572270153,340.081,robot_0_carried_generic_box,2.025,0.823
1789261973,572294919,340.081,robot_1_carried_generic_box,0.735,-2.108
1789261973,802074509,340.311,robot_1,0.733,-2.097
1789261973,802140845,340.311,robot_0,2.026,0.823
1789261973,802173426,340.311,robot_2,0.656,1.070
1789261973,802208147,340.311,robot_2_carried_generic_box,0.656,1.070
1789261973,802238406,340.311,robot_0_carried_generic_box,2.026,0.823
1789261973,802266121,340.311,robot_1_carried_generic_box,0.735,-2.107
1789261974,53021655,340.562,robot_1,0.733,-2.092
1789261974,53093851,340.562,robot_0,2.026,0.823
1789261974,53131673,340.562,robot_2,0.656,1.070
1789261974,53176145,340.562,robot_2_carried_generic_box,0.656,1.070
1789261974,53211489,340.562,robot_0_carried_generic_box,2.026,0.823
1789261974,53243587,340.562,robot_1_carried_generic_box,0.734,-2.102
1789261974,280205583,340.789,robot_1,0.734,-2.101
1789261974,280263860,340.789,robot_0,2.026,0.823
1789261974,280296504,340.789,robot_2,0.655,1.065
1789261974,280332210,340.789,robot_2_carried_generic_box,0.656,1.070
1789261974,280358683,340.789,robot_0_carried_generic_box,2.026,0.823
1789261974,280383082,340.790,robot_1_carried_generic_box,0.733,-2.093
1789261974,483769868,340.993,robot_1,0.737,-2.113
1789261974,483834315,340.993,robot_0,2.026,0.822
1789261974,483864857,340.993,robot_2,0.652,1.055
1789261974,483899279,340.993,robot_2_carried_generic_box,0.656,1.069
1789261974,518819926,341.028,robot_0_carried_generic_box,2.026,0.823
1789261974,518906547,341.028,robot_1_carried_generic_box,0.733,-2.096
1789261974,719229144,341.228,robot_1,0.738,-2.119
1789261974,719300432,341.228,robot_0,2.026,0.822
1789261974,719333732,341.228,robot_2,0.648,1.039
1789261974,719368517,341.228,robot_2_carried_generic_box,0.653,1.058
1789261974,719399598,341.229,robot_0_carried_generic_box,2.026,0.822
1789261974,719424206,341.229,robot_1_carried_generic_box,0.736,-2.107
1789261974,949021107,341.480,robot_1,0.738,-2.119
1789261974,971085238,341.480,robot_0,2.026,0.822
1789261974,971132413,341.480,robot_2,0.644,1.024
1789261974,971170202,341.480,robot_2_carried_generic_box,0.652,1.053
1789261974,971198389,341.480,robot_0_carried_generic_box,2.026,0.822
1789261974,971221944,341.480,robot_1_carried_generic_box,0.737,-2.114
1789261975,151715662,341.661,robot_1,0.739,-2.120
1789261975,151779014,341.661,robot_0,2.026,0.822
1789261975,151809077,341.661,robot_2,0.642,1.015
1789261975,151843772,341.661,robot_2_carried_generic_box,0.647,1.036
1789261975,151871409,341.661,robot_0_carried_generic_box,2.026,0.822
1789261975,151898588,341.661,robot_1_carried_generic_box,0.738,-2.118
1789261975,394379795,341.904,robot_1,0.739,-2.123
1789261975,394460248,341.904,robot_0,2.026,0.822
1789261975,394490546,341.904,robot_2,0.641,1.008
1789261975,394523707,341.904,robot_2_carried_generic_box,0.644,1.024
1789261975,394549000,341.904,robot_0_carried_generic_box,2.026,0.822
1789261975,394576707,341.904,robot_1_carried_generic_box,0.738,-2.119
1789261975,603815678,342.113,robot_1,0.740,-2.128
1789261975,603887513,342.113,robot_0,2.026,0.822
1789261975,603932708,342.113,robot_2,0.640,1.008
1789261975,603965484,342.113,robot_2_carried_generic_box,0.641,1.012
1789261975,603992276,342.113,robot_0_carried_generic_box,2.026,0.822
1789261975,604019186,342.113,robot_1_carried_generic_box,0.739,-2.123
1789261975,841836899,342.351,robot_1,0.742,-2.138
1789261975,841905124,342.356,robot_0,2.026,0.822
1789261975,846707915,342.356,robot_2,0.640,1.008
1789261975,846782591,342.356,robot_2_carried_generic_box,0.640,1.008
1789261975,846820155,342.356,robot_0_carried_generic_box,2.026,0.822
1789261975,846853261,342.356,robot_1_carried_generic_box,0.740,-2.125
1789261976,87280992,342.596,robot_1,0.744,-2.143
1789261976,87349648,342.596,robot_0,2.023,0.819
1789261976,87389292,342.597,robot_2,0.640,1.008
1789261976,87429358,342.597,robot_2_carried_generic_box,0.640,1.008
1789261976,87456814,342.597,robot_0_carried_generic_box,2.026,0.822
1789261976,87483895,342.597,robot_1_carried_generic_box,0.742,-2.138
1789261976,314045639,342.823,robot_1,0.744,-2.143
1789261976,314124231,342.823,robot_0,2.016,0.812
1789261976,314163340,342.823,robot_2,0.640,1.008
1789261976,314207134,342.823,robot_2_carried_generic_box,0.640,1.008
1789261976,314241513,342.823,robot_0_carried_generic_box,2.026,0.822
1789261976,314274500,342.823,robot_1_carried_generic_box,0.743,-2.141
1789261976,533081166,343.042,robot_1,0.744,-2.143
1789261976,533143720,343.042,robot_0,2.006,0.802
1789261976,533172877,343.042,robot_2,0.640,1.008
1789261976,533206236,343.042,robot_2_carried_generic_box,0.640,1.008
1789261976,533231657,343.042,robot_0_carried_generic_box,2.022,0.817
1789261976,533256300,343.042,robot_1_carried_generic_box,0.744,-2.143
1789261976,740433460,343.250,robot_1,0.744,-2.143
1789261976,740502605,343.250,robot_0,2.005,0.801
1789261976,740535124,343.250,robot_2,0.640,1.008
1789261976,740567482,343.250,robot_2_carried_generic_box,0.640,1.008
1789261976,740592467,343.250,robot_0_carried_generic_box,2.009,0.805
1789261976,740617668,343.250,robot_1_carried_generic_box,0.744,-2.143
1789261976,995105771,343.504,robot_1,0.744,-2.143
1789261976,995184354,343.504,robot_0,2.005,0.801
1789261976,995221675,343.504,robot_2,0.640,1.008
1789261976,995257021,343.504,robot_2_carried_generic_box,0.640,1.008
1789261976,995285615,343.504,robot_0_carried_generic_box,2.007,0.803
1789261976,995312803,343.504,robot_1_carried_generic_box,0.744,-2.143
1789261977,247660413,343.757,robot_1,0.743,-2.143
1789261977,256018259,343.765,robot_0,2.005,0.801
1789261977,256095378,343.765,robot_2,0.640,1.008
1789261977,256140136,343.765,robot_2_carried_generic_box,0.640,1.008
1789261977,256168108,343.765,robot_0_carried_generic_box,2.005,0.801
1789261977,256194211,343.765,robot_1_carried_generic_box,0.744,-2.143
1789261977,471298324,343.980,robot_1,0.743,-2.143
1789261977,471367409,343.980,robot_0,2.005,0.801
1789261977,471401368,343.981,robot_2,0.640,1.008
1789261977,471432086,343.981,robot_2_carried_generic_box,0.640,1.008
1789261977,471458097,343.981,robot_0_carried_generic_box,2.005,0.801
1789261977,471483951,343.981,robot_1_carried_generic_box,0.743,-2.143
1789261977,716115807,344.225,robot_1,0.743,-2.143
1789261977,716197194,344.225,robot_0,2.005,0.801
1789261977,716236859,344.225,robot_2,0.640,1.008
1789261977,716276304,344.225,robot_2_carried_generic_box,0.640,1.008
1789261977,716311149,344.225,robot_0_carried_generic_box,2.005,0.801
1789261977,716344883,344.225,robot_1_carried_generic_box,0.743,-2.143
1789261977,974214243,344.483,robot_1,0.743,-2.144
1789261977,974317578,344.483,robot_0,2.006,0.800
1789261977,974357733,344.483,robot_2,0.640,1.008
1789261977,974396218,344.484,robot_2_carried_generic_box,0.640,1.008
1789261977,974425589,344.484,robot_0_carried_generic_box,2.005,0.801
1789261977,974458203,344.484,robot_1_carried_generic_box,0.743,-2.143
1789261978,214138235,344.723,robot_1,0.743,-2.144
1789261978,214256328,344.723,robot_0,2.006,0.800
1789261978,214293651,344.723,robot_2,0.640,1.008
1789261978,214323725,344.723,robot_2_carried_generic_box,0.640,1.008
1789261978,214348757,344.723,robot_0_carried_generic_box,2.006,0.800
1789261978,214376837,344.723,robot_1_carried_generic_box,0.743,-2.143
1789261978,414297477,344.923,robot_1,0.743,-2.144
1789261978,414368197,344.923,robot_0,2.006,0.800
1789261978,414399425,344.924,robot_2,0.640,1.008
1789261978,414426492,344.924,robot_2_carried_generic_box,0.640,1.008
1789261978,414448393,344.924,robot_0_carried_generic_box,2.006,0.800
1789261978,414473649,344.924,robot_1_carried_generic_box,0.743,-2.144
1789261978,630874704,345.140,robot_1,0.743,-2.144
1789261978,630938765,345.140,robot_0,2.006,0.800
1789261978,630968425,345.140,robot_2,0.640,1.008
1789261978,630997717,345.140,robot_2_carried_generic_box,0.640,1.008
1789261978,631016987,345.140,robot_0_carried_generic_box,2.006,0.800
1789261978,631040197,345.140,robot_1_carried_generic_box,0.743,-2.144
1789261978,850582020,345.360,robot_1,0.743,-2.144
1789261978,850667391,345.360,robot_0,2.006,0.800
1789261978,850699142,345.360,robot_2,0.639,1.008
1789261978,850729624,345.360,robot_2_carried_generic_box,0.640,1.008
1789261978,850753291,345.360,robot_0_carried_generic_box,2.006,0.800
1789261978,850780102,345.360,robot_1_carried_generic_box,0.743,-2.144
1789261979,66582758,345.576,robot_1,0.743,-2.144
1789261979,66652181,345.576,robot_0,2.006,0.800
1789261979,66690438,345.576,robot_2,0.639,1.008
1789261979,66727584,345.576,robot_2_carried_generic_box,0.639,1.008
1789261979,66756507,345.576,robot_0_carried_generic_box,2.006,0.800
1789261979,66787892,345.576,robot_1_carried_generic_box,0.743,-2.144
1789261979,270380728,345.780,robot_1,0.743,-2.144
1789261979,270458056,345.780,robot_0,2.006,0.796
1789261979,270496998,345.780,robot_2,0.639,1.008
1789261979,270534520,345.780,robot_2_carried_generic_box,0.639,1.008
1789261979,270562374,345.780,robot_0_carried_generic_box,2.006,0.800
1789261979,270596294,345.780,robot_1_carried_generic_box,0.743,-2.144
1789261979,483568033,345.993,robot_1,0.742,-2.144
1789261979,483633283,345.993,robot_0,2.005,0.788
1789261979,501103303,346.010,robot_2,0.639,1.008
1789261979,501191161,346.010,robot_2_carried_generic_box,0.639,1.008
1789261979,501225206,346.010,robot_0_carried_generic_box,2.006,0.800
1789261979,501258428,346.010,robot_1_carried_generic_box,0.743,-2.144
1789261979,692529461,346.202,robot_1,0.742,-2.144
1789261979,692595873,346.202,robot_0,2.004,0.777
1789261979,692624579,346.202,robot_2,0.639,1.008
1789261979,692656114,346.202,robot_2_carried_generic_box,0.639,1.008
1789261979,692678442,346.202,robot_0_carried_generic_box,2.005,0.790
1789261979,692702933,346.202,robot_1_carried_generic_box,0.743,-2.144
1789261979,897542939,346.407,robot_1,0.742,-2.144
1789261979,897608219,346.407,robot_0,2.003,0.770
1789261979,897639521,346.407,robot_2,0.641,1.005
1789261979,897674829,346.407,robot_2_carried_generic_box,0.639,1.008
1789261979,897697918,346.407,robot_0_carried_generic_box,2.004,0.784
1789261979,897722648,346.407,robot_1_carried_generic_box,0.742,-2.144
1789261980,152553862,346.662,robot_1,0.739,-2.142
1789261980,152634837,346.662,robot_0,2.002,0.760
1789261980,152675362,346.662,robot_2,0.647,0.998
1789261980,152717449,346.662,robot_2_carried_generic_box,0.640,1.006
1789261980,152753087,346.662,robot_0_carried_generic_box,2.003,0.774
1789261980,152787419,346.662,robot_1_carried_generic_box,0.742,-2.144
1789261980,361193029,346.870,robot_1,0.739,-2.142
1789261980,361271132,346.870,robot_0,2.002,0.757
1789261980,361311486,346.870,robot_2,0.649,0.996
1789261980,361352939,346.870,robot_2_carried_generic_box,0.641,1.005
1789261980,361388627,346.871,robot_0_carried_generic_box,2.002,0.765
1789261980,361424225,346.871,robot_1_carried_generic_box,0.742,-2.144
1789261980,582396022,347.092,robot_1,0.739,-2.142
1789261980,582460432,347.092,robot_0,2.002,0.757
1789261980,582493653,347.092,robot_2,0.646,0.999
1789261980,582525524,347.092,robot_2_carried_generic_box,0.649,0.996
1789261980,582551369,347.092,robot_0_carried_generic_box,2.002,0.758
1789261980,582577324,347.092,robot_1_carried_generic_box,0.739,-2.142
1789261980,861425010,347.371,robot_1,0.739,-2.142
1789261980,861504311,347.371,robot_0,2.002,0.757
1789261980,861542532,347.371,robot_2,0.639,1.005
1789261980,861580605,347.371,robot_2_carried_generic_box,0.649,0.996
1789261980,861616870,347.371,robot_0_carried_generic_box,2.002,0.757
1789261980,861651958,347.371,robot_1_carried_generic_box,0.739,-2.142
1789261981,127006404,347.636,robot_1,0.746,-2.147
1789261981,127083671,347.636,robot_0,2.002,0.757
1789261981,127122005,347.636,robot_2,0.637,1.008
1789261981,127159314,347.636,robot_2_carried_generic_box,0.640,1.004
1789261981,127195212,347.636,robot_0_carried_generic_box,2.002,0.757
1789261981,127229789,347.636,robot_1_carried_generic_box,0.739,-2.142
1789261981,341994081,347.851,robot_1,0.752,-2.150
1789261981,342071237,347.851,robot_0,2.002,0.757
1789261981,342110098,347.851,robot_2,0.639,1.005
1789261981,342146600,347.851,robot_2_carried_generic_box,0.640,1.004
1789261981,342181686,347.851,robot_0_carried_generic_box,2.002,0.757
1789261981,342213598,347.851,robot_1_carried_generic_box,0.742,-2.144
1789261981,557790419,348.067,robot_1,0.759,-2.154
1789261981,557857872,348.067,robot_0,2.002,0.757
1789261981,557890158,348.067,robot_2,0.637,1.008
1789261981,578811190,348.088,robot_2_carried_generic_box,0.638,1.006
1789261981,578915609,348.088,robot_0_carried_generic_box,2.002,0.757
1789261981,578966326,348.088,robot_1_carried_generic_box,0.752,-2.150
1789261981,776173506,348.285,robot_1,0.767,-2.159
1789261981,776242129,348.285,robot_0,2.002,0.757
1789261981,776277131,348.285,robot_2,0.630,1.015
1789261981,776317286,348.285,robot_2_carried_generic_box,0.639,1.006
1789261981,776342820,348.285,robot_0_carried_generic_box,2.002,0.757
1789261981,776375546,348.285,robot_1_carried_generic_box,0.753,-2.150
1789261981,996620328,348.506,robot_1,0.769,-2.160
1789261981,996690612,348.513,robot_0,2.002,0.757
1789261982,4357485,348.513,robot_2,0.624,1.021
1789261982,4404786,348.514,robot_2_carried_generic_box,0.635,1.011
1789261982,4435027,348.514,robot_0_carried_generic_box,2.002,0.757
1789261982,4466142,348.514,robot_1_carried_generic_box,0.763,-2.156
1789261982,238221567,348.747,robot_1,0.770,-2.161
1789261982,238292086,348.761,robot_0,2.003,0.757
1789261982,252074852,348.761,robot_2,0.622,1.024
1789261982,252138025,348.770,robot_2_carried_generic_box,0.624,1.021
1789261982,260792754,348.770,robot_0_carried_generic_box,2.002,0.757
1789261982,260851522,348.770,robot_1_carried_generic_box,0.769,-2.160
1789261982,440844625,348.950,robot_1,0.776,-2.164
1789261982,440914336,349.001,robot_0,2.003,0.757
1789261982,491844492,349.001,robot_2,0.622,1.024
1789261982,491894280,349.001,robot_2_carried_generic_box,0.622,1.024
1789261982,491927651,349.001,robot_0_carried_generic_box,2.003,0.757
1789261982,491955924,349.001,robot_1_carried_generic_box,0.769,-2.160
1789261982,641303350,349.150,robot_1,0.779,-2.166
1789261982,641366062,349.150,robot_0,2.003,0.757
1789261982,641396154,349.151,robot_2,0.622,1.024
1789261982,641425990,349.151,robot_2_carried_generic_box,0.622,1.024
1789261982,641448256,349.151,robot_0_carried_generic_box,2.003,0.757
1789261982,641471120,349.151,robot_1_carried_generic_box,0.771,-2.161
1789261982,872176504,349.381,robot_1,0.780,-2.166
1789261982,872263261,349.381,robot_0,2.003,0.757
1789261982,872296258,349.381,robot_2,0.622,1.024
1789261982,872327309,349.381,robot_2_carried_generic_box,0.622,1.024
1789261982,872351587,349.381,robot_0_carried_generic_box,2.003,0.757
1789261982,872376320,349.381,robot_1_carried_generic_box,0.774,-2.162
1789261983,140758420,349.650,robot_1,0.780,-2.166
1789261983,140823602,349.650,robot_0,2.003,0.757
1789261983,140862024,349.650,robot_2,0.622,1.024
1789261983,140897846,349.650,robot_2_carried_generic_box,0.622,1.024
1789261983,148421124,349.658,robot_0_carried_generic_box,2.003,0.757
1789261983,148507476,349.658,robot_1_carried_generic_box,0.780,-2.166
1789261983,395729139,349.905,robot_1,0.780,-2.166
1789261983,395799105,349.905,robot_0,2.003,0.757
1789261983,395836884,349.905,robot_2,0.622,1.024
1789261983,395873526,349.905,robot_2_carried_generic_box,0.622,1.024
1789261983,395902164,349.905,robot_0_carried_generic_box,2.003,0.757
1789261983,408667330,349.918,robot_1_carried_generic_box,0.780,-2.166
1789261983,653581369,350.163,robot_1,0.780,-2.166
1789261983,653649348,350.163,robot_0,2.003,0.758
1789261983,653686753,350.163,robot_2,0.621,1.024
1789261983,653715562,350.163,robot_2_carried_generic_box,0.622,1.024
1789261983,653738084,350.163,robot_0_carried_generic_box,2.003,0.757
1789261983,653765300,350.163,robot_1_carried_generic_box,0.780,-2.166
1789261983,883827989,350.393,robot_1,0.780,-2.166
1789261983,883895618,350.393,robot_0,2.003,0.758
1789261983,897613040,350.407,robot_2,0.621,1.024
1789261983,897702549,350.407,robot_2_carried_generic_box,0.621,1.024
1789261983,897737306,350.407,robot_0_carried_generic_box,2.003,0.757
1789261983,897772357,350.407,robot_1_carried_generic_box,0.780,-2.166
1789261984,127082204,350.636,robot_1,0.780,-2.166
1789261984,127165718,350.636,robot_0,2.004,0.758
1789261984,127206708,350.636,robot_2,0.620,1.025
1789261984,127243990,350.636,robot_2_carried_generic_box,0.621,1.024
1789261984,127272696,350.636,robot_0_carried_generic_box,2.003,0.758
1789261984,127303645,350.636,robot_1_carried_generic_box,0.780,-2.166
1789261984,365815108,350.875,robot_1,0.780,-2.166
1789261984,365874956,350.875,robot_0,2.004,0.758
1789261984,365911278,350.876,robot_2,0.618,1.025
1789261984,366895119,350.876,robot_2_carried_generic_box,0.621,1.024
1789261984,366951864,350.876,robot_0_carried_generic_box,2.004,0.758
1789261984,366984602,350.876,robot_1_carried_generic_box,0.780,-2.166
1789261984,603947531,351.113,robot_1,0.780,-2.166
1789261984,611994835,351.121,robot_0,2.004,0.758
1789261984,612064336,351.121,robot_2,0.619,1.025
1789261984,612101012,351.121,robot_2_carried_generic_box,0.618,1.026
1789261984,612125571,351.121,robot_0_carried_generic_box,2.004,0.758
1789261984,612151646,351.121,robot_1_carried_generic_box,0.780,-2.166
1789261984,825415871,351.335,robot_1,0.780,-2.166
1789261984,825478189,351.335,robot_0,2.004,0.758
1789261984,825510190,351.335,robot_2,0.624,1.023
1789261984,825539501,351.335,robot_2_carried_generic_box,0.618,1.026
1789261984,825560772,351.335,robot_0_carried_generic_box,2.004,0.758
1789261984,825585925,351.335,robot_1_carried_generic_box,0.780,-2.166
1789261985,75220056,351.584,robot_1,0.780,-2.167
1789261985,75317825,351.584,robot_0,2.004,0.758
1789261985,75354300,351.584,robot_2,0.633,1.020
1789261985,75386443,351.585,robot_2_carried_generic_box,0.620,1.025
1789261985,75409179,351.585,robot_0_carried_generic_box,2.004,0.758
1789261985,75432837,351.585,robot_1_carried_generic_box,0.780,-2.166
1789261985,319369734,351.829,robot_1,0.780,-2.167
1789261985,319431690,351.829,robot_0,2.003,0.759
1789261985,319468971,351.829,robot_2,0.632,1.020
1789261985,319501047,351.829,robot_2_carried_generic_box,0.633,1.020
1789261985,319525283,351.829,robot_0_carried_generic_box,2.004,0.758
1789261985,319554409,351.841,robot_1_carried_generic_box,0.780,-2.167
1789261985,555200947,352.064,robot_1,0.780,-2.167
1789261985,555293714,352.064,robot_0,1.999,0.761
1789261985,555334598,352.064,robot_2,0.631,1.021
1789261985,555366935,352.064,robot_2_carried_generic_box,0.634,1.020
1789261985,555392080,352.065,robot_0_carried_generic_box,2.004,0.758
1789261985,555418494,352.065,robot_1_carried_generic_box,0.780,-2.167
1789261985,742407581,352.252,robot_1,0.780,-2.167
1789261985,742472058,352.252,robot_0,1.997,0.763
1789261985,742504965,352.252,robot_2,0.629,1.021
1789261985,742534300,352.252,robot_2_carried_generic_box,0.631,1.021
1789261985,742558146,352.252,robot_0_carried_generic_box,2.003,0.759
1789261985,742588553,352.252,robot_1_carried_generic_box,0.780,-2.167
1789261986,12226652,352.521,robot_1,0.780,-2.167
1789261986,12300865,352.521,robot_0,1.997,0.763
1789261986,12338880,352.521,robot_2,0.621,1.023
1789261986,12375732,352.521,robot_2_carried_generic_box,0.631,1.020
1789261986,12404744,352.522,robot_0_carried_generic_box,1.996,0.763
1789261986,12436379,352.522,robot_1_carried_generic_box,0.780,-2.167
1789261986,238843986,352.748,robot_1,0.780,-2.167
1789261986,238915669,352.748,robot_0,1.997,0.763
1789261986,238963138,352.748,robot_2,0.609,1.026
1789261986,238998370,352.748,robot_2_carried_generic_box,0.623,1.023
1789261986,239027119,352.748,robot_0_carried_generic_box,1.997,0.763
1789261986,239059903,352.748,robot_1_carried_generic_box,0.780,-2.167
1789261986,439766596,352.949,robot_1,0.780,-2.167
1789261986,439833903,352.949,robot_0,2.005,0.760
1789261986,439870618,352.949,robot_2,0.601,1.029
1789261986,439907587,352.949,robot_2_carried_generic_box,0.620,1.023
1789261986,439948331,352.949,robot_0_carried_generic_box,1.997,0.763
1789261986,439980067,352.949,robot_1_carried_generic_box,0.780,-2.167
1789261986,702645130,353.212,robot_1,0.780,-2.168
1789261986,702715831,353.212,robot_0,2.014,0.756
1789261986,702748487,353.212,robot_2,0.598,1.029
1789261986,702779812,353.212,robot_2_carried_generic_box,0.605,1.027
1789261986,702802666,353.212,robot_0_carried_generic_box,2.000,0.762
1789261986,702830544,353.212,robot_1_carried_generic_box,0.780,-2.167
1789261986,922559043,353.432,robot_1,0.778,-2.168
1789261986,922623151,353.442,robot_0,2.023,0.751
1789261986,933167446,353.442,robot_2,0.595,1.030
1789261986,933226250,353.442,robot_2_carried_generic_box,0.600,1.029
1789261986,933255444,353.442,robot_0_carried_generic_box,2.008,0.758
1789261986,933282133,353.442,robot_1_carried_generic_box,0.780,-2.167
1789261987,131993041,353.641,robot_1,0.772,-2.170
1789261987,132067027,353.641,robot_0,2.032,0.747
1789261987,132099613,353.641,robot_2,0.597,1.030
1789261987,132128333,353.641,robot_2_carried_generic_box,0.599,1.029
1789261987,132161222,353.641,robot_0_carried_generic_box,2.019,0.753
1789261987,132186864,353.641,robot_1_carried_generic_box,0.780,-2.168
1789261987,364142894,353.873,robot_1,0.771,-2.170
1789261987,364221786,353.873,robot_0,2.039,0.744
1789261987,364261005,353.873,robot_2,0.608,1.027
1789261987,364296649,353.873,robot_2_carried_generic_box,0.595,1.030
1789261987,364326068,353.873,robot_0_carried_generic_box,2.028,0.749
1789261987,364357430,353.873,robot_1_carried_generic_box,0.776,-2.168
1789261987,560282918,354.069,robot_1,0.773,-2.169
1789261987,560349578,354.069,robot_0,2.040,0.743
1789261987,560386862,354.070,robot_2,0.620,1.023
1789261987,560423738,354.070,robot_2_carried_generic_box,0.601,1.028
1789261987,560452611,354.070,robot_0_carried_generic_box,2.037,0.745
1789261987,560485446,354.070,robot_1_carried_generic_box,0.771,-2.170
1789261987,771999140,354.281,robot_1,0.779,-2.167
1789261987,772062125,354.281,robot_0,2.040,0.743
1789261987,772507768,354.282,robot_2,0.628,1.021
1789261987,772581885,354.282,robot_2_carried_generic_box,0.615,1.025
1789261987,772608510,354.282,robot_0_carried_generic_box,2.040,0.743
1789261987,772633017,354.282,robot_1_carried_generic_box,0.771,-2.170
1789261987,972734772,354.482,robot_1,0.783,-2.166
1789261987,972814581,354.482,robot_0,2.040,0.744
1789261987,972850401,354.482,robot_2,0.645,1.016
1789261987,972890446,354.482,robot_2_carried_generic_box,0.624,1.022
1789261987,972918852,354.484,robot_0_carried_generic_box,2.040,0.743
1789261987,974877798,354.484,robot_1_carried_generic_box,0.774,-2.169
1789261988,207099312,354.716,robot_1,0.778,-2.168
1789261988,207165149,354.716,robot_0,2.040,0.744
1789261988,207200610,354.716,robot_2,0.662,1.011
1789261988,207244757,354.716,robot_2_carried_generic_box,0.636,1.018
1789261988,207274850,354.716,robot_0_carried_generic_box,2.040,0.743
1789261988,207307305,354.716,robot_1_carried_generic_box,0.782,-2.166
1789261988,417590664,354.927,robot_1,0.774,-2.169
1789261988,417654353,354.927,robot_0,2.040,0.744
1789261988,417686373,354.927,robot_2,0.674,1.008
1789261988,417725692,354.927,robot_2_carried_generic_box,0.662,1.011
1789261988,417758478,354.927,robot_0_carried_generic_box,2.040,0.744
1789261988,417784706,354.927,robot_1_carried_generic_box,0.780,-2.167
1789261988,628148093,355.137,robot_1,0.775,-2.169
1789261988,628217074,355.137,robot_0,2.040,0.744
1789261988,628246945,355.137,robot_2,0.676,1.007
1789261988,628277826,355.137,robot_2_carried_generic_box,0.669,1.009
1789261988,628303978,355.137,robot_0_carried_generic_box,2.040,0.744
1789261988,628329169,355.137,robot_1_carried_generic_box,0.776,-2.168
1789261988,851214189,355.360,robot_1,0.779,-2.167
1789261988,851274616,355.360,robot_0,2.040,0.744
1789261988,851309419,355.360,robot_2,0.676,1.007
1789261988,851344055,355.360,robot_2_carried_generic_box,0.670,1.009
1789261988,851371842,355.360,robot_0_carried_generic_box,2.040,0.744
1789261988,851398140,355.361,robot_1_carried_generic_box,0.774,-2.169
1789261989,83374930,355.593,robot_1,0.780,-2.167
1789261989,83442092,355.593,robot_0,2.040,0.744
1789261989,83478400,355.593,robot_2,0.676,1.007
1789261989,83517228,355.593,robot_2_carried_generic_box,0.676,1.007
1789261989,83546124,355.593,robot_0_carried_generic_box,2.040,0.744
1789261989,83573743,355.593,robot_1_carried_generic_box,0.774,-2.169
1789261989,318329627,355.827,robot_1,0.783,-2.166
1789261989,318399424,355.828,robot_0,2.040,0.744
1789261989,318430685,355.828,robot_2,0.676,1.007
1789261989,318465593,355.828,robot_2_carried_generic_box,0.676,1.007
1789261989,318493235,355.828,robot_0_carried_generic_box,2.040,0.744
1789261989,318521455,355.828,robot_1_carried_generic_box,0.780,-2.167
1789261989,531872152,356.041,robot_1,0.795,-2.163
1789261989,531958448,356.041,robot_0,2.040,0.744
1789261989,531995878,356.041,robot_2,0.676,1.007
1789261989,532027854,356.041,robot_2_carried_generic_box,0.676,1.007
1789261989,537752789,356.047,robot_0_carried_generic_box,2.040,0.744
1789261989,537834324,356.047,robot_1_carried_generic_box,0.780,-2.167
1789261989,787573477,356.297,robot_1,0.815,-2.157
1789261989,787662629,356.297,robot_0,2.040,0.744
1789261989,787702495,356.297,robot_2,0.676,1.007
1789261989,787745903,356.297,robot_2_carried_generic_box,0.676,1.007
1789261989,787780149,356.297,robot_0_carried_generic_box,2.040,0.744
1789261989,787814040,356.297,robot_1_carried_generic_box,0.790,-2.164
1789261990,35984067,356.545,robot_1,0.832,-2.153
1789261990,36051655,356.545,robot_0,2.044,0.745
1789261990,36081691,356.545,robot_2,0.676,1.007
1789261990,36114320,356.545,robot_2_carried_generic_box,0.676,1.007
1789261990,36142074,356.545,robot_0_carried_generic_box,2.040,0.744
1789261990,36168675,356.545,robot_1_carried_generic_box,0.809,-2.159
1789261990,264184948,356.773,robot_1,0.844,-2.150
1789261990,264265789,356.773,robot_0,2.052,0.746
1789261990,264303570,356.773,robot_2,0.676,1.007
1789261990,264343718,356.773,robot_2_carried_generic_box,0.676,1.007
1789261990,264374963,356.773,robot_0_carried_generic_box,2.040,0.744
1789261990,264398194,356.774,robot_1_carried_generic_box,0.826,-2.154
1789261990,512667093,357.022,robot_1,0.849,-2.148
1789261990,512736521,357.022,robot_0,2.052,0.746
1789261990,512773589,357.022,robot_2,0.676,1.007
1789261990,512813434,357.022,robot_2_carried_generic_box,0.676,1.007
1789261990,512844976,357.022,robot_0_carried_generic_box,2.047,0.745
1789261990,512871871,357.022,robot_1_carried_generic_box,0.841,-2.151
1789261990,733285403,357.242,robot_1,0.850,-2.148
1789261990,733380460,357.243,robot_0,2.049,0.745
1789261990,733418632,357.243,robot_2,0.676,1.007
1789261990,733456887,357.243,robot_2_carried_generic_box,0.676,1.007
1789261990,733484568,357.243,robot_0_carried_generic_box,2.053,0.746
1789261990,733509769,357.243,robot_1_carried_generic_box,0.842,-2.150
1789261990,938985675,357.448,robot_1,0.850,-2.148
1789261990,939077706,357.448,robot_0,2.051,0.746
1789261990,939116708,357.448,robot_2,0.676,1.006
1789261990,939158266,357.448,robot_2_carried_generic_box,0.676,1.007
1789261990,939192017,357.448,robot_0_carried_generic_box,2.052,0.746
1789261990,939225261,357.448,robot_1_carried_generic_box,0.850,-2.148
1789261991,136632580,357.646,robot_1,0.850,-2.148
1789261991,136693502,357.646,robot_0,2.055,0.747
1789261991,136727111,357.646,robot_2,0.676,1.006
1789261991,136762144,357.646,robot_2_carried_generic_box,0.676,1.006
1789261991,136788466,357.646,robot_0_carried_generic_box,2.049,0.745
1789261991,136813915,357.646,robot_1_carried_generic_box,0.850,-2.148
1789261991,387344794,357.896,robot_1,0.850,-2.148
1789261991,387408873,357.897,robot_0,2.055,0.747
1789261991,387439196,357.897,robot_2,0.676,1.006
1789261991,393157897,357.902,robot_2_carried_generic_box,0.676,1.006
1789261991,393235106,357.902,robot_0_carried_generic_box,2.055,0.747
1789261991,393269156,357.902,robot_1_carried_generic_box,0.850,-2.148
1789261991,625390667,358.135,robot_1,0.850,-2.148
1789261991,625452851,358.135,robot_0,2.055,0.747
1789261991,625483362,358.135,robot_2,0.676,1.006
1789261991,625518839,358.143,robot_2_carried_generic_box,0.676,1.006
1789261991,634475019,358.144,robot_0_carried_generic_box,2.055,0.747
1789261991,634566401,358.144,robot_1_carried_generic_box,0.850,-2.148
1789261991,854751065,358.364,robot_1,0.850,-2.148
1789261991,854819760,358.364,robot_0,2.055,0.747
1789261991,854857456,358.364,robot_2,0.676,1.006
1789261991,854896365,358.364,robot_2_carried_generic_box,0.676,1.006
1789261991,870993724,358.380,robot_0_carried_generic_box,2.055,0.747
1789261991,871077685,358.380,robot_1_carried_generic_box,0.850,-2.148
1789261992,116813182,358.626,robot_1,0.850,-2.148
1789261992,116882516,358.626,robot_0,2.055,0.747
1789261992,116913545,358.626,robot_2,0.674,1.005
1789261992,116956244,358.626,robot_2_carried_generic_box,0.676,1.006
1789261992,116985500,358.626,robot_0_carried_generic_box,2.055,0.747
1789261992,117015886,358.626,robot_1_carried_generic_box,0.850,-2.148
1789261992,362874206,358.872,robot_1,0.850,-2.148
1789261992,392210312,358.901,robot_0,2.055,0.747
1789261992,392290872,358.901,robot_2,0.667,1.001
1789261992,392328823,358.901,robot_2_carried_generic_box,0.676,1.006
1789261992,392355985,358.901,robot_0_carried_generic_box,2.055,0.747
1789261992,392381166,358.902,robot_1_carried_generic_box,0.850,-2.148
1789261992,597130273,359.106,robot_1,0.850,-2.148
1789261992,597196462,359.106,robot_0,2.055,0.747
1789261992,597227965,359.106,robot_2,0.655,0.994
1789261992,597260375,359.106,robot_2_carried_generic_box,0.667,1.001
1789261992,597286349,359.106,robot_0_carried_generic_box,2.055,0.747
1789261992,597309656,359.106,robot_1_carried_generic_box,0.850,-2.148
1789261992,820237826,359.329,robot_1,0.850,-2.148
1789261992,820299883,359.329,robot_0,2.055,0.747
1789261992,820327214,359.329,robot_2,0.646,0.989
1789261992,820360593,359.329,robot_2_carried_generic_box,0.658,0.996
1789261992,820387132,359.330,robot_0_carried_generic_box,2.055,0.747
1789261992,820416970,359.330,robot_1_carried_generic_box,0.850,-2.148
1789261993,71101131,359.580,robot_1,0.850,-2.149
1789261993,71179211,359.580,robot_0,2.055,0.747
1789261993,71211424,359.580,robot_2,0.635,0.982
1789261993,71244000,359.580,robot_2_carried_generic_box,0.650,0.991
1789261993,71273542,359.580,robot_0_carried_generic_box,2.055,0.747
1789261993,71299034,359.580,robot_1_carried_generic_box,0.850,-2.148
1789261993,283862499,359.793,robot_1,0.850,-2.149
1789261993,305417916,359.815,robot_0,2.055,0.748
1789261993,305495185,359.815,robot_2,0.632,0.980
1789261993,305531630,359.815,robot_2_carried_generic_box,0.639,0.985
1789261993,305558182,359.815,robot_0_carried_generic_box,2.055,0.747
1789261993,305583744,359.815,robot_1_carried_generic_box,0.850,-2.148
1789261993,538332149,360.047,robot_1,0.850,-2.149
1789261993,538407344,360.048,robot_0,2.054,0.748
1789261993,538447489,360.048,robot_2,0.634,0.982
1789261993,538483952,360.048,robot_2_carried_generic_box,0.632,0.980
1789261993,538514655,360.048,robot_0_carried_generic_box,2.055,0.748
1789261993,538547413,360.048,robot_1_carried_generic_box,0.850,-2.149
1789261993,751546808,360.261,robot_1,0.850,-2.149
1789261993,751612977,360.261,robot_0,2.054,0.748
1789261993,751651362,360.261,robot_2,0.644,0.988
1789261993,758963144,360.268,robot_2_carried_generic_box,0.633,0.981
1789261993,759061362,360.268,robot_0_carried_generic_box,2.054,0.748
1789261993,759108531,360.268,robot_1_carried_generic_box,0.850,-2.149
1789261993,976496028,360.486,robot_1,0.850,-2.149
1789261993,976557769,360.486,robot_0,2.054,0.748
1789261993,976587215,360.486,robot_2,0.659,0.997
1789261993,976616162,360.486,robot_2_carried_generic_box,0.638,0.984
1789261993,976637266,360.486,robot_0_carried_generic_box,2.054,0.748
1789261993,976660688,360.486,robot_1_carried_generic_box,0.850,-2.149
1789261994,184792110,360.694,robot_1,0.850,-2.149
1789261994,184860382,360.694,robot_0,2.054,0.748
1789261994,184894231,360.694,robot_2,0.668,1.003
1789261994,184935555,360.694,robot_2_carried_generic_box,0.649,0.991
1789261994,184961472,360.694,robot_0_carried_generic_box,2.054,0.748
1789261994,184988200,360.694,robot_1_carried_generic_box,0.850,-2.149
1789261994,417142064,360.926,robot_1,0.851,-2.149
1789261994,418223972,360.927,robot_0,2.054,0.748
1789261994,418284930,360.927,robot_2,0.682,1.011
1789261994,418324865,360.927,robot_2_carried_generic_box,0.661,0.998
1789261994,418355001,360.927,robot_0_carried_generic_box,2.054,0.748
1789261994,418382753,360.928,robot_1_carried_generic_box,0.850,-2.149
1789261994,626735253,361.136,robot_1,0.851,-2.148
1789261994,626810857,361.136,robot_0,2.054,0.748
1789261994,626844321,361.136,robot_2,0.693,1.018
1789261994,626882801,361.136,robot_2_carried_generic_box,0.670,1.004
1789261994,626910943,361.136,robot_0_carried_generic_box,2.054,0.748
1789261994,626950497,361.136,robot_1_carried_generic_box,0.850,-2.149
1789261994,858648096,361.368,robot_1,0.855,-2.145
1789261994,858727431,361.368,robot_0,2.054,0.748
1789261994,858758680,361.368,robot_2,0.702,1.024
1789261994,858792552,361.368,robot_2_carried_generic_box,0.689,1.016
1789261994,858817850,361.368,robot_0_carried_generic_box,2.054,0.748
1789261994,858842560,361.368,robot_1_carried_generic_box,0.851,-2.149
1789261995,88842118,361.598,robot_1,0.851,-2.150
1789261995,88942657,361.598,robot_0,2.054,0.748
1789261995,88978503,361.598,robot_2,0.716,1.033
1789261995,89011529,361.598,robot_2_carried_generic_box,0.699,1.022
1789261995,89035709,361.598,robot_0_carried_generic_box,2.054,0.748
1789261995,89060784,361.598,robot_1_carried_generic_box,0.855,-2.145
1789261995,303408103,361.813,robot_1,0.843,-2.161
1789261995,303475037,361.813,robot_0,2.054,0.748
1789261995,303505370,361.813,robot_2,0.734,1.044
1789261995,303537773,361.813,robot_2_carried_generic_box,0.703,1.025
1789261995,303564000,361.813,robot_0_carried_generic_box,2.054,0.748
1789261995,303589931,361.813,robot_1_carried_generic_box,0.854,-2.146
1789261995,547655938,362.057,robot_1,0.840,-2.166
1789261995,547720303,362.057,robot_0,2.053,0.748
1789261995,547747052,362.057,robot_2,0.750,1.055
1789261995,547778331,362.057,robot_2_carried_generic_box,0.726,1.040
1789261995,547804882,362.057,robot_0_carried_generic_box,2.054,0.748
1789261995,547829125,362.057,robot_1_carried_generic_box,0.845,-2.158
1789261995,779389792,362.289,robot_1,0.835,-2.173
1789261995,779457151,362.289,robot_0,2.054,0.752
1789261995,779490134,362.289,robot_2,0.757,1.060
1789261995,779526439,362.289,robot_2_carried_generic_box,0.744,1.051
1789261995,779554511,362.289,robot_0_carried_generic_box,2.053,0.748
1789261995,779579948,362.289,robot_1_carried_generic_box,0.840,-2.165
1789261995,985033389,362.494,robot_1,0.831,-2.180
1789261996,6031019,362.515,robot_0,2.057,0.761
1789261996,6139961,362.515,robot_2,0.758,1.060
1789261996,6181387,362.515,robot_2_carried_generic_box,0.748,1.054
1789261996,6211006,362.515,robot_0_carried_generic_box,2.054,0.749
1789261996,6235056,362.515,robot_1_carried_generic_box,0.838,-2.170
1789261996,201788387,362.711,robot_1,0.830,-2.180
1789261996,201851341,362.711,robot_0,2.058,0.764
1789261996,201880550,362.711,robot_2,0.758,1.060
1789261996,201913721,362.711,robot_2_carried_generic_box,0.758,1.060
1789261996,202314007,362.711,robot_0_carried_generic_box,2.055,0.754
1789261996,202358873,362.711,robot_1_carried_generic_box,0.838,-2.170
1789261996,460481382,362.970,robot_1,0.830,-2.181
1789261996,460554693,362.970,robot_0,2.057,0.759
1789261996,460586553,362.970,robot_2,0.758,1.060
1789261996,460621035,362.970,robot_2_carried_generic_box,0.758,1.060
1789261996,460647254,362.970,robot_0_carried_generic_box,2.058,0.763
1789261996,460672258,362.970,robot_1_carried_generic_box,0.831,-2.179
1789261996,709067154,363.218,robot_1,0.825,-2.188
1789261996,709164307,363.218,robot_0,2.054,0.748
1789261996,709196158,363.218,robot_2,0.759,1.061
1789261996,709229408,363.218,robot_2_carried_generic_box,0.758,1.060
1789261996,709256710,363.218,robot_0_carried_generic_box,2.058,0.761
1789261996,709281760,363.218,robot_1_carried_generic_box,0.830,-2.180
1789261996,928670525,363.438,robot_1,0.821,-2.194
1789261996,928733352,363.438,robot_0,2.051,0.736
1789261996,928764473,363.438,robot_2,0.765,1.066
1789261996,928799277,363.438,robot_2_carried_generic_box,0.759,1.061
1789261996,928831522,363.438,robot_0_carried_generic_box,2.055,0.751
1789261996,928863466,363.438,robot_1_carried_generic_box,0.830,-2.181
1789261997,132440454,363.642,robot_1,0.821,-2.194
1789261997,132515965,363.642,robot_0,2.051,0.735
1789261997,132551713,363.642,robot_2,0.764,1.065
1789261997,132588018,363.642,robot_2_carried_generic_box,0.760,1.062
1789261997,132618854,363.642,robot_0_carried_generic_box,2.053,0.742
1789261997,132646769,363.642,robot_1_carried_generic_box,0.823,-2.191
1789261997,359516906,363.869,robot_1,0.821,-2.194
1789261997,359584760,363.869,robot_0,2.051,0.735
1789261997,359621998,363.869,robot_2,0.764,1.065
1789261997,368472195,363.878,robot_2_carried_generic_box,0.765,1.066
1789261997,368537213,363.878,robot_0_carried_generic_box,2.051,0.736
1789261997,368566794,363.878,robot_1_carried_generic_box,0.822,-2.193
1789261997,609664052,364.119,robot_1,0.821,-2.194
1789261997,609730712,364.119,robot_0,2.050,0.730
1789261997,609769763,364.119,robot_2,0.764,1.065
1789261997,609812414,364.119,robot_2_carried_generic_box,0.764,1.065
1789261997,628111029,364.137,robot_0_carried_generic_box,2.051,0.735
1789261997,628206731,364.137,robot_1_carried_generic_box,0.821,-2.194
1789261997,833769837,364.343,robot_1,0.821,-2.194
1789261997,833838415,364.343,robot_0,2.048,0.722
1789261997,833870059,364.343,robot_2,0.760,1.060
1789261997,833908143,364.343,robot_2_carried_generic_box,0.764,1.065
1789261997,847194513,364.357,robot_0_carried_generic_box,2.051,0.735
1789261997,847465848,364.357,robot_1_carried_generic_box,0.821,-2.194
1789261998,58943262,364.568,robot_1,0.822,-2.194
1789261998,59014215,364.568,robot_0,2.047,0.719
1789261998,59049878,364.568,robot_2,0.758,1.059
1789261998,59083654,364.568,robot_2_carried_generic_box,0.764,1.064
1789261998,59106418,364.568,robot_0_carried_generic_box,2.050,0.728
1789261998,59129403,364.568,robot_1_carried_generic_box,0.821,-2.194
1789261998,281569179,364.791,robot_1,0.822,-2.194
1789261998,281633956,364.791,robot_0,2.047,0.719
1789261998,281666123,364.791,robot_2,0.758,1.059
1789261998,281703785,364.791,robot_2_carried_generic_box,0.758,1.059
1789261998,281734180,364.791,robot_0_carried_generic_box,2.048,0.722
1789261998,281762024,364.791,robot_1_carried_generic_box,0.821,-2.194
1789261998,488910347,365.039,robot_1,0.822,-2.194
1789261998,530214354,365.039,robot_0,2.047,0.719
1789261998,530262908,365.039,robot_2,0.758,1.059
1789261998,530298763,365.039,robot_2_carried_generic_box,0.758,1.059
1789261998,530325605,365.039,robot_0_carried_generic_box,2.047,0.719
1789261998,530350329,365.039,robot_1_carried_generic_box,0.822,-2.194
1789261998,707845069,365.217,robot_1,0.822,-2.194
1789261998,716351584,365.226,robot_0,2.047,0.719
1789261998,718855914,365.228,robot_2,0.758,1.059
1789261998,718943381,365.228,robot_2_carried_generic_box,0.758,1.059
1789261998,718981573,365.228,robot_0_carried_generic_box,2.047,0.719
1789261998,719014797,365.228,robot_1_carried_generic_box,0.822,-2.194
1789261998,914541188,365.424,robot_1,0.822,-2.194
1789261998,914612059,365.424,robot_0,2.047,0.719
1789261998,914647784,365.424,robot_2,0.758,1.059
1789261998,914684320,365.424,robot_2_carried_generic_box,0.758,1.059
1789261998,914714045,365.424,robot_0_carried_generic_box,2.047,0.719
1789261998,914743134,365.424,robot_1_carried_generic_box,0.822,-2.194
1789261999,118865715,365.628,robot_1,0.822,-2.194
1789261999,119256700,365.628,robot_0,2.047,0.719
1789261999,119315959,365.628,robot_2,0.758,1.059
1789261999,119354141,365.628,robot_2_carried_generic_box,0.758,1.059
1789261999,119380144,365.629,robot_0_carried_generic_box,2.047,0.719
1789261999,119405460,365.629,robot_1_carried_generic_box,0.822,-2.194
1789261999,351226263,365.860,robot_1,0.822,-2.194
1789261999,351298254,365.860,robot_0,2.047,0.719
1789261999,351338064,365.860,robot_2,0.759,1.059
1789261999,351381209,365.861,robot_2_carried_generic_box,0.758,1.059
1789261999,351417080,365.861,robot_0_carried_generic_box,2.047,0.719
1789261999,351450053,365.861,robot_1_carried_generic_box,0.822,-2.194
1789261999,570323256,366.079,robot_1,0.822,-2.194
1789261999,570388682,366.080,robot_0,2.047,0.719
1789261999,570420947,366.080,robot_2,0.759,1.059
1789261999,570455854,366.080,robot_2_carried_generic_box,0.759,1.059
1789261999,570490665,366.080,robot_0_carried_generic_box,2.047,0.719
1789261999,570522831,366.080,robot_1_carried_generic_box,0.822,-2.194
1789261999,815463806,366.327,robot_1,0.822,-2.194
1789261999,818266113,366.327,robot_0,2.047,0.719
1789261999,823564415,366.333,robot_2,0.759,1.059
1789261999,823672500,366.333,robot_2_carried_generic_box,0.759,1.059
1789261999,823708649,366.333,robot_0_carried_generic_box,2.047,0.719
1789261999,823736877,366.333,robot_1_carried_generic_box,0.822,-2.194
1789262000,18931102,366.528,robot_1,0.823,-2.194
1789262000,18998831,366.528,robot_0,2.046,0.719
1789262000,19036890,366.528,robot_2,0.759,1.059
1789262000,19078837,366.528,robot_2_carried_generic_box,0.759,1.059
1789262000,19110397,366.528,robot_0_carried_generic_box,2.047,0.719
1789262000,19138451,366.528,robot_1_carried_generic_box,0.822,-2.194
1789262000,247537097,366.757,robot_1,0.823,-2.194
1789262000,260117803,366.769,robot_0,2.046,0.719
1789262000,260229219,366.769,robot_2,0.759,1.059
1789262000,260276766,366.769,robot_2_carried_generic_box,0.759,1.059
1789262000,260303917,366.769,robot_0_carried_generic_box,2.047,0.719
1789262000,260327676,366.769,robot_1_carried_generic_box,0.822,-2.194
1789262000,465182101,366.974,robot_1,0.823,-2.194
1789262000,465272372,366.974,robot_0,2.046,0.719
1789262000,466188538,366.975,robot_2,0.759,1.059
1789262000,466271221,366.984,robot_2_carried_generic_box,0.759,1.059
1789262000,475225165,366.986,robot_0_carried_generic_box,2.046,0.719
1789262000,477259477,366.986,robot_1_carried_generic_box,0.823,-2.194
1789262000,679322562,367.188,robot_1,0.823,-2.194
1789262000,688891804,367.198,robot_0,2.046,0.719
1789262000,688990456,367.205,robot_2,0.759,1.059
1789262000,696457763,367.206,robot_2_carried_generic_box,0.759,1.059
1789262000,696523172,367.206,robot_0_carried_generic_box,2.046,0.719
1789262000,696553563,367.206,robot_1_carried_generic_box,0.823,-2.194
1789262000,913286551,367.422,robot_1,0.823,-2.194
1789262000,913359403,367.422,robot_0,2.046,0.719
1789262000,913400288,367.423,robot_2,0.759,1.059
1789262000,913447512,367.423,robot_2_carried_generic_box,0.759,1.059
1789262000,913483981,367.423,robot_0_carried_generic_box,2.046,0.719
1789262001,139766947,367.649,robot_1,0.823,-2.194
1789262001,139832806,367.649,robot_0,2.046,0.719
1789262001,139863558,367.649,robot_2,0.759,1.058
1789262001,139899688,367.649,robot_2_carried_generic_box,0.759,1.059
1789262001,170243625,367.680,robot_0_carried_generic_box,2.046,0.719
1789262001,355868609,367.865,robot_1,0.823,-2.194
1789262001,355946031,367.865,robot_0,2.046,0.719
1789262001,355985154,367.865,robot_2,0.759,1.058
1789262001,356025538,367.865,robot_2_carried_generic_box,0.759,1.059
1789262001,356053791,367.865,robot_0_carried_generic_box,2.046,0.719
1789262001,586616877,368.096,robot_1,0.822,-2.188
1789262001,586681169,368.103,robot_0,2.046,0.719
1789262001,594021480,368.103,robot_2,0.759,1.058
1789262001,594072720,368.103,robot_2_carried_generic_box,0.759,1.058
1789262001,594104718,368.103,robot_0_carried_generic_box,2.046,0.719
1789262001,804548686,368.314,robot_1,0.820,-2.179
1789262001,804634038,368.314,robot_0,2.049,0.713
1789262001,804673757,368.314,robot_2,0.759,1.058
1789262001,804710659,368.314,robot_2_carried_generic_box,0.759,1.058
1789262001,804740729,368.314,robot_0_carried_generic_box,2.046,0.719
1789262002,10979851,368.520,robot_1,0.820,-2.179
1789262002,11056154,368.520,robot_0,2.053,0.708
1789262002,11087031,368.520,robot_2,0.759,1.058
1789262002,11120283,368.520,robot_2_carried_generic_box,0.759,1.058
1789262002,11145584,368.520,robot_0_carried_generic_box,2.046,0.718
1789262002,253231393,368.762,robot_1,0.820,-2.179
1789262002,253294488,368.762,robot_0,2.063,0.693
1789262002,253328207,368.762,robot_2,0.760,1.058
1789262002,253367593,368.762,robot_2_carried_generic_box,0.759,1.058
1789262002,253393758,368.763,robot_0_carried_generic_box,2.049,0.713
1789262002,501684933,369.011,robot_1,0.819,-2.175
1789262002,501770759,369.011,robot_0,2.067,0.687
1789262002,501804093,369.011,robot_2,0.760,1.053
1789262002,501838587,369.011,robot_2_carried_generic_box,0.759,1.058
1789262002,501866934,369.011,robot_0_carried_generic_box,2.056,0.703
1789262002,720055848,369.229,robot_1,0.818,-2.172
1789262002,720127829,369.229,robot_0,2.067,0.687
1789262002,720159568,369.229,robot_2,0.760,1.053
1789262002,721868646,369.231,robot_2_carried_generic_box,0.760,1.057
1789262002,721954160,369.231,robot_0_carried_generic_box,2.063,0.693
1789262002,957602642,369.467,robot_1,0.818,-2.172
1789262002,957686630,369.481,robot_0,2.061,0.693
1789262002,972088948,369.481,robot_2,0.760,1.053
1789262002,972150369,369.481,robot_2_carried_generic_box,0.760,1.053
1789262002,972190189,369.481,robot_0_carried_generic_box,2.067,0.686
1789262003,165119608,369.674,robot_1,0.818,-2.172
1789262003,165180575,369.674,robot_0,2.053,0.704
1789262003,165215676,369.674,robot_2,0.760,1.052
1789262003,165255018,369.674,robot_2_carried_generic_box,0.760,1.053
1789262003,165290493,369.674,robot_0_carried_generic_box,2.064,0.690
1789262003,411146593,369.920,robot_1,0.818,-2.172
1789262003,411210926,369.920,robot_0,2.045,0.713
1789262003,411241933,369.920,robot_2,0.762,1.043
1789262003,411274445,369.920,robot_2_carried_generic_box,0.760,1.053
1789262003,411301543,369.920,robot_0_carried_generic_box,2.055,0.701
1789262003,652102397,370.161,robot_1,0.818,-2.172
1789262003,652285616,370.161,robot_0,2.044,0.714
1789262003,652332679,370.161,robot_2,0.766,1.031
1789262003,652372804,370.161,robot_2_carried_generic_box,0.761,1.047
1789262003,652403680,370.162,robot_0_carried_generic_box,2.047,0.711
1789262003,880270271,370.389,robot_1,0.818,-2.172
1789262003,880340213,370.389,robot_0,2.044,0.714
1789262003,880376853,370.389,robot_2,0.766,1.028
1789262003,880416608,370.390,robot_2_carried_generic_box,0.765,1.035
1789262003,880450506,370.390,robot_0_carried_generic_box,2.044,0.714
1789262004,110043280,370.619,robot_1,0.818,-2.172
1789262004,110123344,370.619,robot_0,2.044,0.714
1789262004,110158053,370.619,robot_2,0.766,1.029
1789262004,110200113,370.619,robot_2_carried_generic_box,0.766,1.030
1789262004,110229378,370.619,robot_0_carried_generic_box,2.044,0.714
1789262004,369074892,370.878,robot_1,0.818,-2.172
1789262004,369145101,370.878,robot_0,2.044,0.714
1789262004,369180440,370.878,robot_2,0.766,1.029
1789262004,369218395,370.878,robot_2_carried_generic_box,0.766,1.028
1789262004,369247452,370.878,robot_0_carried_generic_box,2.044,0.714
1789262004,569578001,371.083,robot_1,0.819,-2.172
1789262004,574116541,371.083,robot_0,2.045,0.714
1789262004,574174306,371.083,robot_2,0.767,1.027
1789262004,574213921,371.083,robot_2_carried_generic_box,0.766,1.029
1789262004,574242824,371.083,robot_0_carried_generic_box,2.044,0.714
1789262004,792682620,371.302,robot_1,0.819,-2.172
1789262004,792745399,371.302,robot_0,2.045,0.714
1789262004,792777025,371.302,robot_2,0.771,1.021
1789262004,792810845,371.302,robot_2_carried_generic_box,0.766,1.029
1789262004,792841690,371.302,robot_0_carried_generic_box,2.044,0.714
1789262005,5628106,371.515,robot_1,0.819,-2.172
1789262005,5691069,371.515,robot_0,2.045,0.714
1789262005,5721594,371.515,robot_2,0.772,1.018
1789262005,5752837,371.515,robot_2_carried_generic_box,0.768,1.026
1789262005,5781075,371.515,robot_0_carried_generic_box,2.045,0.714
1789262005,208808245,371.718,robot_1,0.819,-2.172
1789262005,208864611,371.718,robot_0,2.045,0.714
1789262005,208892014,371.718,robot_2,0.772,1.018
1789262005,218149742,371.727,robot_2_carried_generic_box,0.771,1.020
1789262005,218255715,371.727,robot_0_carried_generic_box,2.045,0.714
1789262005,452295888,371.961,robot_1,0.819,-2.172
1789262005,452359770,371.961,robot_0,2.045,0.714
1789262005,452387956,371.962,robot_2,0.771,1.019
1789262005,452421217,371.962,robot_2_carried_generic_box,0.772,1.018
1789262005,452450271,371.962,robot_0_carried_generic_box,2.045,0.714
1789262005,709360848,372.218,robot_1,0.819,-2.172
1789262005,709430340,372.219,robot_0,2.045,0.714
1789262005,709465041,372.219,robot_2,0.766,1.027
1789262005,709497746,372.219,robot_2_carried_generic_box,0.772,1.018
1789262005,709524036,372.219,robot_0_carried_generic_box,2.045,0.714
1789262005,921174910,372.430,robot_1,0.819,-2.172
1789262005,921242559,372.430,robot_0,2.046,0.714
1789262005,921274872,372.430,robot_2,0.763,1.031
1789262005,921306621,372.430,robot_2_carried_generic_box,0.771,1.019
1789262005,921332642,372.430,robot_0_carried_generic_box,2.045,0.714
1789262006,125781078,372.635,robot_1,0.819,-2.172
1789262006,125840798,372.635,robot_0,2.046,0.715
1789262006,125866802,372.635,robot_2,0.764,1.031
1789262006,125898843,372.635,robot_2_carried_generic_box,0.767,1.025
1789262006,130434045,372.640,robot_0_carried_generic_box,2.045,0.714
1789262006,326747292,372.836,robot_1,0.819,-2.172
1789262006,326815417,372.836,robot_0,2.046,0.715
1789262006,326845825,372.836,robot_2,0.767,1.025
1789262006,326880658,372.836,robot_2_carried_generic_box,0.763,1.031
1789262006,326907927,372.836,robot_0_carried_generic_box,2.045,0.714
1789262006,535750896,373.045,robot_1,0.819,-2.172
1789262006,535817273,373.045,robot_0,2.046,0.715
1789262006,535930196,373.045,robot_2,0.773,1.017
1789262006,535982987,373.045,robot_2_carried_generic_box,0.766,1.027
1789262006,536015316,373.045,robot_0_carried_generic_box,2.046,0.715
1789262006,756981319,373.266,robot_1,0.820,-2.171
1789262006,757045122,373.266,robot_0,2.046,0.715
1789262006,757076325,373.266,robot_2,0.774,1.016
1789262006,757112140,373.266,robot_2_carried_generic_box,0.772,1.020
1789262006,757138296,373.266,robot_0_carried_generic_box,2.046,0.715
1789262006,964701958,373.474,robot_1,0.824,-2.174
1789262006,964777349,373.474,robot_0,2.046,0.715
1789262006,964815848,373.474,robot_2,0.774,1.016
1789262006,964862606,373.474,robot_2_carried_generic_box,0.774,1.016
1789262006,964899008,373.474,robot_0_carried_generic_box,2.046,0.715
1789262007,221188531,373.732,robot_1,0.827,-2.176
1789262007,222501659,373.732,robot_0,2.046,0.715
1789262007,222560483,373.732,robot_2,0.774,1.016
1789262007,222603175,373.732,robot_2_carried_generic_box,0.774,1.016
1789262007,222631281,373.732,robot_0_carried_generic_box,2.046,0.715
1789262007,500865912,374.010,robot_1,0.831,-2.178
1789262007,501509957,374.011,robot_0,2.046,0.715
1789262007,501571383,374.011,robot_2,0.774,1.016
1789262007,501619023,374.011,robot_2_carried_generic_box,0.774,1.016
1789262007,501733533,374.011,robot_0_carried_generic_box,2.046,0.715
1789262007,758550104,374.268,robot_1,0.832,-2.178
1789262007,758624511,374.268,robot_0,2.046,0.715
1789262007,758660316,374.268,robot_2,0.774,1.016
1789262007,758701354,374.268,robot_2_carried_generic_box,0.774,1.016
1789262007,758736260,374.268,robot_0_carried_generic_box,2.046,0.715
1789262008,4596569,374.514,robot_1,0.832,-2.178
1789262008,4665933,374.514,robot_0,2.046,0.715
1789262008,4700382,374.514,robot_2,0.774,1.016
1789262008,4737567,374.514,robot_2_carried_generic_box,0.774,1.016
1789262008,4766941,374.514,robot_0_carried_generic_box,2.046,0.715
1789262008,240516550,374.750,robot_1,0.826,-2.175
1789262008,240577261,374.750,robot_0,2.046,0.714
1789262008,248474909,374.758,robot_2,0.774,1.016
1789262008,248590918,374.758,robot_2_carried_generic_box,0.774,1.016
1789262008,248634241,374.758,robot_0_carried_generic_box,2.046,0.715
1789262008,480470927,374.990,robot_1,0.809,-2.167
1789262008,480544277,374.990,robot_0,2.045,0.714
1789262008,480577333,374.990,robot_2,0.773,1.016
1789262008,480615675,374.990,robot_2_carried_generic_box,0.774,1.016
1789262008,480644784,374.990,robot_0_carried_generic_box,2.046,0.714
1789262008,720930952,375.230,robot_1,0.797,-2.161
1789262008,720992365,375.230,robot_0,2.045,0.714
1789262008,721024218,375.230,robot_2,0.773,1.016
1789262008,721056030,375.230,robot_2_carried_generic_box,0.774,1.016
1789262008,721082256,375.230,robot_0_carried_generic_box,2.045,0.714
1789262008,930662100,375.440,robot_1,0.789,-2.157
1789262008,930723755,375.440,robot_0,2.045,0.714
1789262008,930753527,375.440,robot_2,0.773,1.016
1789262008,930786564,375.440,robot_2_carried_generic_box,0.773,1.016
1789262008,930813319,375.440,robot_0_carried_generic_box,2.045,0.714
1789262009,148683515,375.658,robot_1,0.784,-2.154
1789262009,148756925,375.658,robot_0,2.045,0.714
1789262009,148796717,375.658,robot_2,0.773,1.016
1789262009,148839198,375.658,robot_2_carried_generic_box,0.773,1.016
1789262009,148874098,375.658,robot_0_carried_generic_box,2.045,0.714
1789262009,375986666,375.885,robot_1,0.785,-2.155
1789262009,376054971,375.885,robot_0,2.045,0.714
1789262009,376089704,375.885,robot_2,0.774,1.012
1789262009,376125092,375.885,robot_2_carried_generic_box,0.773,1.016
1789262009,376153107,375.885,robot_0_carried_generic_box,2.045,0.714
1789262009,590644365,376.100,robot_1,0.785,-2.155
1789262009,590702041,376.100,robot_0,2.044,0.716
1789262009,590734374,376.100,robot_2,0.774,1.002
1789262009,590769447,376.100,robot_2_carried_generic_box,0.773,1.015
1789262009,590797670,376.100,robot_0_carried_generic_box,2.045,0.714
1789262009,804688191,376.314,robot_1,0.781,-2.153
1789262009,810899441,376.320,robot_0,2.040,0.721
1789262009,810988178,376.323,robot_2,0.774,1.001
1789262009,813503444,376.323,robot_2_carried_generic_box,0.773,1.013
1789262009,813551002,376.323,robot_0_carried_generic_box,2.045,0.714
1789262010,51833127,376.561,robot_1,0.775,-2.150
1789262010,51915903,376.561,robot_0,2.034,0.729
1789262010,51959157,376.561,robot_2,0.774,1.001
1789262010,51995487,376.561,robot_2_carried_generic_box,0.774,1.001
1789262010,52026051,376.561,robot_0_carried_generic_box,2.041,0.719
1789262010,271315768,376.780,robot_1,0.775,-2.150
1789262010,271380911,376.781,robot_0,2.033,0.730
1789262010,271415373,376.781,robot_2,0.774,1.001
1789262010,271449252,376.781,robot_2_carried_generic_box,0.774,1.001
1789262010,271473028,376.781,robot_0_carried_generic_box,2.035,0.728
1789262010,504049647,377.013,robot_1,0.775,-2.150
1789262010,504120626,377.013,robot_0,2.033,0.730
1789262010,504152065,377.013,robot_2,0.774,1.001
1789262010,504184998,377.013,robot_2_carried_generic_box,0.774,1.001
1789262010,504211046,377.013,robot_0_carried_generic_box,2.033,0.730
1789262010,711910842,377.221,robot_1,0.775,-2.150
1789262010,711986629,377.221,robot_0,2.033,0.730
1789262010,712016696,377.221,robot_2,0.774,1.001
1789262010,712049768,377.221,robot_2_carried_generic_box,0.774,1.001
1789262010,712075990,377.221,robot_0_carried_generic_box,2.033,0.730
1789262010,930184700,377.439,robot_1,0.775,-2.150
1789262010,930247051,377.439,robot_0,2.030,0.734
1789262010,930280539,377.439,robot_2,0.774,1.001
1789262010,930315036,377.439,robot_2_carried_generic_box,0.774,1.001
1789262010,930339818,377.439,robot_0_carried_generic_box,2.033,0.730
1789262011,152148803,377.661,robot_1,0.775,-2.150
1789262011,152230288,377.661,robot_0,2.026,0.738
1789262011,152262748,377.661,robot_2,0.774,1.001
1789262011,152298202,377.661,robot_2_carried_generic_box,0.774,1.001
1789262011,152324944,377.661,robot_0_carried_generic_box,2.033,0.730
1789262011,344185095,377.853,robot_1,0.775,-2.150
1789262011,344265055,377.853,robot_0,2.021,0.744
1789262011,344304962,377.853,robot_2,0.774,1.001
1789262011,344347387,377.853,robot_2_carried_generic_box,0.774,1.001
1789262011,344382777,377.854,robot_0_carried_generic_box,2.027,0.737
1789262011,575049843,378.084,robot_1,0.775,-2.150
1789262011,575123567,378.084,robot_0,2.018,0.748
1789262011,575160682,378.084,robot_2,0.774,1.001
1789262011,575197898,378.084,robot_2_carried_generic_box,0.774,1.001
1789262011,575228315,378.084,robot_0_carried_generic_box,2.025,0.740
1789262011,777409361,378.287,robot_1,0.775,-2.150
1789262011,777472553,378.287,robot_0,2.018,0.748
1789262011,777505217,378.287,robot_2,0.774,1.001
1789262011,777536626,378.287,robot_2_carried_generic_box,0.774,1.001
1789262011,777562029,378.287,robot_0_carried_generic_box,2.020,0.745
1789262011,985752922,378.495,robot_1,0.775,-2.150
1789262011,996102235,378.505,robot_0,2.017,0.749
1789262011,996272788,378.505,robot_2,0.774,1.001
1789262011,996376412,378.506,robot_2_carried_generic_box,0.774,1.001
1789262011,996407376,378.506,robot_0_carried_generic_box,2.018,0.748
1789262012,207068107,378.716,robot_1,0.775,-2.149
1789262012,207148667,378.716,robot_0,2.014,0.753
1789262012,207182668,378.716,robot_2,0.774,1.001
1789262012,210040835,378.719,robot_2_carried_generic_box,0.774,1.001
1789262012,210155476,378.719,robot_0_carried_generic_box,2.018,0.748
1789262012,402175354,378.911,robot_1,0.775,-2.149
1789262012,408841629,378.918,robot_0,2.012,0.755
1789262012,408916200,378.918,robot_2,0.774,1.001
1789262012,408962213,378.918,robot_2_carried_generic_box,0.774,1.001
1789262012,408991225,378.918,robot_0_carried_generic_box,2.017,0.749
1789262012,628813105,379.138,robot_1,0.775,-2.149
1789262012,628878992,379.138,robot_0,2.012,0.755
1789262012,628913153,379.138,robot_2,0.775,1.001
1789262012,628958181,379.138,robot_2_carried_generic_box,0.774,1.001
1789262012,628985305,379.138,robot_0_carried_generic_box,2.013,0.755
1789262012,861159322,379.374,robot_1,0.775,-2.149
1789262012,864929999,379.374,robot_0,2.011,0.757
1789262012,864987112,379.374,robot_2,0.775,1.001
1789262012,865025509,379.374,robot_2_carried_generic_box,0.774,1.001
1789262012,865056683,379.374,robot_0_carried_generic_box,2.012,0.755
1789262013,95184257,379.604,robot_1,0.775,-2.149
1789262013,95260797,379.604,robot_0,2.003,0.767
1789262013,95300219,379.604,robot_2,0.775,1.001
1789262013,95341748,379.604,robot_2_carried_generic_box,0.775,1.001
1789262013,95375260,379.604,robot_0_carried_generic_box,2.012,0.756
1789262013,315869594,379.825,robot_1,0.775,-2.149
1789262013,315940483,379.825,robot_0,1.997,0.775
1789262013,315975095,379.825,robot_2,0.775,1.001
1789262013,316011989,379.825,robot_2_carried_generic_box,0.775,1.001
1789262013,316040076,379.825,robot_0_carried_generic_box,2.008,0.761
1789262013,600206953,380.109,robot_1,0.775,-2.149
1789262013,600283263,380.109,robot_0,1.990,0.783
1789262013,600317221,380.109,robot_2,0.775,1.001
1789262013,600352239,380.109,robot_2_carried_generic_box,0.775,1.001
1789262013,600377925,380.109,robot_0_carried_generic_box,2.002,0.769
1789262013,810531109,380.320,robot_1,0.775,-2.149
1789262013,810597363,380.320,robot_0,1.990,0.784
1789262013,810626992,380.320,robot_2,0.772,1.006
1789262013,810659952,380.320,robot_2_carried_generic_box,0.775,1.001
1789262013,810685553,380.320,robot_0_carried_generic_box,1.992,0.781
1789262014,46898130,380.578,robot_1,0.775,-2.148
1789262014,69350140,380.579,robot_0,1.990,0.784
1789262014,69412968,380.579,robot_2,0.771,1.008
1789262014,69448406,380.579,robot_2_carried_generic_box,0.774,1.003
1789262014,69474499,380.579,robot_0_carried_generic_box,1.990,0.784
1789262014,312576706,380.822,robot_1,0.772,-2.149
1789262014,312670813,380.822,robot_0,1.990,0.784
1789262014,312701219,380.822,robot_2,0.769,1.011
1789262014,312735935,380.822,robot_2_carried_generic_box,0.771,1.008
1789262014,312765074,380.822,robot_0_carried_generic_box,1.990,0.784
1789262014,535570739,381.045,robot_1,0.761,-2.151
1789262014,535637667,381.045,robot_0,1.990,0.784
1789262014,535672846,381.045,robot_2,0.762,1.021
1789262014,535713781,381.045,robot_2_carried_generic_box,0.771,1.008
1789262014,535744845,381.045,robot_0_carried_generic_box,1.990,0.784
1789262014,782483398,381.292,robot_1,0.756,-2.153
1789262014,782566404,381.293,robot_0,1.990,0.784
1789262014,783773257,381.293,robot_2,0.759,1.024
1789262014,783823484,381.293,robot_2_carried_generic_box,0.764,1.018
1789262014,785057032,381.294,robot_0_carried_generic_box,1.990,0.784
1789262015,19098740,381.528,robot_1,0.744,-2.156
1789262015,19172692,381.528,robot_0,1.990,0.784
1789262015,19210826,381.528,robot_2,0.759,1.024
1789262015,19246600,381.528,robot_2_carried_generic_box,0.760,1.023
1789262015,19275023,381.528,robot_0_carried_generic_box,1.990,0.784
1789262015,222184186,381.731,robot_1,0.741,-2.157
1789262015,222273845,381.731,robot_0,1.990,0.784
1789262015,222302734,381.731,robot_2,0.759,1.024
1789262015,222333143,381.731,robot_2_carried_generic_box,0.759,1.024
1789262015,222355138,381.731,robot_0_carried_generic_box,1.990,0.784
1789262015,449251074,381.958,robot_1,0.731,-2.160
1789262015,449316306,381.958,robot_0,1.991,0.784
1789262015,449344723,381.958,robot_2,0.760,1.023
1789262015,449375915,381.958,robot_2_carried_generic_box,0.759,1.024
1789262015,449398489,381.959,robot_0_carried_generic_box,1.990,0.784
1789262015,682529744,382.192,robot_1,0.722,-2.163
1789262015,682589900,382.192,robot_0,1.992,0.780
1789262015,682621055,382.192,robot_2,0.770,1.014
1789262015,682655374,382.192,robot_2_carried_generic_box,0.759,1.024
1789262015,682681228,382.192,robot_0_carried_generic_box,1.990,0.784
1789262015,909155829,382.418,robot_1,0.710,-2.167
1789262015,909218986,382.418,robot_0,1.995,0.767
1789262015,909248432,382.418,robot_2,0.776,1.008
1789262015,909282041,382.431,robot_2_carried_generic_box,0.767,1.017
1789262015,926112329,382.435,robot_0_carried_generic_box,1.992,0.780
1789262016,151622963,382.661,robot_1,0.707,-2.168
1789262016,151684498,382.661,robot_0,1.995,0.765
1789262016,151718208,382.661,robot_2,0.776,1.007
1789262016,151755303,382.661,robot_2_carried_generic_box,0.770,1.014
1789262016,151783102,382.661,robot_0_carried_generic_box,1.992,0.778
1789262016,373624658,382.888,robot_1,0.707,-2.168
1789262016,378758937,382.888,robot_0,1.995,0.768
1789262016,378805312,382.888,robot_2,0.776,1.007
1789262016,378842126,382.888,robot_2_carried_generic_box,0.776,1.007
1789262016,378866043,382.888,robot_0_carried_generic_box,1.994,0.770
1789262016,641954103,383.151,robot_1,0.707,-2.168
1789262016,642036852,383.151,robot_0,1.995,0.769
1789262016,642069218,383.151,robot_2,0.776,1.007
1789262016,642104001,383.151,robot_2_carried_generic_box,0.776,1.007
1789262016,642130423,383.151,robot_0_carried_generic_box,1.995,0.769
1789262016,897225937,383.406,robot_1,0.707,-2.168
1789262016,897301110,383.406,robot_0,1.995,0.770
1789262016,897336901,383.406,robot_2,0.776,1.007
1789262016,897378150,383.407,robot_2_carried_generic_box,0.776,1.007
1789262016,897410284,383.407,robot_0_carried_generic_box,1.995,0.770
1789262017,141883272,383.651,robot_1,0.707,-2.168
1789262017,141979645,383.651,robot_0,1.994,0.781
1789262017,142013652,383.651,robot_2,0.776,1.008
1789262017,142047068,383.651,robot_2_carried_generic_box,0.776,1.007
1789262017,142457661,383.652,robot_0_carried_generic_box,1.995,0.769
1789262017,353608755,383.863,robot_1,0.707,-2.168
1789262017,362296495,383.871,robot_0,1.993,0.795
1789262017,362360074,383.871,robot_2,0.776,1.008
1789262017,362397586,383.872,robot_2_carried_generic_box,0.776,1.008
1789262017,362431358,383.872,robot_0_carried_generic_box,1.994,0.779
1789262017,583125788,384.092,robot_1,0.707,-2.168
1789262017,583190195,384.092,robot_0,1.993,0.798
1789262017,583225329,384.092,robot_2,0.776,1.008
1789262017,583263442,384.092,robot_2_carried_generic_box,0.776,1.008
1789262017,583296214,384.092,robot_0_carried_generic_box,1.994,0.787
1789262017,812418513,384.322,robot_1,0.707,-2.168
1789262017,812481814,384.322,robot_0,1.993,0.792
1789262017,812511393,384.322,robot_2,0.776,1.008
1789262017,812548694,384.322,robot_2_carried_generic_box,0.776,1.008
1789262017,812578272,384.322,robot_0_carried_generic_box,1.993,0.797
1789262018,20218383,384.529,robot_1,0.707,-2.168
1789262018,20289458,384.529,robot_0,1.994,0.781
1789262018,20326781,384.529,robot_2,0.776,1.008
1789262018,20367678,384.529,robot_2_carried_generic_box,0.776,1.008
1789262018,20400545,384.530,robot_0_carried_generic_box,1.993,0.799
1789262018,234160298,384.743,robot_1,0.707,-2.167
1789262018,234232174,384.743,robot_0,1.994,0.779
1789262018,234268810,384.743,robot_2,0.777,1.008
1789262018,234307626,384.743,robot_2_carried_generic_box,0.776,1.008
1789262018,234340100,384.743,robot_0_carried_generic_box,1.993,0.788
1789262018,438104673,384.947,robot_1,0.707,-2.167
1789262018,438164725,384.947,robot_0,1.994,0.779
1789262018,449182439,384.958,robot_2,0.777,1.008
1789262018,449276826,384.958,robot_2_carried_generic_box,0.777,1.008
1789262018,449310270,384.958,robot_0_carried_generic_box,1.994,0.780
1789262018,651093938,385.160,robot_1,0.707,-2.167
1789262018,652682521,385.162,robot_0,1.994,0.779
1789262018,652751082,385.162,robot_2,0.777,1.008
1789262018,652792996,385.162,robot_2_carried_generic_box,0.777,1.008
1789262018,652829255,385.162,robot_0_carried_generic_box,1.994,0.779
1789262018,862988215,385.372,robot_1,0.707,-2.167
1789262018,863054198,385.372,robot_0,1.994,0.779
1789262018,863092668,385.372,robot_2,0.777,1.008
1789262018,863133178,385.372,robot_2_carried_generic_box,0.777,1.008
1789262018,863165696,385.372,robot_0_carried_generic_box,1.994,0.779
1789262019,82999175,385.592,robot_1,0.707,-2.167
1789262019,83065657,385.592,robot_0,1.994,0.779
1789262019,83097911,385.592,robot_2,0.777,1.008
1789262019,83131619,385.592,robot_2_carried_generic_box,0.777,1.008
1789262019,83165051,385.592,robot_0_carried_generic_box,1.994,0.779
1789262019,307888092,385.817,robot_1,0.707,-2.167
1789262019,307954190,385.817,robot_0,1.994,0.779
1789262019,307984229,385.817,robot_2,0.777,1.008
1789262019,308015104,385.817,robot_2_carried_generic_box,0.777,1.008
1789262019,308039538,385.817,robot_0_carried_generic_box,1.994,0.779
1789262019,537833220,386.047,robot_1,0.706,-2.167
1789262019,537899618,386.047,robot_0,1.994,0.779
1789262019,537939817,386.047,robot_2,0.775,1.008
1789262019,537975463,386.047,robot_2_carried_generic_box,0.777,1.008
1789262019,538002443,386.047,robot_0_carried_generic_box,1.994,0.779
1789262019,740978211,386.250,robot_1,0.706,-2.167
1789262019,741046448,386.250,robot_0,1.994,0.779
1789262019,741079632,386.250,robot_2,0.763,1.008
1789262019,741110176,386.250,robot_2_carried_generic_box,0.776,1.009
1789262019,741135291,386.250,robot_0_carried_generic_box,1.994,0.779
1789262019,976046911,386.485,robot_1,0.706,-2.167
1789262019,976119047,386.485,robot_0,1.993,0.779
1789262019,976149690,386.485,robot_2,0.757,1.007
1789262019,976182755,386.485,robot_2_carried_generic_box,0.768,1.008
1789262019,976208367,386.485,robot_0_carried_generic_box,1.994,0.779
1789262020,182380014,386.692,robot_1,0.706,-2.167
1789262020,182444869,386.692,robot_0,1.993,0.779
1789262020,182476144,386.692,robot_2,0.749,1.006
1789262020,182507792,386.692,robot_2_carried_generic_box,0.764,1.008
1789262020,182533029,386.692,robot_0_carried_generic_box,1.994,0.779
1789262020,408796538,386.918,robot_1,0.706,-2.167
1789262020,408856558,386.918,robot_0,1.993,0.778
1789262020,408893231,386.918,robot_2,0.739,1.004
1789262020,408936298,386.918,robot_2_carried_generic_box,0.756,1.007
1789262020,408964981,386.918,robot_0_carried_generic_box,1.993,0.779
1789262020,609076394,387.118,robot_1,0.707,-2.164
1789262020,609136306,387.118,robot_0,1.993,0.778
1789262020,609168145,387.118,robot_2,0.722,1.001
1789262020,609202874,387.118,robot_2_carried_generic_box,0.747,1.006
1789262020,609231452,387.118,robot_0_carried_generic_box,1.993,0.779
1789262020,860371293,387.370,robot_1,0.710,-2.156
1789262020,860446216,387.370,robot_0,1.993,0.778
1789262020,860478705,387.370,robot_2,0.706,0.998
1789262020,860514294,387.370,robot_2_carried_generic_box,0.733,1.003
1789262020,860543116,387.370,robot_0_carried_generic_box,1.993,0.778
1789262021,64469625,387.574,robot_1,0.710,-2.156
1789262021,64539814,387.574,robot_0,1.993,0.778
1789262021,64574981,387.574,robot_2,0.702,0.997
1789262021,64608313,387.574,robot_2_carried_generic_box,0.711,0.999
1789262021,64633913,387.574,robot_0_carried_generic_box,1.993,0.778
1789262021,288751393,387.798,robot_1,0.707,-2.166
1789262021,288821624,387.822,robot_0,1.993,0.778
1789262021,312652714,387.822,robot_2,0.702,0.997
1789262021,312729130,387.822,robot_2_carried_generic_box,0.704,0.998
1789262021,312769921,387.822,robot_0_carried_generic_box,1.993,0.778
1789262021,524440042,388.034,robot_1,0.704,-2.175
1789262021,524522407,388.034,robot_0,1.993,0.778
1789262021,524562316,388.034,robot_2,0.704,0.998
1789262021,524603540,388.034,robot_2_carried_generic_box,0.702,0.997
1789262021,524637911,388.034,robot_0_carried_generic_box,1.993,0.778
1789262021,748309262,388.257,robot_1,0.701,-2.185
1789262021,748370926,388.257,robot_0,1.993,0.778
1789262021,748404798,388.258,robot_2,0.707,0.999
1789262021,748440106,388.258,robot_2_carried_generic_box,0.703,0.998
1789262021,748465230,388.258,robot_0_carried_generic_box,1.993,0.778
1789262021,989150602,388.498,robot_1,0.698,-2.197
1789262021,989225039,388.498,robot_0,1.991,0.779
1789262021,989256386,388.498,robot_2,0.699,0.997
1789262021,989292178,388.498,robot_2_carried_generic_box,0.708,0.999
1789262021,989319831,388.498,robot_0_carried_generic_box,1.993,0.778
1789262022,245184559,388.754,robot_1,0.697,-2.201
1789262022,245246107,388.754,robot_0,1.981,0.787
1789262022,245276486,388.754,robot_2,0.693,0.995
1789262022,245308651,388.754,robot_2_carried_generic_box,0.701,0.997
1789262022,245331955,388.754,robot_0_carried_generic_box,1.990,0.780
1789262022,485504098,388.995,robot_1,0.699,-2.195
1789262022,485575600,388.995,robot_0,1.979,0.789
1789262022,485606996,388.995,robot_2,0.698,0.996
1789262022,485641502,388.995,robot_2_carried_generic_box,0.695,0.995
1789262022,485666403,388.995,robot_0_carried_generic_box,1.989,0.781
1789262022,702458018,389.212,robot_1,0.700,-2.190
1789262022,702530014,389.212,robot_0,1.979,0.788
1789262022,702568832,389.212,robot_2,0.708,0.999
1789262022,702609216,389.212,robot_2_carried_generic_box,0.693,0.995
1789262022,702643832,389.212,robot_0_carried_generic_box,1.979,0.789
1789262022,947757045,389.457,robot_1,0.699,-2.194
1789262022,947825090,389.457,robot_0,1.979,0.788
1789262022,947856631,389.457,robot_2,0.710,1.000
1789262022,947886079,389.457,robot_2_carried_generic_box,0.703,0.998
1789262022,947911471,389.457,robot_0_carried_generic_box,1.979,0.789
1789262023,149780689,389.659,robot_1,0.698,-2.196
1789262023,149845259,389.659,robot_0,1.979,0.788
1789262023,149874955,389.659,robot_2,0.708,0.999
1789262023,149907072,389.659,robot_2_carried_generic_box,0.709,0.999
1789262023,149938399,389.659,robot_0_carried_generic_box,1.979,0.788
1789262023,359453605,389.869,robot_1,0.698,-2.196
1789262023,359524966,389.869,robot_0,1.979,0.788
1789262023,359563585,389.869,robot_2,0.707,0.999
1789262023,359602679,389.869,robot_2_carried_generic_box,0.708,0.999
1789262023,359635483,389.869,robot_0_carried_generic_box,1.979,0.788
1789262023,607535507,390.117,robot_1,0.698,-2.196
1789262023,607626800,390.117,robot_0,1.979,0.788
1789262023,607657947,390.117,robot_2,0.696,0.996
1789262023,607692192,390.117,robot_2_carried_generic_box,0.708,0.999
1789262023,607718402,390.117,robot_0_carried_generic_box,1.979,0.788
1789262023,890638441,390.400,robot_1,0.698,-2.196
1789262023,890883789,390.400,robot_0,1.979,0.788
1789262023,890930922,390.400,robot_2,0.692,0.995
1789262023,890971314,390.400,robot_2_carried_generic_box,0.699,0.997
1789262023,891002762,390.400,robot_0_carried_generic_box,1.979,0.788
1789262024,135968356,390.645,robot_1,0.698,-2.196
1789262024,136035215,390.645,robot_0,1.977,0.790
1789262024,136064828,390.645,robot_2,0.685,0.993
1789262024,136098732,390.645,robot_2_carried_generic_box,0.692,0.995
1789262024,136123956,390.645,robot_0_carried_generic_box,1.979,0.788
1789262024,374014309,390.883,robot_1,0.698,-2.196
1789262024,374088162,390.883,robot_0,1.970,0.795
1789262024,374120896,390.883,robot_2,0.684,0.992
1789262024,374155541,390.883,robot_2_carried_generic_box,0.687,0.993
1789262024,374184893,390.883,robot_0_carried_generic_box,1.979,0.788
1789262024,610456472,391.120,robot_1,0.698,-2.196
1789262024,610525442,391.120,robot_0,1.959,0.802
1789262024,610554594,391.120,robot_2,0.684,0.992
1789262024,610591782,391.120,robot_2_carried_generic_box,0.684,0.992
1789262024,610617922,391.120,robot_0_carried_generic_box,1.975,0.791
1789262024,840615218,391.350,robot_1,0.698,-2.196
1789262024,840675848,391.350,robot_0,1.950,0.809
1789262024,840706785,391.350,robot_2,0.684,0.992
1789262024,840740335,391.350,robot_2_carried_generic_box,0.684,0.992
1789262024,840767570,391.350,robot_0_carried_generic_box,1.959,0.802
1789262025,76034023,391.585,robot_1,0.698,-2.196
1789262025,76104284,391.585,robot_0,1.949,0.809
1789262025,76136356,391.585,robot_2,0.684,0.992
1789262025,76170860,391.585,robot_2_carried_generic_box,0.684,0.992
1789262025,76200390,391.585,robot_0_carried_generic_box,1.951,0.808
1789262025,331122739,391.840,robot_1,0.698,-2.196
1789262025,331196673,391.840,robot_0,1.949,0.809
1789262025,331229900,391.840,robot_2,0.684,0.992
1789262025,331263866,391.840,robot_2_carried_generic_box,0.684,0.992
1789262025,331288069,391.840,robot_0_carried_generic_box,1.949,0.809
1789262025,557558533,392.067,robot_1,0.698,-2.196
1789262025,557620658,392.067,robot_0,1.949,0.809
1789262025,557651891,392.067,robot_2,0.684,0.992
1789262025,557688941,392.067,robot_2_carried_generic_box,0.684,0.992
1789262025,557714859,392.067,robot_0_carried_generic_box,1.949,0.809
1789262025,782532278,392.292,robot_1,0.698,-2.196
1789262025,782599464,392.292,robot_0,1.949,0.809
1789262025,782631491,392.292,robot_2,0.684,0.992
1789262025,782666136,392.292,robot_2_carried_generic_box,0.684,0.992
1789262025,782693329,392.292,robot_0_carried_generic_box,1.949,0.809
1789262025,999415512,392.509,robot_1,0.698,-2.196
1789262025,999493839,392.509,robot_0,1.949,0.809
1789262025,999530671,392.509,robot_2,0.684,0.992
1789262025,999564707,392.509,robot_2_carried_generic_box,0.684,0.992
1789262025,999591426,392.509,robot_0_carried_generic_box,1.949,0.809
1789262026,242540130,392.752,robot_1,0.697,-2.196
1789262026,242614292,392.752,robot_0,1.949,0.808
1789262026,242647207,392.752,robot_2,0.684,0.992
1789262026,242685576,392.752,robot_2_carried_generic_box,0.684,0.992
1789262026,242713276,392.752,robot_0_carried_generic_box,1.949,0.809
1789262026,477495359,392.987,robot_1,0.697,-2.196
1789262026,477564748,392.987,robot_0,1.949,0.808
1789262026,477603122,392.987,robot_2,0.684,0.992
1789262026,477643167,392.987,robot_2_carried_generic_box,0.684,0.992
1789262026,477675673,392.987,robot_0_carried_generic_box,1.949,0.808
1789262026,680251543,393.189,robot_1,0.697,-2.196
1789262026,680310574,393.189,robot_0,1.949,0.808
1789262026,680337812,393.189,robot_2,0.684,0.993
1789262026,680369758,393.189,robot_2_carried_generic_box,0.684,0.992
1789262026,680392140,393.190,robot_0_carried_generic_box,1.949,0.808
1789262026,904993350,393.414,robot_1,0.697,-2.196
1789262026,905061751,393.414,robot_0,1.949,0.808
1789262026,905091571,393.414,robot_2,0.684,0.993
1789262026,905126329,393.414,robot_2_carried_generic_box,0.684,0.992
1789262026,905151969,393.414,robot_0_carried_generic_box,1.949,0.808
1789262027,171202593,393.680,robot_1,0.697,-2.196
1789262027,171269549,393.680,robot_0,1.950,0.808
1789262027,171298028,393.680,robot_2,0.684,0.993
1789262027,171329696,393.680,robot_2_carried_generic_box,0.684,0.993
1789262027,171355200,393.680,robot_0_carried_generic_box,1.949,0.808
1789262027,386802231,393.896,robot_1,0.696,-2.195
1789262027,386872946,393.896,robot_0,1.956,0.807
1789262027,386911168,393.906,robot_2,0.684,0.993
1789262027,397171474,393.906,robot_2_carried_generic_box,0.684,0.993
1789262027,397230905,393.906,robot_0_carried_generic_box,1.949,0.808
1789262027,621780368,394.131,robot_1,0.692,-2.188
1789262027,621865188,394.131,robot_0,1.958,0.807
1789262027,621895900,394.131,robot_2,0.683,0.993
1789262027,621931875,394.131,robot_2_carried_generic_box,0.684,0.993
1789262027,621959027,394.131,robot_0_carried_generic_box,1.949,0.808
1789262027,819833140,394.329,robot_1,0.689,-2.184
1789262027,819894342,394.329,robot_0,1.956,0.807
1789262027,847149515,394.356,robot_2,0.683,0.993
1789262027,847240773,394.356,robot_2_carried_generic_box,0.684,0.993
1789262027,847273778,394.356,robot_0_carried_generic_box,1.958,0.807
1789262028,74930113,394.584,robot_1,0.689,-2.183
1789262028,74999787,394.584,robot_0,1.956,0.807
1789262028,75033459,394.584,robot_2,0.683,0.993
1789262028,75068531,394.584,robot_2_carried_generic_box,0.683,0.993
1789262028,75095386,394.584,robot_0_carried_generic_box,1.956,0.807
1789262028,302679405,394.812,robot_1,0.689,-2.183
1789262028,302746558,394.812,robot_0,1.958,0.807
1789262028,302778388,394.812,robot_2,0.683,0.993
1789262028,302811560,394.812,robot_2_carried_generic_box,0.683,0.993
1789262028,302840872,394.812,robot_0_carried_generic_box,1.956,0.807
1789262028,529420362,395.039,robot_1,0.687,-2.181
1789262028,529491426,395.039,robot_0,1.964,0.807
1789262028,529525088,395.039,robot_2,0.683,0.993
1789262028,529562921,395.039,robot_2_carried_generic_box,0.683,0.993
1789262028,529595835,395.039,robot_0_carried_generic_box,1.956,0.807
1789262028,761762181,395.271,robot_1,0.682,-2.172
1789262028,761822803,395.271,robot_0,1.964,0.807
1789262028,761852981,395.271,robot_2,0.683,0.993
1789262028,761886835,395.271,robot_2_carried_generic_box,0.683,0.993
1789262028,761912918,395.287,robot_0_carried_generic_box,1.957,0.807
1789262028,963798497,395.473,robot_1,0.676,-2.164
1789262028,963860680,395.473,robot_0,1.962,0.807
1789262028,963892243,395.473,robot_2,0.683,0.994
1789262028,963932472,395.473,robot_2_carried_generic_box,0.683,0.993
1789262028,963960171,395.473,robot_0_carried_generic_box,1.965,0.807
1789262029,197050257,395.706,robot_1,0.675,-2.163
1789262029,197124705,395.706,robot_0,1.950,0.806
1789262029,197158147,395.706,robot_2,0.688,1.002
1789262029,197193321,395.706,robot_2_carried_generic_box,0.683,0.993
1789262029,197219089,395.706,robot_0_carried_generic_box,1.964,0.807
1789262029,417043558,395.927,robot_1,0.675,-2.163
1789262029,418378767,395.928,robot_0,1.936,0.805
1789262029,418429513,395.933,robot_2,0.691,1.007
1789262029,424019346,395.933,robot_2_carried_generic_box,0.688,1.002
1789262029,424068034,395.933,robot_0_carried_generic_box,1.956,0.806
1789262029,618565215,396.128,robot_1,0.671,-2.158
1789262029,618629567,396.128,robot_0,1.932,0.805
1789262029,618666081,396.128,robot_2,0.693,1.011
1789262029,618705313,396.128,robot_2_carried_generic_box,0.689,1.003
1789262029,618735141,396.128,robot_0_carried_generic_box,1.940,0.805
1789262029,868517242,396.378,robot_1,0.666,-2.150
1789262029,868584302,396.378,robot_0,1.932,0.805
1789262029,868623761,396.378,robot_2,0.697,1.021
1789262029,868661276,396.378,robot_2_carried_generic_box,0.692,1.009
1789262029,868693370,396.378,robot_0_carried_generic_box,1.935,0.805
1789262030,79832974,396.589,robot_1,0.665,-2.148
1789262030,79906004,396.589,robot_0,1.932,0.805
1789262030,79942394,396.589,robot_2,0.699,1.025
1789262030,79975089,396.589,robot_2_carried_generic_box,0.696,1.018
1789262030,80000732,396.589,robot_0_carried_generic_box,1.932,0.805
1789262030,301860375,396.811,robot_1,0.665,-2.148
1789262030,316240526,396.825,robot_0,1.932,0.805
1789262030,316320024,396.825,robot_2,0.699,1.025
1789262030,316358893,396.825,robot_2_carried_generic_box,0.698,1.025
1789262030,316388253,396.826,robot_0_carried_generic_box,1.932,0.805
1789262030,555442914,397.065,robot_1,0.665,-2.149
1789262030,561063182,397.070,robot_0,1.932,0.805
1789262030,561167919,397.070,robot_2,0.699,1.025
1789262030,561216144,397.070,robot_2_carried_generic_box,0.699,1.025
1789262030,561255242,397.070,robot_0_carried_generic_box,1.932,0.805
1789262030,784706730,397.294,robot_1,0.665,-2.149
1789262030,784782804,397.294,robot_0,1.932,0.805
1789262030,784822015,397.294,robot_2,0.699,1.027
1789262030,784862279,397.294,robot_2_carried_generic_box,0.699,1.025
1789262030,784888693,397.294,robot_0_carried_generic_box,1.932,0.805
1789262030,987746668,397.497,robot_1,0.665,-2.149
1789262030,987803580,397.497,robot_0,1.932,0.805
1789262030,987839715,397.497,robot_2,0.701,1.035
1789262030,987880643,397.497,robot_2_carried_generic_box,0.699,1.025
1789262030,987908626,397.497,robot_0_carried_generic_box,1.932,0.805
1789262031,216892336,397.726,robot_1,0.665,-2.149
1789262031,216961040,397.726,robot_0,1.932,0.805
1789262031,216996397,397.726,robot_2,0.703,1.041
1789262031,217032309,397.726,robot_2_carried_generic_box,0.701,1.034
1789262031,217061371,397.726,robot_0_carried_generic_box,1.932,0.805
1789262031,458720876,397.968,robot_1,0.665,-2.149
1789262031,458791037,397.968,robot_0,1.933,0.804
1789262031,458829229,397.968,robot_2,0.703,1.041
1789262031,458869652,397.968,robot_2_carried_generic_box,0.703,1.040
1789262031,458903998,397.968,robot_0_carried_generic_box,1.932,0.805
1789262031,687704319,398.197,robot_1,0.665,-2.149
1789262031,687770273,398.197,robot_0,1.933,0.804
1789262031,687803611,398.197,robot_2,0.703,1.041
1789262031,687839914,398.197,robot_2_carried_generic_box,0.703,1.041
1789262031,687872520,398.197,robot_0_carried_generic_box,1.932,0.805
1789262031,943647271,398.453,robot_1,0.665,-2.149
1789262031,943711796,398.453,robot_0,1.933,0.804
1789262031,943741351,398.453,robot_2,0.703,1.041
1789262031,943772473,398.454,robot_2_carried_generic_box,0.703,1.041
1789262031,944646116,398.454,robot_0_carried_generic_box,1.933,0.804
1789262032,156464774,398.666,robot_1,0.664,-2.149
1789262032,156535559,398.666,robot_0,1.933,0.804
1789262032,156570401,398.666,robot_2,0.703,1.041
1789262032,156613070,398.666,robot_2_carried_generic_box,0.703,1.041
1789262032,156646372,398.666,robot_0_carried_generic_box,1.933,0.804
1789262032,360706240,398.870,robot_1,0.664,-2.149
1789262032,360781126,398.870,robot_0,1.933,0.804
1789262032,360813998,398.870,robot_2,0.703,1.041
1789262032,360844070,398.870,robot_2_carried_generic_box,0.703,1.041
1789262032,360867724,398.870,robot_0_carried_generic_box,1.933,0.804
1789262032,608813995,399.118,robot_1,0.664,-2.149
1789262032,608884414,399.118,robot_0,1.933,0.804
1789262032,608928722,399.118,robot_2,0.702,1.041
1789262032,608969950,399.118,robot_2_carried_generic_box,0.703,1.041
1789262032,609004941,399.118,robot_0_carried_generic_box,1.933,0.804
1789262032,832508166,399.342,robot_1,0.664,-2.149
1789262032,832568645,399.342,robot_0,1.933,0.804
1789262032,832597362,399.342,robot_2,0.702,1.041
1789262032,832629299,399.342,robot_2_carried_generic_box,0.703,1.041
1789262032,832656805,399.342,robot_0_carried_generic_box,1.933,0.804
1789262033,52478321,399.562,robot_1,0.664,-2.149
1789262033,52547730,399.562,robot_0,1.933,0.804
1789262033,52584235,399.562,robot_2,0.702,1.041
1789262033,58373857,399.568,robot_2_carried_generic_box,0.702,1.041
1789262033,68985688,399.578,robot_0_carried_generic_box,1.933,0.804
1789262033,293030824,399.802,robot_1,0.664,-2.149
1789262033,315883789,399.825,robot_0,1.932,0.803
1789262033,315988053,399.825,robot_2,0.702,1.041
1789262033,316031052,399.825,robot_2_carried_generic_box,0.702,1.041
1789262033,316056570,399.825,robot_0_carried_generic_box,1.933,0.804
1789262033,529506006,400.039,robot_1,0.664,-2.149
1789262033,529569352,400.039,robot_0,1.927,0.796
1789262033,529600393,400.039,robot_2,0.702,1.041
1789262033,529633285,400.039,robot_2_carried_generic_box,0.702,1.041
1789262033,529658161,400.043,robot_0_carried_generic_box,1.933,0.804
1789262033,745338371,400.254,robot_1,0.664,-2.150
1789262033,745405879,400.255,robot_0,1.923,0.792
1789262033,745435932,400.255,robot_2,0.702,1.041
1789262033,750565297,400.260,robot_2_carried_generic_box,0.702,1.041
1789262033,750695078,400.260,robot_0_carried_generic_box,1.929,0.799
1789262033,980058784,400.489,robot_1,0.664,-2.150
1789262033,980139596,400.489,robot_0,1.921,0.788
1789262033,980180231,400.489,robot_2,0.702,1.041
1789262033,980223579,400.489,robot_2_carried_generic_box,0.702,1.041
1789262033,980259215,400.489,robot_0_carried_generic_box,1.924,0.793
1789262034,208584535,400.718,robot_1,0.664,-2.150
1789262034,208649292,400.718,robot_0,1.918,0.784
1789262034,208685743,400.718,robot_2,0.702,1.041
1789262034,208723476,400.718,robot_2_carried_generic_box,0.702,1.041
1789262034,208752358,400.718,robot_0_carried_generic_box,1.921,0.789
1789262034,451827809,400.961,robot_1,0.664,-2.150
1789262034,451890037,400.961,robot_0,1.918,0.784
1789262034,451932301,400.961,robot_2,0.702,1.041
1789262034,451965926,400.961,robot_2_carried_generic_box,0.702,1.041
1789262034,451992813,400.961,robot_0_carried_generic_box,1.918,0.784
1789262034,662731790,401.172,robot_1,0.666,-2.150
1789262034,662804104,401.172,robot_0,1.918,0.784
1789262034,662845316,401.172,robot_2,0.702,1.041
1789262034,662886568,401.172,robot_2_carried_generic_box,0.702,1.041
1789262034,662928005,401.172,robot_0_carried_generic_box,1.918,0.784
1789262034,882837166,401.392,robot_1,0.674,-2.151
1789262034,882903230,401.392,robot_0,1.919,0.785
1789262034,882942759,401.392,robot_2,0.700,1.042
1789262034,882976189,401.392,robot_2_carried_generic_box,0.702,1.041
1789262034,883003967,401.392,robot_0_carried_generic_box,1.918,0.784
1789262035,122141628,401.631,robot_1,0.675,-2.151
1789262035,122218494,401.631,robot_0,1.924,0.793
1789262035,122251005,401.631,robot_2,0.694,1.051
1789262035,122287789,401.631,robot_2_carried_generic_box,0.702,1.041
1789262035,122315439,401.631,robot_0_carried_generic_box,1.918,0.784
1789262035,336413883,401.846,robot_1,0.668,-2.151
1789262035,336480379,401.846,robot_0,1.924,0.794
1789262035,336517232,401.846,robot_2,0.693,1.054
1789262035,336552974,401.846,robot_2_carried_generic_box,0.697,1.047
1789262035,336583450,401.846,robot_0_carried_generic_box,1.921,0.788
1789262035,600437635,402.110,robot_1,0.664,-2.151
1789262035,600503242,402.110,robot_0,1.923,0.791
1789262035,600541279,402.110,robot_2,0.691,1.055
1789262035,600582012,402.110,robot_2_carried_generic_box,0.693,1.054
1789262035,600616548,402.110,robot_0_carried_generic_box,1.924,0.794
1789262035,829353639,402.338,robot_1,0.664,-2.151
1789262035,829424976,402.339,robot_0,1.922,0.790
1789262035,829456551,402.339,robot_2,0.684,1.065
1789262035,829488264,402.339,robot_2_carried_generic_box,0.692,1.054
1789262035,829516244,402.339,robot_0_carried_generic_box,1.924,0.794
1789262036,64779448,402.574,robot_1,0.663,-2.151
1789262036,64835649,402.574,robot_0,1.922,0.790
1789262036,64865806,402.574,robot_2,0.678,1.073
1789262036,64897547,402.574,robot_2_carried_generic_box,0.687,1.060
1789262036,72389918,402.582,robot_0_carried_generic_box,1.921,0.789
1789262036,270940638,402.780,robot_1,0.655,-2.151
1789262036,271008079,402.780,robot_0,1.919,0.785
1789262036,271046253,402.780,robot_2,0.671,1.082
1789262036,271088879,402.780,robot_2_carried_generic_box,0.683,1.067
1789262036,271123732,402.780,robot_0_carried_generic_box,1.922,0.790
1789262036,529007068,403.038,robot_1,0.647,-2.151
1789262036,529097547,403.038,robot_0,1.913,0.775
1789262036,529132055,403.038,robot_2,0.668,1.085
1789262036,529166277,403.038,robot_2_carried_generic_box,0.672,1.081
1789262036,529192480,403.038,robot_0_carried_generic_box,1.920,0.787
1789262036,783959313,403.293,robot_1,0.646,-2.151
1789262036,784042918,403.293,robot_0,1.907,0.765
1789262036,784084105,403.293,robot_2,0.668,1.085
1789262036,784126673,403.293,robot_2_carried_generic_box,0.669,1.085
1789262036,784161123,403.293,robot_0_carried_generic_box,1.916,0.780
1789262037,12760703,403.522,robot_1,0.646,-2.151
1789262037,12832097,403.522,robot_0,1.901,0.755
1789262037,12871243,403.522,robot_2,0.668,1.085
1789262037,12916072,403.559,robot_2_carried_generic_box,0.668,1.085
1789262037,50352102,403.559,robot_0_carried_generic_box,1.911,0.772
1789262037,248869517,403.758,robot_1,0.646,-2.151
1789262037,261094031,403.770,robot_0,1.896,0.747
1789262037,261172988,403.770,robot_2,0.668,1.085
1789262037,261209686,403.770,robot_2_carried_generic_box,0.668,1.085
1789262037,261237428,403.770,robot_0_carried_generic_box,1.907,0.765
1789262037,465516943,403.975,robot_1,0.646,-2.151
1789262037,465597881,403.975,robot_0,1.894,0.743
1789262037,465637277,403.975,robot_2,0.668,1.085
1789262037,465679228,403.975,robot_2_carried_generic_box,0.668,1.085
1789262037,465719520,403.975,robot_0_carried_generic_box,1.900,0.753
1789262037,698759191,404.208,robot_1,0.646,-2.151
1789262037,698825808,404.208,robot_0,1.894,0.743
1789262037,698857227,404.208,robot_2,0.668,1.085
1789262037,698891068,404.208,robot_2_carried_generic_box,0.668,1.085
1789262037,698915630,404.218,robot_0_carried_generic_box,1.894,0.744
1789262037,913403280,404.423,robot_1,0.646,-2.151
1789262037,913474405,404.423,robot_0,1.894,0.743
1789262037,913511820,404.423,robot_2,0.669,1.085
1789262037,913549918,404.423,robot_2_carried_generic_box,0.668,1.085
1789262037,913573920,404.423,robot_0_carried_generic_box,1.894,0.743
1789262038,137277290,404.646,robot_1,0.646,-2.151
1789262038,137346709,404.646,robot_0,1.894,0.743
1789262038,153045306,404.662,robot_2,0.669,1.085
1789262038,153155027,404.662,robot_2_carried_generic_box,0.669,1.085
1789262038,153199809,404.662,robot_0_carried_generic_box,1.894,0.743
1789262038,375893168,404.885,robot_1,0.646,-2.151
1789262038,375977467,404.885,robot_0,1.894,0.744
1789262038,376019065,404.885,robot_2,0.669,1.085
1789262038,376061464,404.885,robot_2_carried_generic_box,0.669,1.085
1789262038,376096983,404.885,robot_0_carried_generic_box,1.894,0.743
1789262038,578364912,405.087,robot_1,0.646,-2.151
1789262038,578434162,405.089,robot_0,1.894,0.744
1789262038,579791910,405.089,robot_2,0.669,1.085
1789262038,579846796,405.089,robot_2_carried_generic_box,0.669,1.085
1789262038,579883575,405.089,robot_0_carried_generic_box,1.894,0.743
1789262038,812305648,405.321,robot_1,0.646,-2.151
1789262038,812370711,405.321,robot_0,1.893,0.744
1789262038,812400816,405.322,robot_2,0.669,1.085
1789262038,812433810,405.322,robot_2_carried_generic_box,0.669,1.085
1789262038,812459171,405.322,robot_0_carried_generic_box,1.894,0.744
1789262039,24700532,405.534,robot_1,0.646,-2.151
1789262039,24766853,405.534,robot_0,1.893,0.744
1789262039,24804521,405.534,robot_2,0.669,1.085
1789262039,24849451,405.534,robot_2_carried_generic_box,0.669,1.085
1789262039,24881500,405.534,robot_0_carried_generic_box,1.894,0.744
1789262039,280531438,405.790,robot_1,0.646,-2.151
1789262039,280604903,405.790,robot_0,1.893,0.744
1789262039,280637084,405.790,robot_2,0.670,1.081
1789262039,280671870,405.790,robot_2_carried_generic_box,0.669,1.085
1789262039,280699349,405.790,robot_0_carried_generic_box,1.893,0.744
1789262039,482724478,405.992,robot_1,0.646,-2.151
1789262039,482860750,405.992,robot_0,1.893,0.744
1789262039,492187594,406.001,robot_2,0.671,1.074
1789262039,492296695,406.001,robot_2_carried_generic_box,0.669,1.083
1789262039,492334013,406.001,robot_0_carried_generic_box,1.893,0.744
1789262039,710997303,406.220,robot_1,0.646,-2.152
1789262039,711073140,406.220,robot_0,1.893,0.744
1789262039,711105237,406.220,robot_2,0.671,1.076
1789262039,711137827,406.220,robot_2_carried_generic_box,0.670,1.078
1789262039,711165283,406.220,robot_0_carried_generic_box,1.893,0.744
1789262039,924285600,406.433,robot_1,0.647,-2.152
1789262039,924361534,406.433,robot_0,1.893,0.744
1789262039,924396558,406.434,robot_2,0.671,1.087
1789262039,929285668,406.438,robot_2_carried_generic_box,0.671,1.074
1789262039,929356290,406.438,robot_0_carried_generic_box,1.893,0.744
1789262040,171957028,406.681,robot_1,0.647,-2.152
1789262040,172022564,406.681,robot_0,1.893,0.744
1789262040,172055747,406.681,robot_2,0.670,1.090
1789262040,172090009,406.681,robot_2_carried_generic_box,0.671,1.085
1789262040,172115475,406.681,robot_0_carried_generic_box,1.893,0.744
1789262040,401541179,406.911,robot_1,0.647,-2.152
1789262040,401601444,406.911,robot_0,1.893,0.744
1789262040,410953887,406.920,robot_2,0.671,1.090
1789262040,411044562,406.920,robot_2_carried_generic_box,0.671,1.089
1789262040,411077816,406.920,robot_0_carried_generic_box,1.893,0.744
1789262040,666464543,407.176,robot_1,0.639,-2.159
1789262040,666547355,407.176,robot_0,1.893,0.745
1789262040,666584270,407.176,robot_2,0.671,1.101
1789262040,666622938,407.176,robot_2_carried_generic_box,0.671,1.090
1789262040,666652322,407.176,robot_0_carried_generic_box,1.893,0.744
1789262040,860295231,407.369,robot_1,0.635,-2.162
1789262040,860366864,407.369,robot_0,1.893,0.745
1789262040,860401390,407.370,robot_2,0.671,1.102
1789262040,860437476,407.370,robot_2_carried_generic_box,0.671,1.098
1789262040,860466611,407.370,robot_0_carried_generic_box,1.893,0.745
1789262041,80017107,407.589,robot_1,0.635,-2.163
1789262041,80084937,407.589,robot_0,1.893,0.745
1789262041,80123359,407.589,robot_2,0.671,1.102
1789262041,80163580,407.589,robot_2_carried_generic_box,0.671,1.102
1789262041,80197427,407.589,robot_0_carried_generic_box,1.893,0.745
1789262041,310016923,407.819,robot_1,0.633,-2.164
1789262041,310082778,407.819,robot_0,1.893,0.744
1789262041,310112726,407.819,robot_2,0.671,1.102
1789262041,310144498,407.819,robot_2_carried_generic_box,0.671,1.102
1789262041,310168182,407.819,robot_0_carried_generic_box,1.893,0.745
1789262041,522793560,408.032,robot_1,0.628,-2.170
1789262041,522852880,408.032,robot_0,1.893,0.744
1789262041,522885033,408.032,robot_2,0.671,1.102
1789262041,527582735,408.037,robot_2_carried_generic_box,0.671,1.102
1789262041,531768743,408.041,robot_0_carried_generic_box,1.893,0.744
1789262041,750366736,408.260,robot_1,0.624,-2.174
1789262041,750429246,408.260,robot_0,1.893,0.744
1789262041,750463424,408.260,robot_2,0.671,1.102
1789262041,750498798,408.260,robot_2_carried_generic_box,0.671,1.102
1789262041,762479033,408.275,robot_0_carried_generic_box,1.893,0.744
1789262041,995565649,408.505,robot_1,0.614,-2.184
1789262041,995630325,408.505,robot_0,1.893,0.744
1789262041,995666690,408.505,robot_2,0.671,1.102
1789262041,995709232,408.505,robot_2_carried_generic_box,0.671,1.102
1789262041,995740754,408.505,robot_0_carried_generic_box,1.893,0.744
1789262042,292321400,408.801,robot_1,0.604,-2.195
1789262042,292376607,408.802,robot_0,1.893,0.744
1789262042,292408330,408.802,robot_2,0.670,1.102
1789262042,292439347,408.802,robot_2_carried_generic_box,0.671,1.102
1789262042,292464271,408.802,robot_0_carried_generic_box,1.893,0.744
1789262042,528974802,409.038,robot_1,0.596,-2.203
1789262042,529039309,409.038,robot_0,1.893,0.744
1789262042,529068174,409.038,robot_2,0.670,1.102
1789262042,529103863,409.038,robot_2_carried_generic_box,0.670,1.102
1789262042,529135364,409.038,robot_0_carried_generic_box,1.893,0.744
1789262042,769317888,409.278,robot_1,0.590,-2.210
1789262042,769377897,409.279,robot_0,1.893,0.744
1789262042,769411289,409.279,robot_2,0.670,1.102
1789262042,769449483,409.279,robot_2_carried_generic_box,0.670,1.102
1789262042,769478337,409.279,robot_0_carried_generic_box,1.893,0.744
1789262043,18352421,409.528,robot_1,0.589,-2.211
1789262043,18433109,409.528,robot_0,1.894,0.744
1789262043,18472254,409.528,robot_2,0.670,1.102
1789262043,18508309,409.528,robot_2_carried_generic_box,0.670,1.102
1789262043,18535212,409.528,robot_0_carried_generic_box,1.893,0.744
1789262043,275182919,409.784,robot_1,0.589,-2.211
1789262043,275258788,409.784,robot_0,1.894,0.744
1789262043,275295001,409.784,robot_2,0.670,1.102
1789262043,275330604,409.784,robot_2_carried_generic_box,0.670,1.102
1789262043,277396736,409.787,robot_0_carried_generic_box,1.893,0.744
1789262043,508411074,410.018,robot_1,0.589,-2.211
1789262043,508480602,410.018,robot_0,1.894,0.744
1789262043,508518182,410.018,robot_2,0.670,1.102
1789262043,508553134,410.018,robot_2_carried_generic_box,0.670,1.102
1789262043,508578214,410.018,robot_0_carried_generic_box,1.894,0.744
1789262043,739797750,410.249,robot_1,0.589,-2.211
1789262043,739856677,410.249,robot_0,1.894,0.744
1789262043,750898193,410.260,robot_2,0.670,1.102
1789262043,751016793,410.260,robot_2_carried_generic_box,0.670,1.102
1789262043,751059551,410.260,robot_0_carried_generic_box,1.894,0.744
1789262043,964530556,410.474,robot_1,0.589,-2.211
1789262043,970168818,410.479,robot_0,1.892,0.739
1789262043,970247549,410.479,robot_2,0.670,1.102
1789262043,970290624,410.479,robot_2_carried_generic_box,0.670,1.102
1789262043,970320162,410.479,robot_0_carried_generic_box,1.894,0.744
1789262044,176859280,410.686,robot_1,0.589,-2.211
1789262044,176918412,410.686,robot_0,1.887,0.728
1789262044,176960888,410.686,robot_2,0.670,1.102
1789262044,196563983,410.706,robot_2_carried_generic_box,0.670,1.102
1789262044,196684084,410.706,robot_0_carried_generic_box,1.893,0.743
1789262044,386258612,410.895,robot_1,0.589,-2.211
1789262044,386319465,410.895,robot_0,1.886,0.726
1789262044,386350574,410.895,robot_2,0.670,1.101
1789262044,386383580,410.896,robot_2_carried_generic_box,0.670,1.102
1789262044,386412845,410.896,robot_0_carried_generic_box,1.890,0.734
1789262044,640020732,411.149,robot_1,0.589,-2.211
1789262044,640085543,411.149,robot_0,1.884,0.721
1789262044,640120255,411.149,robot_2,0.670,1.101
1789262044,640156399,411.149,robot_2_carried_generic_box,0.670,1.102
1789262044,640184733,411.149,robot_0_carried_generic_box,1.887,0.727
1789262044,867131639,411.376,robot_1,0.589,-2.211
1789262044,867193518,411.376,robot_0,1.881,0.712
1789262044,867229503,411.376,robot_2,0.674,1.097
1789262044,867273867,411.376,robot_2_carried_generic_box,0.670,1.101
1789262044,867304656,411.376,robot_0_carried_generic_box,1.886,0.724
1789262045,77676768,411.587,robot_1,0.589,-2.211
1789262045,77739399,411.587,robot_0,1.877,0.701
1789262045,77772679,411.587,robot_2,0.685,1.087
1789262045,77807036,411.587,robot_2_carried_generic_box,0.673,1.098
1789262045,77834109,411.587,robot_0_carried_generic_box,1.884,0.719
1789262045,293618813,411.803,robot_1,0.589,-2.211
1789262045,293678920,411.803,robot_0,1.876,0.698
1789262045,293711893,411.803,robot_2,0.699,1.073
1789262045,293747780,411.803,robot_2_carried_generic_box,0.677,1.094
1789262045,293777158,411.803,robot_0_carried_generic_box,1.878,0.703
1789262045,495710075,412.005,robot_1,0.589,-2.211
1789262045,495768306,412.005,robot_0,1.876,0.698
1789262045,495802554,412.005,robot_2,0.705,1.068
1789262045,495839638,412.011,robot_2_carried_generic_box,0.687,1.084
1789262045,502106811,412.011,robot_0_carried_generic_box,1.878,0.703
1789262045,723071459,412.232,robot_1,0.589,-2.211
1789262045,723137565,412.232,robot_0,1.876,0.698
1789262045,723178370,412.232,robot_2,0.706,1.067
1789262045,723221495,412.232,robot_2_carried_generic_box,0.704,1.069
1789262045,723257692,412.232,robot_0_carried_generic_box,1.876,0.698
1789262045,924410477,412.434,robot_1,0.589,-2.211
1789262045,924477627,412.434,robot_0,1.876,0.698
1789262045,924520881,412.434,robot_2,0.706,1.067
1789262045,924566705,412.434,robot_2_carried_generic_box,0.705,1.068
1789262045,924605351,412.434,robot_0_carried_generic_box,1.876,0.698
1789262046,148352424,412.657,robot_1,0.590,-2.211
1789262046,148417943,412.658,robot_0,1.876,0.698
1789262046,148449950,412.658,robot_2,0.707,1.066
1789262046,148486078,412.658,robot_2_carried_generic_box,0.706,1.067
1789262046,148512714,412.658,robot_0_carried_generic_box,1.876,0.698
1789262046,441267648,412.951,robot_1,0.590,-2.211
1789262046,441869781,412.951,robot_0,1.876,0.698
1789262046,445135133,412.954,robot_2,0.719,1.056
1789262046,445233636,412.954,robot_2_carried_generic_box,0.707,1.066
1789262046,445275769,412.954,robot_0_carried_generic_box,1.876,0.698
1789262046,667145743,413.176,robot_1,0.590,-2.212
1789262046,667213803,413.176,robot_0,1.876,0.698
1789262046,667246820,413.176,robot_2,0.726,1.050
1789262046,667281241,413.176,robot_2_carried_generic_box,0.716,1.059
1789262046,667311336,413.176,robot_0_carried_generic_box,1.876,0.698
1789262046,924545031,413.434,robot_1,0.590,-2.217
1789262046,924607041,413.434,robot_0,1.876,0.698
1789262046,924639417,413.434,robot_2,0.727,1.049
1789262046,924675691,413.434,robot_2_carried_generic_box,0.723,1.053
1789262046,924705480,413.434,robot_0_carried_generic_box,1.876,0.698
1789262047,131005141,413.640,robot_1,0.590,-2.218
1789262047,131071345,413.640,robot_0,1.876,0.698
1789262047,131109494,413.640,robot_2,0.727,1.049
1789262047,131152529,413.640,robot_2_carried_generic_box,0.727,1.050
1789262047,131187802,413.640,robot_0_carried_generic_box,1.876,0.698
1789262047,335032339,413.844,robot_1,0.590,-2.211
1789262047,335492298,413.845,robot_0,1.875,0.698
1789262047,335806230,413.845,robot_2,0.727,1.049
1789262047,335878904,413.845,robot_2_carried_generic_box,0.727,1.049
1789262047,335919098,413.845,robot_0_carried_generic_box,1.876,0.698
1789262047,537461422,414.047,robot_1,0.590,-2.200
1789262047,537525500,414.047,robot_0,1.875,0.698
1789262047,537563262,414.047,robot_2,0.727,1.049
1789262047,537603398,414.047,robot_2_carried_generic_box,0.727,1.049
1789262047,537636365,414.047,robot_0_carried_generic_box,1.875,0.698
1789262047,765358450,414.274,robot_1,0.590,-2.198
1789262047,765419949,414.275,robot_0,1.875,0.698
1789262047,765455318,414.275,robot_2,0.727,1.049
1789262047,786204748,414.295,robot_2_carried_generic_box,0.727,1.049
1789262047,786350179,414.295,robot_0_carried_generic_box,1.875,0.698
1789262047,973632073,414.483,robot_1,0.590,-2.198
1789262047,973694815,414.483,robot_0,1.875,0.698
1789262047,973729363,414.483,robot_2,0.727,1.049
1789262047,973767182,414.483,robot_2_carried_generic_box,0.727,1.049
1789262047,973792998,414.483,robot_0_carried_generic_box,1.875,0.698
1789262048,218905592,414.728,robot_1,0.590,-2.196
1789262048,218975882,414.728,robot_0,1.875,0.698
1789262048,219007802,414.728,robot_2,0.727,1.049
1789262048,219045508,414.740,robot_2_carried_generic_box,0.727,1.049
1789262048,231083835,414.740,robot_0_carried_generic_box,1.875,0.698
1789262048,423365493,414.933,robot_1,0.590,-2.187
1789262048,423430220,414.933,robot_0,1.875,0.699
1789262048,423467447,414.933,robot_2,0.727,1.049
1789262048,423510328,414.933,robot_2_carried_generic_box,0.727,1.049
1789262048,423543427,414.933,robot_0_carried_generic_box,1.875,0.698
1789262048,655186224,415.164,robot_1,0.590,-2.181
1789262048,655250528,415.164,robot_0,1.875,0.699
1789262048,655289914,415.164,robot_2,0.727,1.049
1789262048,655333242,415.164,robot_2_carried_generic_box,0.727,1.049
1789262048,655367819,415.164,robot_0_carried_generic_box,1.875,0.698
1789262048,880595770,415.390,robot_1,0.589,-2.171
1789262048,880658851,415.390,robot_0,1.875,0.699
1789262048,880698914,415.390,robot_2,0.727,1.049
1789262048,880741187,415.390,robot_2_carried_generic_box,0.727,1.049
1789262048,880775562,415.390,robot_0_carried_generic_box,1.875,0.699
1789262049,107547384,415.617,robot_1,0.589,-2.160
1789262049,107620216,415.617,robot_0,1.875,0.699
1789262049,107659792,415.617,robot_2,0.727,1.049
1789262049,107704878,415.617,robot_2_carried_generic_box,0.727,1.049
1789262049,107740699,415.617,robot_0_carried_generic_box,1.875,0.699
1789262049,326438279,415.836,robot_1,0.589,-2.158
1789262049,326500219,415.836,robot_0,1.875,0.698
1789262049,326532870,415.836,robot_2,0.727,1.049
1789262049,326566185,415.836,robot_2_carried_generic_box,0.727,1.049
1789262049,326591891,415.836,robot_0_carried_generic_box,1.875,0.699
1789262049,536756897,416.046,robot_1,0.589,-2.167
1789262049,536810484,416.046,robot_0,1.875,0.698
1789262049,536837994,416.046,robot_2,0.727,1.049
1789262049,536870773,416.046,robot_2_carried_generic_box,0.727,1.049
1789262049,536900307,416.046,robot_0_carried_generic_box,1.875,0.698
1789262049,741873976,416.251,robot_1,0.590,-2.175
1789262049,746902480,416.256,robot_0,1.875,0.698
1789262049,746987754,416.256,robot_2,0.727,1.048
1789262049,750040488,416.259,robot_2_carried_generic_box,0.727,1.049
1789262049,750127979,416.259,robot_0_carried_generic_box,1.875,0.698
1789262049,984950354,416.494,robot_1,0.590,-2.176
1789262049,985027193,416.494,robot_0,1.875,0.698
1789262049,985061178,416.494,robot_2,0.727,1.048
1789262049,985095556,416.494,robot_2_carried_generic_box,0.727,1.049
1789262049,985124792,416.494,robot_0_carried_generic_box,1.875,0.698
1789262050,214795582,416.724,robot_1,0.590,-2.176
1789262050,214856135,416.724,robot_0,1.875,0.698
1789262050,214887401,416.724,robot_2,0.727,1.048
1789262050,214925960,416.724,robot_2_carried_generic_box,0.727,1.048
1789262050,214952923,416.724,robot_0_carried_generic_box,1.875,0.698
1789262050,430902568,416.940,robot_1,0.590,-2.176
1789262050,430968507,416.940,robot_0,1.876,0.698
1789262050,431006908,416.940,robot_2,0.727,1.048
1789262050,431038810,416.940,robot_2_carried_generic_box,0.727,1.048
1789262050,431065137,416.940,robot_0_carried_generic_box,1.875,0.698
1789262050,644017109,417.153,robot_1,0.589,-2.176
1789262050,644075379,417.153,robot_0,1.876,0.698
1789262050,644104447,417.153,robot_2,0.729,1.048
1789262050,644135684,417.153,robot_2_carried_generic_box,0.727,1.048
1789262050,644160592,417.153,robot_0_carried_generic_box,1.876,0.698
1789262050,870600986,417.380,robot_1,0.589,-2.176
1789262050,870688906,417.380,robot_0,1.876,0.698
1789262050,870730545,417.380,robot_2,0.737,1.049
1789262050,870773678,417.380,robot_2_carried_generic_box,0.727,1.048
1789262050,870809479,417.380,robot_0_carried_generic_box,1.876,0.698
1789262051,76185273,417.585,robot_1,0.589,-2.176
1789262051,76258165,417.585,robot_0,1.876,0.698
1789262051,76296570,417.585,robot_2,0.751,1.051
1789262051,77342912,417.586,robot_2_carried_generic_box,0.732,1.049
1789262051,77410805,417.587,robot_0_carried_generic_box,1.876,0.698
1789262051,284142851,417.793,robot_1,0.589,-2.176
1789262051,284209508,417.793,robot_0,1.876,0.698
1789262051,284246322,417.793,robot_2,0.761,1.053
1789262051,284280448,417.793,robot_2_carried_generic_box,0.735,1.049
1789262051,289664012,417.799,robot_0_carried_generic_box,1.876,0.698
1789262051,496508024,418.006,robot_1,0.589,-2.176
1789262051,496567233,418.006,robot_0,1.876,0.698
1789262051,496600622,418.006,robot_2,0.771,1.055
1789262051,496637369,418.006,robot_2_carried_generic_box,0.759,1.053
1789262051,496662655,418.006,robot_0_carried_generic_box,1.876,0.698
1789262051,715497985,418.225,robot_1,0.589,-2.176
1789262051,715563167,418.225,robot_0,1.876,0.698
1789262051,715599273,418.225,robot_2,0.774,1.055
1789262051,715635927,418.225,robot_2_carried_generic_box,0.759,1.053
1789262051,715663371,418.225,robot_0_carried_generic_box,1.876,0.698
1789262051,950193002,418.459,robot_1,0.589,-2.176
1789262051,950259331,418.459,robot_0,1.876,0.696
1789262051,950299479,418.459,robot_2,0.774,1.055
1789262051,950343399,418.479,robot_2_carried_generic_box,0.774,1.055
1789262051,969761956,418.479,robot_0_carried_generic_box,1.876,0.698
1789262052,213642514,418.723,robot_1,0.589,-2.176
1789262052,213715860,418.723,robot_0,1.873,0.684
1789262052,213748471,418.723,robot_2,0.774,1.055
1789262052,213781070,418.723,robot_2_carried_generic_box,0.774,1.055
1789262052,213807094,418.723,robot_0_carried_generic_box,1.876,0.697
1789262052,399436062,418.909,robot_1,0.588,-2.175
1789262052,399497971,418.909,robot_0,1.873,0.682
1789262052,399527633,418.909,robot_2,0.779,1.056
1789262052,399557436,418.909,robot_2_carried_generic_box,0.774,1.055
1789262052,399581577,418.909,robot_0_carried_generic_box,1.875,0.691
1789262052,633198046,419.142,robot_1,0.588,-2.175
1789262052,647885863,419.157,robot_0,1.873,0.682
1789262052,647971193,419.157,robot_2,0.790,1.059
1789262052,648009710,419.157,robot_2_carried_generic_box,0.775,1.055
1789262052,648037262,419.157,robot_0_carried_generic_box,1.873,0.683
1789262052,854456819,419.364,robot_1,0.588,-2.175
1789262052,854516967,419.364,robot_0,1.873,0.682
1789262052,854547048,419.364,robot_2,0.800,1.061
1789262052,854581147,419.364,robot_2_carried_generic_box,0.779,1.056
1789262052,854607676,419.364,robot_0_carried_generic_box,1.873,0.682
1789262053,78458936,419.588,robot_1,0.588,-2.175
1789262053,78540623,419.588,robot_0,1.873,0.682
1789262053,78580255,419.588,robot_2,0.801,1.061
1789262053,78619891,419.588,robot_2_carried_generic_box,0.794,1.059
1789262053,78647069,419.588,robot_0_carried_generic_box,1.873,0.682
1789262053,298759773,419.808,robot_1,0.588,-2.175
1789262053,298820361,419.808,robot_0,1.873,0.682
1789262053,298853151,419.808,robot_2,0.793,1.059
1789262053,298886181,419.808,robot_2_carried_generic_box,0.799,1.060
1789262053,298911139,419.808,robot_0_carried_generic_box,1.873,0.682
1789262053,500404440,420.010,robot_1,0.588,-2.175
1789262053,500472379,420.021,robot_0,1.873,0.682
1789262053,511633877,420.021,robot_2,0.785,1.058
1789262053,511678485,420.021,robot_2_carried_generic_box,0.796,1.060
1789262053,511708639,420.021,robot_0_carried_generic_box,1.873,0.682
1789262053,729642282,420.239,robot_1,0.588,-2.175
1789262053,729707026,420.239,robot_0,1.873,0.674
1789262053,729746706,420.239,robot_2,0.784,1.058
1789262053,729800931,420.239,robot_2_carried_generic_box,0.795,1.060
1789262053,729837048,420.239,robot_0_carried_generic_box,1.873,0.682
1789262053,931890173,420.441,robot_1,0.588,-2.175
1789262053,931959055,420.441,robot_0,1.873,0.664
1789262053,931992201,420.441,robot_2,0.784,1.058
1789262053,932025405,420.441,robot_2_carried_generic_box,0.784,1.058
1789262053,932049404,420.441,robot_0_carried_generic_box,1.873,0.679
1789262054,174255201,420.683,robot_1,0.588,-2.175
1789262054,174312363,420.683,robot_0,1.873,0.650
1789262054,174342988,420.683,robot_2,0.784,1.058
1789262054,174379163,420.684,robot_2_carried_generic_box,0.784,1.058
1789262054,174407774,420.694,robot_0_carried_generic_box,1.873,0.676
1789262054,414847081,420.924,robot_1,0.588,-2.175
1789262054,414906384,420.927,robot_0,1.873,0.640
1789262054,419022085,420.928,robot_2,0.784,1.058
1789262054,419141309,420.928,robot_2_carried_generic_box,0.784,1.058
1789262054,419176458,420.928,robot_0_carried_generic_box,1.873,0.660
1789262054,623647234,421.133,robot_1,0.589,-2.175
1789262054,623711136,421.133,robot_0,1.873,0.635
1789262054,623746410,421.133,robot_2,0.784,1.058
1789262054,623788755,421.133,robot_2_carried_generic_box,0.784,1.058
1789262054,623822198,421.133,robot_0_carried_generic_box,1.873,0.644
1789262054,824668362,421.334,robot_1,0.589,-2.176
1789262054,824735984,421.334,robot_0,1.873,0.635
1789262054,824764839,421.334,robot_2,0.784,1.058
1789262054,824798146,421.334,robot_2_carried_generic_box,0.784,1.058
1789262054,824824734,421.334,robot_0_carried_generic_box,1.873,0.639
1789262055,49308354,421.558,robot_1,0.589,-2.176
1789262055,49369840,421.558,robot_0,1.873,0.635
1789262055,49398613,421.559,robot_2,0.784,1.058
1789262055,49436377,421.559,robot_2_carried_generic_box,0.784,1.058
1789262055,49463682,421.559,robot_0_carried_generic_box,1.873,0.635
1789262055,269721282,421.779,robot_1,0.589,-2.176
1789262055,269782689,421.779,robot_0,1.873,0.635
1789262055,269818178,421.779,robot_2,0.784,1.058
1789262055,269861089,421.779,robot_2_carried_generic_box,0.784,1.058
1789262055,269894904,421.779,robot_0_carried_generic_box,1.873,0.635
1789262055,508787613,422.018,robot_1,0.589,-2.176
1789262055,508847759,422.032,robot_0,1.873,0.635
1789262055,523246814,422.032,robot_2,0.784,1.058
1789262055,523317810,422.032,robot_2_carried_generic_box,0.784,1.058
1789262055,523358229,422.032,robot_0_carried_generic_box,1.873,0.635
1789262055,709114905,422.218,robot_1,0.589,-2.175
1789262055,709177641,422.243,robot_0,1.873,0.635
1789262055,734237002,422.243,robot_2,0.784,1.058
1789262055,734302190,422.243,robot_2_carried_generic_box,0.784,1.058
1789262055,734336390,422.243,robot_0_carried_generic_box,1.873,0.635
1789262055,987518192,422.497,robot_1,0.590,-2.166
1789262055,987584671,422.497,robot_0,1.873,0.635
1789262055,987613180,422.497,robot_2,0.784,1.059
1789262055,987646306,422.497,robot_2_carried_generic_box,0.784,1.058
1789262055,987678322,422.497,robot_0_carried_generic_box,1.873,0.635
1789262056,208339336,422.717,robot_1,0.590,-2.160
1789262056,208402389,422.718,robot_0,1.873,0.635
1789262056,208435254,422.718,robot_2,0.784,1.059
1789262056,208478662,422.718,robot_2_carried_generic_box,0.784,1.058
1789262056,208512938,422.718,robot_0_carried_generic_box,1.873,0.635
1789262056,457375787,422.967,robot_1,0.590,-2.160
1789262056,457440576,422.967,robot_0,1.873,0.635
1789262056,465432190,422.975,robot_2,0.784,1.059
1789262056,465526814,422.975,robot_2_carried_generic_box,0.784,1.059
1789262056,465561003,422.975,robot_0_carried_generic_box,1.873,0.635
1789262056,660479055,423.197,robot_1,0.590,-2.158
1789262056,687794460,423.197,robot_0,1.873,0.635
1789262056,687845020,423.197,robot_2,0.784,1.059
1789262056,689084826,423.198,robot_2_carried_generic_box,0.784,1.059
1789262056,689165184,423.198,robot_0_carried_generic_box,1.873,0.635
1789262056,893977399,423.403,robot_1,0.590,-2.149
1789262056,894036605,423.403,robot_0,1.873,0.635
1789262056,894062724,423.403,robot_2,0.784,1.059
1789262056,894093555,423.403,robot_2_carried_generic_box,0.784,1.059
1789262056,894118239,423.403,robot_0_carried_generic_box,1.873,0.635
1789262057,108561742,423.618,robot_1,0.589,-2.144
1789262057,108624565,423.618,robot_0,1.874,0.635
1789262057,108658118,423.618,robot_2,0.784,1.059
1789262057,108693766,423.618,robot_2_carried_generic_box,0.784,1.059
1789262057,108721572,423.618,robot_0_carried_generic_box,1.873,0.635
1789262057,317128682,423.826,robot_1,0.589,-2.144
1789262057,317191042,423.826,robot_0,1.874,0.635
1789262057,317218900,423.826,robot_2,0.784,1.059
1789262057,317248656,423.826,robot_2_carried_generic_box,0.784,1.059
1789262057,317274717,423.826,robot_0_carried_generic_box,1.874,0.635
1789262057,561389809,424.071,robot_1,0.589,-2.144
1789262057,561464411,424.071,robot_0,1.874,0.635
1789262057,561501186,424.071,robot_2,0.784,1.059
1789262057,561544074,424.071,robot_2_carried_generic_box,0.784,1.059
1789262057,561578374,424.071,robot_0_carried_generic_box,1.874,0.635
1789262057,799432039,424.309,robot_1,0.589,-2.147
1789262057,799489150,424.325,robot_0,1.874,0.636
1789262057,816435870,424.326,robot_2,0.784,1.059
1789262057,816483047,424.326,robot_2_carried_generic_box,0.784,1.059
1789262057,816510915,424.326,robot_0_carried_generic_box,1.874,0.635
1789262058,22552045,424.532,robot_1,0.589,-2.158
1789262058,22614933,424.532,robot_0,1.874,0.636
1789262058,22655950,424.532,robot_2,0.784,1.059
1789262058,22699557,424.532,robot_2_carried_generic_box,0.784,1.059
1789262058,22733521,424.532,robot_0_carried_generic_box,1.874,0.636
1789262058,228270833,424.737,robot_1,0.589,-2.170
1789262058,228339939,424.737,robot_0,1.874,0.636
1789262058,228372348,424.737,robot_2,0.784,1.059
1789262058,228405975,424.738,robot_2_carried_generic_box,0.784,1.059
1789262058,228432712,424.738,robot_0_carried_generic_box,1.874,0.636
1789262058,435247338,424.944,robot_1,0.589,-2.178
1789262058,435322921,424.944,robot_0,1.874,0.636
1789262058,435360223,424.944,robot_2,0.784,1.059
1789262058,435398416,424.945,robot_2_carried_generic_box,0.784,1.059
1789262058,435426002,424.945,robot_0_carried_generic_box,1.874,0.636
1789262058,651622731,425.161,robot_1,0.589,-2.179
1789262058,651680563,425.161,robot_0,1.874,0.636
1789262058,651709721,425.161,robot_2,0.784,1.059
1789262058,651745419,425.161,robot_2_carried_generic_box,0.784,1.059
1789262058,651772253,425.161,robot_0_carried_generic_box,1.874,0.636
1789262058,879035461,425.388,robot_1,0.589,-2.179
1789262058,879097654,425.388,robot_0,1.874,0.636
1789262058,879133035,425.388,robot_2,0.784,1.059
1789262058,879176662,425.388,robot_2_carried_generic_box,0.784,1.059
1789262058,879209736,425.388,robot_0_carried_generic_box,1.874,0.636
1789262059,86670749,425.596,robot_1,0.589,-2.179
1789262059,86728960,425.596,robot_0,1.875,0.636
1789262059,86756436,425.596,robot_2,0.784,1.059
1789262059,86796535,425.596,robot_2_carried_generic_box,0.784,1.059
1789262059,86829364,425.596,robot_0_carried_generic_box,1.874,0.636
1789262059,288853327,425.798,robot_1,0.589,-2.179
1789262059,289327862,425.798,robot_0,1.875,0.636
1789262059,289362540,425.798,robot_2,0.784,1.059
1789262059,289400368,425.799,robot_2_carried_generic_box,0.784,1.059
1789262059,289427605,425.799,robot_0_carried_generic_box,1.874,0.636
1789262059,523472239,426.033,robot_1,0.589,-2.179
1789262059,523532207,426.033,robot_0,1.875,0.636
1789262059,523570244,426.033,robot_2,0.784,1.059
1789262059,523612796,426.033,robot_2_carried_generic_box,0.784,1.059
1789262059,523642342,426.033,robot_0_carried_generic_box,1.874,0.636
1789262059,743085287,426.252,robot_1,0.589,-2.179
1789262059,743154132,426.252,robot_0,1.875,0.637
1789262059,743188968,426.252,robot_2,0.784,1.058
1789262059,745137136,426.254,robot_2_carried_generic_box,0.784,1.059
1789262059,745214887,426.254,robot_0_carried_generic_box,1.875,0.636
1789262059,959374418,426.469,robot_1,0.589,-2.179
1789262059,959438220,426.469,robot_0,1.875,0.637
1789262059,959474703,426.469,robot_2,0.786,1.058
1789262059,959514697,426.469,robot_2_carried_generic_box,0.784,1.059
1789262059,959550286,426.469,robot_0_carried_generic_box,1.875,0.636
1789262060,193444141,426.703,robot_1,0.589,-2.179
1789262060,193504513,426.703,robot_0,1.875,0.637
1789262060,193532641,426.703,robot_2,0.794,1.059
1789262060,193568507,426.703,robot_2_carried_generic_box,0.784,1.058
1789262060,193597336,426.703,robot_0_carried_generic_box,1.875,0.637
1789262060,399249910,426.908,robot_1,0.589,-2.179
1789262060,399324144,426.908,robot_0,1.875,0.637
1789262060,399363230,426.908,robot_2,0.799,1.059
1789262060,399407807,426.909,robot_2_carried_generic_box,0.784,1.058
1789262060,399446697,426.909,robot_0_carried_generic_box,1.875,0.637
1789262060,616275380,427.125,robot_1,0.589,-2.179
1789262060,616341122,427.125,robot_0,1.875,0.637
1789262060,616371873,427.125,robot_2,0.800,1.059
1789262060,616409493,427.126,robot_2_carried_generic_box,0.792,1.059
1789262060,616436581,427.126,robot_0_carried_generic_box,1.875,0.637
1789262060,820876983,427.330,robot_1,0.589,-2.179
1789262060,820946548,427.330,robot_0,1.875,0.637
1789262060,820977061,427.330,robot_2,0.803,1.059
1789262060,821019406,427.330,robot_2_carried_generic_box,0.799,1.059
1789262060,821050556,427.330,robot_0_carried_generic_box,1.875,0.637
1789262061,79913295,427.589,robot_1,0.589,-2.179
1789262061,79991369,427.589,robot_0,1.877,0.637
1789262061,80024914,427.589,robot_2,0.819,1.061
1789262061,80064942,427.589,robot_2_carried_generic_box,0.800,1.059
1789262061,80096510,427.589,robot_0_carried_generic_box,1.875,0.637
1789262061,325346601,427.834,robot_1,0.590,-2.179
1789262061,325411492,427.835,robot_0,1.885,0.636
1789262061,325448526,427.835,robot_2,0.834,1.062
1789262061,325492352,427.858,robot_2_carried_generic_box,0.808,1.060
1789262061,349429076,427.859,robot_0_carried_generic_box,1.875,0.637
1789262061,545527896,428.055,robot_1,0.590,-2.179
1789262061,545589965,428.055,robot_0,1.887,0.635
1789262061,548897528,428.058,robot_2,0.841,1.063
1789262061,548979540,428.061,robot_2_carried_generic_box,0.828,1.061
1789262061,552130606,428.061,robot_0_carried_generic_box,1.878,0.637
1789262061,792230890,428.301,robot_1,0.590,-2.179
1789262061,792296566,428.301,robot_0,1.887,0.635
1789262061,792333119,428.301,robot_2,0.844,1.063
1789262061,792376296,428.302,robot_2_carried_generic_box,0.839,1.063
1789262061,792409998,428.302,robot_0_carried_generic_box,1.887,0.635
1789262062,28289954,428.537,robot_1,0.590,-2.179
1789262062,28344765,428.537,robot_0,1.892,0.635
1789262062,28373275,428.537,robot_2,0.852,1.064
1789262062,28406447,428.538,robot_2_carried_generic_box,0.842,1.063
1789262062,28431984,428.538,robot_0_carried_generic_box,1.887,0.635
1789262062,228772470,428.738,robot_1,0.590,-2.178
1789262062,228844626,428.738,robot_0,1.903,0.634
1789262062,228879556,428.738,robot_2,0.858,1.064
1789262062,228928582,428.738,robot_2_carried_generic_box,0.851,1.064
1789262062,228957207,428.738,robot_0_carried_generic_box,1.890,0.635
1789262062,500846479,429.010,robot_1,0.582,-2.170
1789262062,500926138,429.010,robot_0,1.919,0.633
1789262062,500960669,429.010,robot_2,0.858,1.064
1789262062,501000793,429.010,robot_2_carried_generic_box,0.854,1.064
1789262062,501036370,429.010,robot_0_carried_generic_box,1.895,0.635
1789262062,768687893,429.278,robot_1,0.579,-2.167
1789262062,768748269,429.278,robot_0,1.930,0.633
1789262062,768778614,429.278,robot_2,0.858,1.064
1789262062,768811061,429.278,robot_2_carried_generic_box,0.858,1.064
1789262062,768839334,429.278,robot_0_carried_generic_box,1.911,0.634
1789262063,2022196,429.511,robot_1,0.580,-2.167
1789262063,2089790,429.511,robot_0,1.931,0.633
1789262063,2126873,429.511,robot_2,0.858,1.064
1789262063,2170301,429.511,robot_2_carried_generic_box,0.858,1.064
1789262063,2205240,429.511,robot_0_carried_generic_box,1.923,0.633
1789262063,253042258,429.762,robot_1,0.575,-2.162
1789262063,253101233,429.762,robot_0,1.940,0.633
1789262063,253136216,429.762,robot_2,0.858,1.064
1789262063,253177992,429.762,robot_2_carried_generic_box,0.858,1.064
1789262063,253212670,429.762,robot_0_carried_generic_box,1.931,0.633
1789262063,503110643,430.012,robot_1,0.571,-2.159
1789262063,503176086,430.016,robot_0,1.942,0.633
1789262063,507034624,430.016,robot_2,0.858,1.064
1789262063,507093370,430.016,robot_2_carried_generic_box,0.858,1.064
1789262063,507127734,430.016,robot_0_carried_generic_box,1.937,0.633
1789262063,710032702,430.219,robot_1,0.571,-2.159
1789262063,710102390,430.219,robot_0,1.941,0.633
1789262063,710137388,430.219,robot_2,0.858,1.064
1789262063,710179163,430.219,robot_2_carried_generic_box,0.858,1.064
1789262063,710214158,430.219,robot_0_carried_generic_box,1.942,0.633
1789262063,951585337,430.461,robot_1,0.571,-2.159
1789262063,951651122,430.461,robot_0,1.941,0.633
1789262063,951685804,430.461,robot_2,0.858,1.064
1789262063,951723562,430.461,robot_2_carried_generic_box,0.858,1.064
1789262063,951755352,430.461,robot_0_carried_generic_box,1.942,0.633
1789262064,175278228,430.684,robot_1,0.575,-2.162
1789262064,175359696,430.684,robot_0,1.941,0.633
1789262064,175393292,430.685,robot_2,0.858,1.064
1789262064,175429632,430.685,robot_2_carried_generic_box,0.858,1.064
1789262064,175461343,430.685,robot_0_carried_generic_box,1.941,0.633
1789262064,423244363,430.932,robot_1,0.586,-2.170
1789262064,423300832,430.932,robot_0,1.941,0.633
1789262064,423332505,430.932,robot_2,0.858,1.064
1789262064,423367004,430.932,robot_2_carried_generic_box,0.858,1.064
1789262064,423393702,430.933,robot_0_carried_generic_box,1.941,0.633
1789262064,638425896,431.148,robot_1,0.596,-2.179
1789262064,638489460,431.148,robot_0,1.941,0.633
1789262064,638518119,431.148,robot_2,0.858,1.064
1789262064,638549040,431.148,robot_2_carried_generic_box,0.858,1.064
1789262064,638573391,431.148,robot_0_carried_generic_box,1.941,0.633
1789262064,879913323,431.389,robot_1,0.601,-2.182
1789262064,879997537,431.389,robot_0,1.941,0.633
1789262064,880028404,431.389,robot_2,0.858,1.064
1789262064,880064393,431.389,robot_2_carried_generic_box,0.858,1.064
1789262064,880092613,431.389,robot_0_carried_generic_box,1.941,0.633
1789262065,99842704,431.609,robot_1,0.601,-2.182
1789262065,99905884,431.617,robot_0,1.941,0.633
1789262065,108193781,431.617,robot_2,0.858,1.064
1789262065,108270432,431.617,robot_2_carried_generic_box,0.858,1.064
1789262065,108303371,431.617,robot_0_carried_generic_box,1.941,0.633
1789262065,340350895,431.849,robot_1,0.601,-2.182
1789262065,340408294,431.850,robot_0,1.941,0.633
1789262065,340436789,431.850,robot_2,0.858,1.063
1789262065,340471755,431.850,robot_2_carried_generic_box,0.858,1.064
1789262065,340499772,431.850,robot_0_carried_generic_box,1.941,0.633
1789262065,552126306,432.061,robot_1,0.601,-2.182
1789262065,552189511,432.061,robot_0,1.941,0.633
1789262065,552219695,432.061,robot_2,0.858,1.063
1789262065,552256987,432.061,robot_2_carried_generic_box,0.858,1.064
1789262065,552282647,432.061,robot_0_carried_generic_box,1.941,0.633
1789262065,767313150,432.276,robot_1,0.601,-2.182
1789262065,767376486,432.277,robot_0,1.941,0.633
1789262065,767410473,432.277,robot_2,0.858,1.063
1789262065,767450467,432.277,robot_2_carried_generic_box,0.858,1.063
1789262065,782472871,432.292,robot_0_carried_generic_box,1.941,0.633
1789262065,982556487,432.492,robot_1,0.601,-2.182
1789262065,982633334,432.492,robot_0,1.941,0.633
1789262065,982667450,432.492,robot_2,0.858,1.063
1789262065,982704384,432.492,robot_2_carried_generic_box,0.858,1.063
1789262065,982737369,432.492,robot_0_carried_generic_box,1.941,0.633
1789262066,203386201,432.713,robot_1,0.601,-2.182
1789262066,210010523,432.719,robot_0,1.941,0.634
1789262066,210319936,432.719,robot_2,0.858,1.063
1789262066,210364270,432.719,robot_2_carried_generic_box,0.858,1.063
1789262066,210393373,432.720,robot_0_carried_generic_box,1.941,0.633
1789262066,467148976,432.976,robot_1,0.600,-2.182
1789262066,467214628,432.976,robot_0,1.941,0.634
1789262066,467247061,432.976,robot_2,0.860,1.066
1789262066,467285940,432.976,robot_2_carried_generic_box,0.858,1.063
1789262066,467316692,432.976,robot_0_carried_generic_box,1.941,0.634
1789262066,668482931,433.178,robot_1,0.600,-2.182
1789262066,668540778,433.178,robot_0,1.941,0.634
1789262066,668571925,433.178,robot_2,0.865,1.074
1789262066,668608160,433.178,robot_2_carried_generic_box,0.859,1.064
1789262066,668635443,433.178,robot_0_carried_generic_box,1.941,0.634
1789262066,933907109,433.449,robot_1,0.600,-2.183
1789262066,939525502,433.449,robot_0,1.941,0.634
1789262066,939575366,433.449,robot_2,0.867,1.076
1789262066,939613549,433.449,robot_2_carried_generic_box,0.863,1.070
1789262066,939646454,433.449,robot_0_carried_generic_box,1.941,0.634
1789262067,186025307,433.695,robot_1,0.600,-2.183
1789262067,186083790,433.695,robot_0,1.941,0.634
1789262067,186111157,433.695,robot_2,0.867,1.075
1789262067,186144324,433.695,robot_2_carried_generic_box,0.867,1.076
1789262067,186171247,433.695,robot_0_carried_generic_box,1.941,0.634
1789262067,402042797,433.911,robot_1,0.600,-2.183
1789262067,402103622,433.911,robot_0,1.941,0.634
1789262067,402136114,433.911,robot_2,0.864,1.069
1789262067,402176640,433.911,robot_2_carried_generic_box,0.867,1.076
1789262067,402204324,433.911,robot_0_carried_generic_box,1.941,0.634
1789262067,631643301,434.141,robot_1,0.598,-2.178
1789262067,631710706,434.141,robot_0,1.941,0.635
1789262067,631746359,434.141,robot_2,0.862,1.065
1789262067,631791813,434.141,robot_2_carried_generic_box,0.866,1.074
1789262067,631825110,434.141,robot_0_carried_generic_box,1.941,0.634
1789262067,848558410,434.358,robot_1,0.595,-2.172
1789262067,850197278,434.359,robot_0,1.945,0.639
1789262067,850263384,434.359,robot_2,0.861,1.063
1789262067,850303283,434.359,robot_2_carried_generic_box,0.863,1.068
1789262067,850338549,434.359,robot_0_carried_generic_box,1.941,0.634
1789262068,81271092,434.590,robot_1,0.594,-2.168
1789262068,81329473,434.590,robot_0,1.953,0.647
1789262068,81357724,434.590,robot_2,0.860,1.059
1789262068,81396540,434.591,robot_2_carried_generic_box,0.862,1.064
1789262068,81423086,434.591,robot_0_carried_generic_box,1.944,0.638
1789262068,299637991,434.809,robot_1,0.594,-2.170
1789262068,299703973,434.809,robot_0,1.958,0.653
1789262068,299733229,434.809,robot_2,0.859,1.057
1789262068,299765642,434.809,robot_2_carried_generic_box,0.860,1.061
1789262068,299792371,434.809,robot_0_carried_generic_box,1.948,0.642
1789262068,516213318,435.025,robot_1,0.597,-2.181
1789262068,516295202,435.025,robot_0,1.959,0.654
1789262068,516337497,435.025,robot_2,0.854,1.045
1789262068,516378355,435.026,robot_2_carried_generic_box,0.860,1.059
1789262068,516413229,435.026,robot_0_carried_generic_box,1.957,0.651
1789262068,739531977,435.249,robot_1,0.599,-2.188
1789262068,739591660,435.249,robot_0,1.959,0.654
1789262068,739623766,435.249,robot_2,0.852,1.041
1789262068,739659725,435.249,robot_2_carried_generic_box,0.856,1.049
1789262068,739691915,435.249,robot_0_carried_generic_box,1.959,0.654
1789262068,979816309,435.489,robot_1,0.602,-2.200
1789262068,979877017,435.489,robot_0,1.959,0.654
1789262068,979909459,435.489,robot_2,0.852,1.040
1789262069,1719137,435.511,robot_2_carried_generic_box,0.853,1.042
1789262069,1789834,435.511,robot_0_carried_generic_box,1.959,0.654
1789262069,200489007,435.710,robot_1,0.602,-2.202
1789262069,200551664,435.710,robot_0,1.959,0.654
1789262069,200582086,435.710,robot_2,0.850,1.036
1789262069,200615404,435.710,robot_2_carried_generic_box,0.852,1.041
1789262069,200638840,435.710,robot_0_carried_generic_box,1.959,0.654
1789262069,419089076,435.928,robot_1,0.602,-2.202
1789262069,419147917,435.928,robot_0,1.959,0.654
1789262069,419176139,435.928,robot_2,0.847,1.027
1789262069,419210085,435.928,robot_2_carried_generic_box,0.852,1.040
1789262069,419235814,435.928,robot_0_carried_generic_box,1.959,0.654
1789262069,642001691,436.151,robot_1,0.602,-2.202
1789262069,642059556,436.151,robot_0,1.959,0.654
1789262069,642090684,436.151,robot_2,0.842,1.014
1789262069,642122072,436.151,robot_2_carried_generic_box,0.849,1.032
1789262069,642149348,436.151,robot_0_carried_generic_box,1.959,0.654
1789262069,885723587,436.395,robot_1,0.602,-2.202
1789262069,885787195,436.395,robot_0,1.960,0.654
1789262069,885818702,436.395,robot_2,0.841,1.011
1789262069,885853706,436.395,robot_2_carried_generic_box,0.845,1.021
1789262069,885883222,436.395,robot_0_carried_generic_box,1.959,0.654
1789262070,103997063,436.613,robot_1,0.602,-2.202
1789262070,104060981,436.613,robot_0,1.960,0.654
1789262070,104099158,436.613,robot_2,0.841,1.011
1789262070,104142091,436.613,robot_2_carried_generic_box,0.841,1.011
1789262070,104177579,436.613,robot_0_carried_generic_box,1.959,0.654
1789262070,307543215,436.817,robot_1,0.602,-2.202
1789262070,307610202,436.817,robot_0,1.960,0.654
1789262070,307651519,436.817,robot_2,0.841,1.011
1789262070,307694938,436.817,robot_2_carried_generic_box,0.841,1.011
1789262070,307731327,436.817,robot_0_carried_generic_box,1.960,0.654
1789262070,561829765,437.071,robot_1,0.602,-2.202
1789262070,561942073,437.071,robot_0,1.959,0.653
1789262070,561983236,437.071,robot_2,0.841,1.011
1789262070,562021601,437.071,robot_2_carried_generic_box,0.841,1.011
1789262070,562048291,437.071,robot_0_carried_generic_box,1.960,0.654
1789262070,753932644,437.263,robot_1,0.603,-2.202
1789262070,753999784,437.263,robot_0,1.951,0.648
1789262070,754040712,437.263,robot_2,0.841,1.011
1789262070,754084155,437.263,robot_2_carried_generic_box,0.841,1.011
1789262070,754119138,437.263,robot_0_carried_generic_box,1.960,0.654
1789262070,963847971,437.473,robot_1,0.603,-2.202
1789262070,963916359,437.473,robot_0,1.940,0.642
1789262070,963954786,437.473,robot_2,0.841,1.011
1789262070,963990648,437.473,robot_2_carried_generic_box,0.841,1.011
1789262070,964017110,437.473,robot_0_carried_generic_box,1.956,0.651
1789262071,196477063,437.706,robot_1,0.603,-2.202
1789262071,196543578,437.706,robot_0,1.930,0.636
1789262071,196575894,437.706,robot_2,0.841,1.011
1789262071,196612698,437.706,robot_2_carried_generic_box,0.841,1.011
1789262071,196645925,437.706,robot_0_carried_generic_box,1.945,0.645
1789262071,422858614,437.932,robot_1,0.603,-2.202
1789262071,422917876,437.940,robot_0,1.920,0.631
1789262071,431377824,437.941,robot_2,0.841,1.011
1789262071,431431254,437.941,robot_2_carried_generic_box,0.841,1.011
1789262071,431463260,437.941,robot_0_carried_generic_box,1.935,0.639
1789262071,629022620,438.138,robot_1,0.603,-2.202
1789262071,629080151,438.138,robot_0,1.912,0.627
1789262071,629110389,438.138,robot_2,0.840,1.011
1789262071,629156904,438.138,robot_2_carried_generic_box,0.841,1.011
1789262071,629188208,438.138,robot_0_carried_generic_box,1.925,0.634
1789262071,846818195,438.356,robot_1,0.603,-2.202
1789262071,846876150,438.356,robot_0,1.910,0.626
1789262071,846903291,438.356,robot_2,0.841,1.011
1789262071,846950082,438.356,robot_2_carried_generic_box,0.841,1.011
1789262071,846978846,438.356,robot_0_carried_generic_box,1.920,0.631
1789262072,49222287,438.558,robot_1,0.603,-2.202
1789262072,49281326,438.558,robot_0,1.910,0.626
1789262072,49313898,438.558,robot_2,0.845,1.015
1789262072,49352992,438.558,robot_2_carried_generic_box,0.840,1.011
1789262072,49383398,438.559,robot_0_carried_generic_box,1.910,0.626
1789262072,281660811,438.791,robot_1,0.603,-2.202
1789262072,281734596,438.791,robot_0,1.910,0.626
1789262072,281764434,438.791,robot_2,0.848,1.019
1789262072,281797601,438.791,robot_2_carried_generic_box,0.841,1.011
1789262072,281825963,438.791,robot_0_carried_generic_box,1.910,0.626
1789262072,493104141,439.002,robot_1,0.603,-2.202
1789262072,493161324,439.002,robot_0,1.910,0.626
1789262072,493191025,439.002,robot_2,0.848,1.020
1789262072,493227758,439.002,robot_2_carried_generic_box,0.848,1.019
1789262072,493256769,439.002,robot_0_carried_generic_box,1.910,0.626
1789262072,702816605,439.212,robot_1,0.603,-2.201
1789262072,702874477,439.212,robot_0,1.910,0.626
1789262072,702903425,439.212,robot_2,0.848,1.020
1789262072,724848309,439.234,robot_2_carried_generic_box,0.849,1.019
1789262072,724953822,439.234,robot_0_carried_generic_box,1.910,0.626
1789262072,916683597,439.448,robot_1,0.601,-2.199
1789262072,939056067,439.448,robot_0,1.910,0.626
1789262072,939105841,439.448,robot_2,0.848,1.020
1789262072,939146653,439.448,robot_2_carried_generic_box,0.848,1.020
1789262072,939179942,439.448,robot_0_carried_generic_box,1.910,0.626
1789262073,116863515,439.626,robot_1,0.591,-2.193
1789262073,116938318,439.626,robot_0,1.910,0.626
1789262073,116967645,439.626,robot_2,0.848,1.020
1789262073,117004265,439.626,robot_2_carried_generic_box,0.848,1.020
1789262073,117034322,439.626,robot_0_carried_generic_box,1.910,0.626
1789262073,369418668,439.879,robot_1,0.579,-2.185
1789262073,369481376,439.879,robot_0,1.910,0.626
1789262073,369514957,439.879,robot_2,0.848,1.020
1789262073,369553791,439.879,robot_2_carried_generic_box,0.848,1.020
1789262073,369578460,439.879,robot_0_carried_generic_box,1.910,0.626
1789262073,589814480,440.099,robot_1,0.570,-2.179
1789262073,589875685,440.099,robot_0,1.910,0.626
1789262073,589897903,440.099,robot_2,0.848,1.020
1789262073,589935667,440.099,robot_2_carried_generic_box,0.848,1.020
1789262073,589958704,440.099,robot_0_carried_generic_box,1.910,0.626
1789262073,832335804,440.341,robot_1,0.566,-2.177
1789262073,832429509,440.342,robot_0,1.910,0.626
1789262073,832465607,440.342,robot_2,0.848,1.020
1789262073,832501049,440.342,robot_2_carried_generic_box,0.848,1.020
1789262073,832524979,440.342,robot_0_carried_generic_box,1.910,0.626
1789262074,34100885,440.543,robot_1,0.566,-2.177
1789262074,34156837,440.543,robot_0,1.909,0.626
1789262074,34181149,440.543,robot_2,0.848,1.020
1789262074,34214642,440.543,robot_2_carried_generic_box,0.848,1.020
1789262074,34239637,440.561,robot_0_carried_generic_box,1.910,0.626
1789262074,270527889,440.780,robot_1,0.567,-2.177
1789262074,270587893,440.780,robot_0,1.909,0.626
1789262074,270618499,440.780,robot_2,0.848,1.020
1789262074,270651687,440.780,robot_2_carried_generic_box,0.848,1.020
1789262074,270678520,440.780,robot_0_carried_generic_box,1.909,0.626
1789262074,487202655,440.996,robot_1,0.573,-2.180
1789262074,487283676,440.996,robot_0,1.909,0.626
1789262074,487324195,440.996,robot_2,0.848,1.020
1789262074,487368565,440.996,robot_2_carried_generic_box,0.848,1.020
1789262074,487395348,440.997,robot_0_carried_generic_box,1.909,0.626
1789262074,746445155,441.256,robot_1,0.577,-2.182
1789262074,746506050,441.256,robot_0,1.909,0.626
1789262074,746539338,441.256,robot_2,0.848,1.020
1789262074,746574377,441.256,robot_2_carried_generic_box,0.848,1.020
1789262074,746601719,441.256,robot_0_carried_generic_box,1.909,0.626
1789262074,956340310,441.465,robot_1,0.577,-2.182
1789262074,956414983,441.466,robot_0,1.909,0.627
1789262074,956452780,441.466,robot_2,0.848,1.020
1789262074,956497940,441.466,robot_2_carried_generic_box,0.848,1.020
1789262074,956529775,441.466,robot_0_carried_generic_box,1.909,0.626
1789262075,176687745,441.686,robot_1,0.573,-2.180
1789262075,176752770,441.686,robot_0,1.909,0.627
1789262075,176786668,441.686,robot_2,0.848,1.020
1789262075,176826683,441.686,robot_2_carried_generic_box,0.848,1.020
1789262075,176863791,441.686,robot_0_carried_generic_box,1.909,0.627
1789262075,419672581,441.929,robot_1,0.565,-2.176
1789262075,419734666,441.929,robot_0,1.909,0.627
1789262075,419764448,441.929,robot_2,0.848,1.020
1789262075,419797350,441.929,robot_2_carried_generic_box,0.848,1.020
1789262075,419822614,441.929,robot_0_carried_generic_box,1.909,0.627
1789262075,640304619,442.149,robot_1,0.563,-2.175
1789262075,640367503,442.149,robot_0,1.909,0.627
1789262075,640398889,442.150,robot_2,0.849,1.020
1789262075,640436374,442.150,robot_2_carried_generic_box,0.848,1.020
1789262075,640467373,442.172,robot_0_carried_generic_box,1.909,0.627
1789262075,868491590,442.378,robot_1,0.568,-2.177
1789262075,868553086,442.378,robot_0,1.908,0.627
1789262075,868588275,442.378,robot_2,0.849,1.020
1789262075,868628971,442.378,robot_2_carried_generic_box,0.849,1.020
1789262075,868664851,442.378,robot_0_carried_generic_box,1.909,0.627
1789262076,78487207,442.588,robot_1,0.573,-2.180
1789262076,78550460,442.588,robot_0,1.908,0.627
1789262076,78582577,442.588,robot_2,0.849,1.019
1789262076,78622879,442.588,robot_2_carried_generic_box,0.849,1.020
1789262076,78653703,442.588,robot_0_carried_generic_box,1.909,0.627
1789262076,315427145,442.825,robot_1,0.574,-2.181
1789262076,332328087,442.841,robot_0,1.908,0.627
1789262076,332403162,442.842,robot_2,0.849,1.019
1789262076,332442254,442.842,robot_2_carried_generic_box,0.849,1.020
1789262076,332794267,442.842,robot_0_carried_generic_box,1.908,0.627
1789262076,538417167,443.048,robot_1,0.574,-2.181
1789262076,538490876,443.048,robot_0,1.908,0.627
1789262076,538526521,443.048,robot_2,0.849,1.019
1789262076,538569204,443.048,robot_2_carried_generic_box,0.849,1.019
1789262076,538604021,443.048,robot_0_carried_generic_box,1.908,0.627
1789262076,779613579,443.289,robot_1,0.574,-2.181
1789262076,779666845,443.289,robot_0,1.907,0.621
1789262076,779696594,443.289,robot_2,0.849,1.020
1789262076,779731174,443.289,robot_2_carried_generic_box,0.849,1.019
1789262076,779758339,443.289,robot_0_carried_generic_box,1.908,0.627
1789262076,989718602,443.499,robot_1,0.574,-2.181
1789262076,989778605,443.499,robot_0,1.905,0.613
1789262076,989803598,443.499,robot_2,0.850,1.024
1789262076,989833768,443.499,robot_2_carried_generic_box,0.849,1.019
1789262076,989855759,443.499,robot_0_carried_generic_box,1.907,0.624
1789262077,230718744,443.740,robot_1,0.574,-2.180
1789262077,230776807,443.740,robot_0,1.905,0.611
1789262077,230802438,443.740,robot_2,0.855,1.039
1789262077,230837022,443.740,robot_2_carried_generic_box,0.850,1.023
1789262077,230865122,443.740,robot_0_carried_generic_box,1.907,0.621
1789262077,458760302,443.968,robot_1,0.574,-2.180
1789262077,458818549,443.968,robot_0,1.905,0.614
1789262077,458844692,443.968,robot_2,0.858,1.049
1789262077,458879721,443.968,robot_2_carried_generic_box,0.854,1.036
1789262077,458908556,443.968,robot_0_carried_generic_box,1.905,0.612
1789262077,674543037,444.184,robot_1,0.574,-2.180
1789262077,674611758,444.184,robot_0,1.906,0.620
1789262077,674641681,444.184,robot_2,0.860,1.061
1789262077,674680379,444.184,robot_2_carried_generic_box,0.856,1.044
1789262077,674709155,444.184,robot_0_carried_generic_box,1.905,0.612
1789262077,882149952,444.391,robot_1,0.574,-2.180
1789262077,882237634,444.391,robot_0,1.905,0.618
1789262077,882267840,444.391,robot_2,0.861,1.063
1789262077,882299867,444.391,robot_2_carried_generic_box,0.857,1.045
1789262077,882324486,444.391,robot_0_carried_generic_box,1.905,0.617
1789262078,81119384,444.590,robot_1,0.574,-2.180
1789262078,81187845,444.590,robot_0,1.905,0.616
1789262078,81223656,444.590,robot_2,0.861,1.063
1789262078,90345363,444.600,robot_2_carried_generic_box,0.861,1.063
1789262078,90447541,444.600,robot_0_carried_generic_box,1.906,0.620
1789262078,311877759,444.821,robot_1,0.574,-2.180
1789262078,311953875,444.821,robot_0,1.905,0.619
1789262078,311988628,444.821,robot_2,0.860,1.056
1789262078,313776970,444.823,robot_2_carried_generic_box,0.861,1.063
1789262078,313872881,444.823,robot_0_carried_generic_box,1.905,0.616
1789262078,535777110,445.045,robot_1,0.574,-2.180
1789262078,535838216,445.045,robot_0,1.906,0.628
1789262078,535867803,445.045,robot_2,0.859,1.054
1789262078,535902469,445.045,robot_2_carried_generic_box,0.860,1.060
1789262078,540232601,445.049,robot_0_carried_generic_box,1.905,0.616
1789262078,741391876,445.251,robot_1,0.574,-2.180
1789262078,741453376,445.251,robot_0,1.907,0.632
1789262078,741481224,445.251,robot_2,0.860,1.057
1789262078,741522112,445.251,robot_2_carried_generic_box,0.859,1.054
1789262078,741550341,445.251,robot_0_carried_generic_box,1.906,0.627
1789262078,999412374,445.509,robot_1,0.574,-2.179
1789262078,999477279,445.509,robot_0,1.907,0.631
1789262078,999505486,445.509,robot_2,0.861,1.068
1789262078,999538659,445.509,robot_2_carried_generic_box,0.859,1.054
1789262078,999568301,445.509,robot_0_carried_generic_box,1.907,0.632
1789262079,223441486,445.733,robot_1,0.574,-2.179
1789262079,223502784,445.733,robot_0,1.907,0.636
1789262079,223531641,445.733,robot_2,0.864,1.088
1789262079,223564161,445.733,robot_2_carried_generic_box,0.860,1.058
1789262079,223596454,445.733,robot_0_carried_generic_box,1.907,0.632
1789262079,462352282,445.971,robot_1,0.574,-2.179
1789262079,462415506,445.972,robot_0,1.908,0.645
1789262079,462450137,445.972,robot_2,0.866,1.097
1789262079,462489218,445.972,robot_2_carried_generic_box,0.864,1.082
1789262079,462521309,445.972,robot_0_carried_generic_box,1.907,0.631
1789262079,689866276,446.199,robot_1,0.574,-2.179
1789262079,709662022,446.219,robot_0,1.908,0.647
1789262079,709765236,446.219,robot_2,0.866,1.098
1789262079,709816982,446.219,robot_2_carried_generic_box,0.864,1.088
1789262079,709855246,446.219,robot_0_carried_generic_box,1.908,0.642
1789262079,924590633,446.434,robot_1,0.574,-2.179
1789262079,924668087,446.434,robot_0,1.908,0.647
1789262079,924708436,446.434,robot_2,0.865,1.090
1789262079,924752181,446.434,robot_2_carried_generic_box,0.866,1.099
1789262079,924781097,446.434,robot_0_carried_generic_box,1.908,0.647
1789262080,131099334,446.640,robot_1,0.574,-2.179
1789262080,131163949,446.640,robot_0,1.908,0.647
1789262080,131204422,446.640,robot_2,0.864,1.083
1789262080,131247342,446.640,robot_2_carried_generic_box,0.866,1.096
1789262080,131281970,446.640,robot_0_carried_generic_box,1.908,0.647
1789262080,373209647,446.882,robot_1,0.574,-2.179
1789262080,373278209,446.882,robot_0,1.908,0.647
1789262080,373310823,446.882,robot_2,0.863,1.083
1789262080,373349185,446.882,robot_2_carried_generic_box,0.864,1.084
1789262080,373383528,446.883,robot_0_carried_generic_box,1.908,0.647
1789262080,621113711,447.130,robot_1,0.574,-2.179
1789262080,621174404,447.130,robot_0,1.908,0.647
1789262080,621206979,447.130,robot_2,0.863,1.083
1789262080,621241851,447.130,robot_2_carried_generic_box,0.863,1.083
1789262080,621276176,447.130,robot_0_carried_generic_box,1.908,0.647
1789262080,844398156,447.354,robot_1,0.574,-2.178
1789262080,844484013,447.354,robot_0,1.908,0.647
1789262080,844517062,447.354,robot_2,0.863,1.083
1789262080,844552018,447.354,robot_2_carried_generic_box,0.863,1.083
1789262080,844578999,447.354,robot_0_carried_generic_box,1.908,0.647
1789262081,89252002,447.598,robot_1,0.574,-2.178
1789262081,89311009,447.598,robot_0,1.908,0.647
1789262081,89344687,447.598,robot_2,0.863,1.083
1789262081,89382392,447.599,robot_2_carried_generic_box,0.863,1.083
1789262081,89412237,447.599,robot_0_carried_generic_box,1.908,0.647
1789262081,336247410,447.845,robot_1,0.574,-2.178
1789262081,336310520,447.845,robot_0,1.908,0.647
1789262081,336347436,447.845,robot_2,0.864,1.083
1789262081,336389799,447.846,robot_2_carried_generic_box,0.863,1.083
1789262081,336418091,447.846,robot_0_carried_generic_box,1.908,0.647
1789262081,544773756,448.054,robot_1,0.574,-2.178
1789262081,544842317,448.054,robot_0,1.908,0.647
1789262081,544879227,448.054,robot_2,0.864,1.083
1789262081,544930981,448.054,robot_2_carried_generic_box,0.863,1.083
1789262081,544967557,448.054,robot_0_carried_generic_box,1.908,0.647
1789262081,801304039,448.310,robot_1,0.574,-2.178
1789262081,801371731,448.310,robot_0,1.908,0.647
1789262081,801407488,448.311,robot_2,0.864,1.083
1789262081,801444018,448.311,robot_2_carried_generic_box,0.864,1.083
1789262081,801472571,448.311,robot_0_carried_generic_box,1.908,0.647
1789262082,7467501,448.517,robot_1,0.574,-2.178
1789262082,7523979,448.517,robot_0,1.907,0.647
1789262082,7555236,448.517,robot_2,0.864,1.083
1789262082,7586795,448.517,robot_2_carried_generic_box,0.864,1.083
1789262082,7612797,448.517,robot_0_carried_generic_box,1.908,0.647
1789262082,232754881,448.742,robot_1,0.573,-2.178
1789262082,232812643,448.742,robot_0,1.907,0.647
1789262082,232852184,448.742,robot_2,0.864,1.083
1789262082,232894567,448.742,robot_2_carried_generic_box,0.864,1.083
1789262082,232931177,448.742,robot_0_carried_generic_box,1.908,0.647
1789262082,488467234,448.998,robot_1,0.573,-2.178
1789262082,488524143,448.998,robot_0,1.907,0.647
1789262082,488557022,448.998,robot_2,0.864,1.083
1789262082,488586754,448.998,robot_2_carried_generic_box,0.864,1.083
1789262082,488610193,448.998,robot_0_carried_generic_box,1.907,0.647
1789262082,751946082,449.261,robot_1,0.573,-2.178
1789262082,752009715,449.261,robot_0,1.907,0.647
1789262082,752044270,449.261,robot_2,0.861,1.090
1789262082,752079578,449.261,robot_2_carried_generic_box,0.864,1.083
1789262082,752112197,449.261,robot_0_carried_generic_box,1.907,0.647
1789262082,974512301,449.484,robot_1,0.575,-2.174
1789262082,974573956,449.484,robot_0,1.907,0.647
1789262082,974602171,449.484,robot_2,0.858,1.098
1789262082,974635531,449.484,robot_2_carried_generic_box,0.864,1.083
1789262082,974662724,449.484,robot_0_carried_generic_box,1.907,0.647
1789262083,204710151,449.714,robot_1,0.579,-2.168
1789262083,204772308,449.714,robot_0,1.907,0.647
1789262083,204811744,449.714,robot_2,0.857,1.101
1789262083,204848541,449.714,robot_2_carried_generic_box,0.861,1.090
1789262083,204882683,449.714,robot_0_carried_generic_box,1.907,0.647
1789262083,420611388,449.930,robot_1,0.579,-2.167
1789262083,420688259,449.930,robot_0,1.907,0.646
1789262083,420730534,449.930,robot_2,0.857,1.101
1789262083,420773546,449.930,robot_2_carried_generic_box,0.858,1.098
1789262083,420808274,449.930,robot_0_carried_generic_box,1.907,0.647
1789262083,638527171,450.148,robot_1,0.579,-2.167
1789262083,638596193,450.148,robot_0,1.907,0.646
1789262083,638634991,450.148,robot_2,0.857,1.101
1789262083,638678257,450.148,robot_2_carried_generic_box,0.857,1.101
1789262083,638713155,450.148,robot_0_carried_generic_box,1.907,0.646
1789262083,863549453,450.373,robot_1,0.579,-2.167
1789262083,863609735,450.373,robot_0,1.907,0.646
1789262083,863642939,450.373,robot_2,0.858,1.101
1789262083,863677322,450.373,robot_2_carried_generic_box,0.857,1.101
1789262083,863703584,450.373,robot_0_carried_generic_box,1.907,0.646
1789262084,101249211,450.610,robot_1,0.582,-2.161
1789262084,101317138,450.610,robot_0,1.904,0.649
1789262084,101357681,450.610,robot_2,0.858,1.101
1789262084,101400232,450.611,robot_2_carried_generic_box,0.857,1.101
1789262084,101436587,450.611,robot_0_carried_generic_box,1.907,0.646
1789262084,314373231,450.824,robot_1,0.586,-2.154
1789262084,314434626,450.824,robot_0,1.899,0.654
1789262084,314468295,450.824,robot_2,0.858,1.101
1789262084,314503316,450.824,robot_2_carried_generic_box,0.858,1.101
1789262084,314530983,450.824,robot_0_carried_generic_box,1.907,0.646
1789262084,528576593,451.038,robot_1,0.586,-2.153
1789262084,528636125,451.038,robot_0,1.898,0.655
1789262084,528666883,451.038,robot_2,0.858,1.101
1789262084,528696589,451.038,robot_2_carried_generic_box,0.858,1.101
1789262084,528724296,451.038,robot_0_carried_generic_box,1.902,0.651
1789262084,794214624,451.303,robot_1,0.591,-2.145
1789262084,794278783,451.303,robot_0,1.900,0.653
1789262084,794318726,451.303,robot_2,0.858,1.101
1789262084,794362382,451.303,robot_2_carried_generic_box,0.858,1.101
1789262084,794396141,451.304,robot_0_carried_generic_box,1.898,0.655
1789262085,24521745,451.534,robot_1,0.596,-2.136
1789262085,24583160,451.534,robot_0,1.902,0.651
1789262085,24617013,451.534,robot_2,0.858,1.101
1789262085,24654828,451.534,robot_2_carried_generic_box,0.858,1.101
1789262085,24679963,451.534,robot_0_carried_generic_box,1.900,0.653
1789262085,275248355,451.784,robot_1,0.600,-2.128
1789262085,275333015,451.784,robot_0,1.908,0.646
1789262085,275362868,451.784,robot_2,0.858,1.101
1789262085,275395420,451.785,robot_2_carried_generic_box,0.858,1.101
1789262085,275418507,451.785,robot_0_carried_generic_box,1.900,0.653
1789262085,526345284,452.035,robot_1,0.601,-2.127
1789262085,529045383,452.038,robot_0,1.923,0.632
1789262085,529136857,452.038,robot_2,0.858,1.102
1789262085,529178958,452.038,robot_2_carried_generic_box,0.858,1.101
1789262085,529210256,452.038,robot_0_carried_generic_box,1.902,0.651
1789262085,757451441,452.267,robot_1,0.601,-2.127
1789262085,757513988,452.267,robot_0,1.935,0.622
1789262085,757547910,452.267,robot_2,0.858,1.102
1789262085,757587167,452.267,robot_2_carried_generic_box,0.858,1.102
1789262085,772433757,452.282,robot_0_carried_generic_box,1.921,0.634
1789262085,976646100,452.486,robot_1,0.601,-2.127
1789262085,976711412,452.486,robot_0,1.942,0.615
1789262085,976739689,452.486,robot_2,0.858,1.102
1789262085,976771846,452.486,robot_2_carried_generic_box,0.858,1.102
1789262085,976799214,452.486,robot_0_carried_generic_box,1.928,0.628
1789262086,191107234,452.700,robot_1,0.601,-2.126
1789262086,191171652,452.700,robot_0,1.943,0.614
1789262086,191201463,452.700,robot_2,0.858,1.102
1789262086,191241853,452.700,robot_2_carried_generic_box,0.858,1.102
1789262086,191271285,452.700,robot_0_carried_generic_box,1.932,0.624
1789262086,467787392,452.977,robot_1,0.601,-2.126
1789262086,467872769,452.977,robot_0,1.931,0.625
1789262086,467903381,452.977,robot_2,0.858,1.102
1789262086,467941710,452.977,robot_2_carried_generic_box,0.858,1.102
1789262086,467965964,452.977,robot_0_carried_generic_box,1.944,0.614
1789262086,691896701,453.201,robot_1,0.601,-2.126
1789262086,710220259,453.219,robot_0,1.920,0.634
1789262086,710291328,453.219,robot_2,0.858,1.102
1789262086,710338180,453.219,robot_2_carried_generic_box,0.858,1.102
1789262086,710388212,453.220,robot_0_carried_generic_box,1.938,0.619
1789262086,916340902,453.425,robot_1,0.600,-2.126
1789262086,916398598,453.426,robot_0,1.912,0.641
1789262086,916430606,453.426,robot_2,0.858,1.102
1789262086,916465658,453.426,robot_2_carried_generic_box,0.858,1.102
1789262086,916494357,453.436,robot_0_carried_generic_box,1.932,0.624
1789262087,137347736,453.646,robot_1,0.600,-2.126
1789262087,137406385,453.647,robot_0,1.904,0.648
1789262087,137440132,453.647,robot_2,0.855,1.103
1789262087,137477534,453.647,robot_2_carried_generic_box,0.858,1.102
1789262087,137506396,453.647,robot_0_carried_generic_box,1.919,0.636
1789262087,355624528,453.865,robot_1,0.600,-2.126
1789262087,359392903,453.869,robot_0,1.901,0.651
1789262087,359475373,453.869,robot_2,0.846,1.104
1789262087,359521297,453.869,robot_2_carried_generic_box,0.858,1.102
1789262087,359556282,453.869,robot_0_carried_generic_box,1.906,0.646
1789262087,556594107,454.066,robot_1,0.600,-2.126
1789262087,556658118,454.066,robot_0,1.901,0.651
1789262087,556696764,454.066,robot_2,0.825,1.108
1789262087,556735494,454.066,robot_2_carried_generic_box,0.852,1.103
1789262087,556761791,454.066,robot_0_carried_generic_box,1.902,0.650
1789262087,769412542,454.279,robot_1,0.600,-2.126
1789262087,769479009,454.279,robot_0,1.901,0.651
1789262087,769519284,454.279,robot_2,0.818,1.109
1789262087,769560899,454.279,robot_2_carried_generic_box,0.843,1.105
1789262087,769595426,454.279,robot_0_carried_generic_box,1.901,0.651
1789262088,15605846,454.525,robot_1,0.600,-2.126
1789262088,15666666,454.525,robot_0,1.901,0.651
1789262088,15704777,454.525,robot_2,0.817,1.109
1789262088,15746816,454.525,robot_2_carried_generic_box,0.823,1.108
1789262088,15781726,454.525,robot_0_carried_generic_box,1.901,0.651
1789262088,299308494,454.808,robot_1,0.600,-2.126
1789262088,299364055,454.808,robot_0,1.901,0.651
1789262088,299396486,454.809,robot_2,0.819,1.109
1789262088,299433462,454.809,robot_2_carried_generic_box,0.817,1.109
1789262088,299463624,454.809,robot_0_carried_generic_box,1.901,0.651
1789262088,566637812,455.076,robot_1,0.600,-2.126
1789262088,566694787,455.076,robot_0,1.901,0.651
1789262088,566728080,455.076,robot_2,0.826,1.108
1789262088,573330150,455.082,robot_2_carried_generic_box,0.817,1.109
1789262088,573408082,455.083,robot_0_carried_generic_box,1.901,0.651
1789262088,781070037,455.290,robot_1,0.599,-2.126
1789262088,781142028,455.290,robot_0,1.901,0.651
1789262088,781174482,455.290,robot_2,0.838,1.107
1789262088,781208434,455.290,robot_2_carried_generic_box,0.820,1.109
1789262088,781232948,455.290,robot_0_carried_generic_box,1.901,0.651
1789262089,11910405,455.521,robot_1,0.600,-2.129
1789262089,11983358,455.521,robot_0,1.901,0.651
1789262089,12015398,455.521,robot_2,0.852,1.106
1789262089,12050048,455.521,robot_2_carried_generic_box,0.834,1.108
1789262089,12081272,455.521,robot_0_carried_generic_box,1.901,0.651
1789262089,216177300,455.725,robot_1,0.602,-2.136
1789262089,216241704,455.725,robot_0,1.901,0.651
1789262089,216272282,455.725,robot_2,0.861,1.105
1789262089,216307840,455.725,robot_2_carried_generic_box,0.848,1.106
1789262089,216335986,455.725,robot_0_carried_generic_box,1.901,0.651
1789262089,438838842,455.948,robot_1,0.604,-2.142
1789262089,438907041,455.966,robot_0,1.904,0.646
1789262089,457320775,455.966,robot_2,0.865,1.105
1789262089,457399853,455.967,robot_2_carried_generic_box,0.854,1.106
1789262089,457438078,455.967,robot_0_carried_generic_box,1.901,0.651
1789262089,647990254,456.167,robot_1,0.604,-2.142
1789262089,657917611,456.167,robot_0,1.909,0.636
1789262089,657990426,456.167,robot_2,0.865,1.105
1789262089,658036805,456.167,robot_2_carried_generic_box,0.865,1.105
1789262089,659564300,456.169,robot_0_carried_generic_box,1.904,0.646
1789262089,862814479,456.372,robot_1,0.606,-2.147
1789262089,862872481,456.372,robot_0,1.912,0.630
1789262089,862904641,456.372,robot_2,0.865,1.105
1789262089,884215565,456.393,robot_2_carried_generic_box,0.865,1.105
1789262089,884305245,456.393,robot_0_carried_generic_box,1.907,0.640
1789262090,81035286,456.590,robot_1,0.606,-2.146
1789262090,81103570,456.590,robot_0,1.915,0.621
1789262090,81129761,456.590,robot_2,0.865,1.105
1789262090,81163017,456.590,robot_2_carried_generic_box,0.865,1.105
1789262090,81189660,456.594,robot_0_carried_generic_box,1.910,0.634
1789262090,287560440,456.797,robot_1,0.605,-2.144
1789262090,287624727,456.797,robot_0,1.917,0.615
1789262090,287656606,456.797,robot_2,0.865,1.105
1789262090,287696562,456.797,robot_2_carried_generic_box,0.865,1.105
1789262090,287730858,456.797,robot_0_carried_generic_box,1.913,0.628
1789262090,506280705,457.015,robot_1,0.605,-2.144
1789262090,509328674,457.018,robot_0,1.919,0.612
1789262090,509413794,457.019,robot_2,0.865,1.105
1789262090,509459356,457.019,robot_2_carried_generic_box,0.865,1.105
1789262090,509490809,457.019,robot_0_carried_generic_box,1.915,0.622
1789262090,752193022,457.261,robot_1,0.604,-2.143
1789262090,752263531,457.261,robot_0,1.919,0.612
1789262090,752294183,457.261,robot_2,0.865,1.105
1789262090,752328578,457.261,robot_2_carried_generic_box,0.865,1.105
1789262090,752354392,457.261,robot_0_carried_generic_box,1.919,0.612
1789262090,952581441,457.462,robot_1,0.602,-2.138
1789262090,952647179,457.462,robot_0,1.919,0.612
1789262090,952685056,457.462,robot_2,0.865,1.105
1789262090,952731418,457.462,robot_2_carried_generic_box,0.865,1.105
1789262090,952769712,457.462,robot_0_carried_generic_box,1.919,0.612
1789262091,165373608,457.675,robot_1,0.600,-2.136
1789262091,177796930,457.687,robot_0,1.919,0.612
1789262091,200155319,457.709,robot_2,0.865,1.105
1789262091,200238168,457.709,robot_2_carried_generic_box,0.865,1.105
1789262091,200273942,457.709,robot_0_carried_generic_box,1.919,0.612
1789262091,401059825,457.910,robot_1,0.600,-2.136
1789262091,401126324,457.910,robot_0,1.919,0.612
1789262091,401161235,457.910,robot_2,0.865,1.105
1789262091,401200298,457.910,robot_2_carried_generic_box,0.865,1.105
1789262091,401233836,457.910,robot_0_carried_generic_box,1.919,0.612
1789262091,635120194,458.144,robot_1,0.600,-2.135
1789262091,635199638,458.144,robot_0,1.920,0.606
1789262091,635235786,458.144,robot_2,0.865,1.105
1789262091,635278102,458.144,robot_2_carried_generic_box,0.865,1.105
1789262091,635313439,458.144,robot_0_carried_generic_box,1.919,0.612
1789262091,876476329,458.386,robot_1,0.597,-2.128
1789262091,876544099,458.386,robot_0,1.920,0.600
1789262091,876573359,458.386,robot_2,0.865,1.106
1789262091,876607996,458.386,robot_2_carried_generic_box,0.865,1.105
1789262091,876636361,458.386,robot_0_carried_generic_box,1.920,0.609
1789262092,111511790,458.621,robot_1,0.592,-2.117
1789262092,111580500,458.621,robot_0,1.920,0.600
1789262092,111610302,458.651,robot_2,0.865,1.106
1789262092,145707811,458.655,robot_2_carried_generic_box,0.865,1.106
1789262092,149055088,458.663,robot_0_carried_generic_box,1.920,0.606
1789262092,371476274,458.881,robot_1,0.589,-2.110
1789262092,371538583,458.881,robot_0,1.920,0.600
1789262092,371567210,458.881,robot_2,0.865,1.106
1789262092,371600885,458.881,robot_2_carried_generic_box,0.865,1.106
1789262092,371628380,458.881,robot_0_carried_generic_box,1.920,0.600
1789262092,575864166,459.085,robot_1,0.587,-2.107
1789262092,594957915,459.104,robot_0,1.920,0.600
1789262092,595057813,459.104,robot_2,0.865,1.106
1789262092,595106248,459.104,robot_2_carried_generic_box,0.865,1.106
1789262092,595140683,459.104,robot_0_carried_generic_box,1.920,0.600
1789262092,797429736,459.307,robot_1,0.588,-2.109
1789262092,797490525,459.307,robot_0,1.920,0.600
1789262092,797516388,459.307,robot_2,0.865,1.106
1789262092,797549656,459.307,robot_2_carried_generic_box,0.865,1.106
1789262092,797574825,459.307,robot_0_carried_generic_box,1.920,0.600
1789262093,39031901,459.548,robot_1,0.586,-2.105
1789262093,57814832,459.567,robot_0,1.920,0.600
1789262093,57899750,459.567,robot_2,0.865,1.106
1789262093,57945747,459.567,robot_2_carried_generic_box,0.865,1.106
1789262093,57974270,459.567,robot_0_carried_generic_box,1.920,0.600
1789262093,280039268,459.799,robot_1,0.587,-2.106
1789262093,290095881,459.799,robot_0,1.920,0.600
1789262093,290151360,459.799,robot_2,0.865,1.106
1789262093,290192881,459.799,robot_2_carried_generic_box,0.865,1.106
1789262093,290226174,459.799,robot_0_carried_generic_box,1.920,0.600
1789262093,506492848,460.016,robot_1,0.590,-2.113
1789262093,506564179,460.016,robot_0,1.920,0.600
1789262093,506599060,460.016,robot_2,0.865,1.106
1789262093,506640487,460.016,robot_2_carried_generic_box,0.865,1.106
1789262093,506673175,460.016,robot_0_carried_generic_box,1.920,0.600
1789262093,747265355,460.256,robot_1,0.593,-2.120
1789262093,747346780,460.256,robot_0,1.920,0.600
1789262093,747377548,460.256,robot_2,0.865,1.106
1789262093,747410445,460.257,robot_2_carried_generic_box,0.865,1.106
1789262093,747439212,460.257,robot_0_carried_generic_box,1.920,0.600
1789262093,962381169,460.472,robot_1,0.594,-2.123
1789262093,962447929,460.472,robot_0,1.920,0.600
1789262093,962483494,460.472,robot_2,0.865,1.106
1789262093,962525127,460.472,robot_2_carried_generic_box,0.865,1.106
1789262093,962557314,460.472,robot_0_carried_generic_box,1.920,0.600
1789262094,195090513,460.704,robot_1,0.597,-2.130
1789262094,195157660,460.704,robot_0,1.920,0.600
1789262094,195186444,460.704,robot_2,0.865,1.106
1789262094,195219778,460.704,robot_2_carried_generic_box,0.865,1.106
1789262094,195249574,460.704,robot_0_carried_generic_box,1.920,0.600
1789262094,418074497,460.927,robot_1,0.600,-2.135
1789262094,418143507,460.927,robot_0,1.920,0.600
1789262094,418177175,460.927,robot_2,0.865,1.106
1789262094,418210297,460.927,robot_2_carried_generic_box,0.865,1.106
1789262094,418238407,460.927,robot_0_carried_generic_box,1.920,0.600
1789262094,629656077,461.139,robot_1,0.600,-2.135
1789262094,629718639,461.139,robot_0,1.920,0.600
1789262094,629750851,461.139,robot_2,0.864,1.106
1789262094,629792429,461.139,robot_2_carried_generic_box,0.865,1.106
1789262094,629826960,461.139,robot_0_carried_generic_box,1.920,0.600
1789262094,885563663,461.395,robot_1,0.599,-2.135
1789262094,885620044,461.395,robot_0,1.919,0.600
1789262094,885649348,461.395,robot_2,0.864,1.106
1789262094,885683050,461.395,robot_2_carried_generic_box,0.865,1.106
1789262094,885710774,461.395,robot_0_carried_generic_box,1.920,0.600
1789262095,115255106,461.624,robot_1,0.599,-2.135
1789262095,115313058,461.624,robot_0,1.919,0.600
1789262095,115348933,461.624,robot_2,0.864,1.106
1789262095,115397820,461.625,robot_2_carried_generic_box,0.864,1.106
1789262095,115435168,461.625,robot_0_carried_generic_box,1.919,0.600
1789262095,351746221,461.861,robot_1,0.599,-2.135
1789262095,351805038,461.861,robot_0,1.919,0.600
1789262095,351832126,461.861,robot_2,0.864,1.107
1789262095,351863699,461.861,robot_2_carried_generic_box,0.864,1.106
1789262095,351889139,461.861,robot_0_carried_generic_box,1.919,0.600
1789262095,578255398,462.087,robot_1,0.599,-2.135
1789262095,578313966,462.087,robot_0,1.919,0.599
1789262095,578340025,462.087,robot_2,0.864,1.107
1789262095,578370417,462.087,robot_2_carried_generic_box,0.864,1.106
1789262095,578392945,462.088,robot_0_carried_generic_box,1.919,0.600
1789262095,795496003,462.305,robot_1,0.599,-2.135
1789262095,795842684,462.305,robot_0,1.918,0.600
1789262095,795884133,462.305,robot_2,0.864,1.106
1789262095,795946184,462.305,robot_2_carried_generic_box,0.864,1.107
1789262095,795974518,462.305,robot_0_carried_generic_box,1.919,0.600
1789262096,13652089,462.523,robot_1,0.599,-2.135
1789262096,13706151,462.523,robot_0,1.918,0.600
1789262096,13733094,462.523,robot_2,0.863,1.101
1789262096,13767517,462.523,robot_2_carried_generic_box,0.864,1.106
1789262096,13795238,462.523,robot_0_carried_generic_box,1.919,0.599
1789262096,224884366,462.734,robot_1,0.599,-2.135
1789262096,224949271,462.734,robot_0,1.920,0.598
1789262096,224977461,462.734,robot_2,0.862,1.101
1789262096,225012132,462.734,robot_2_carried_generic_box,0.863,1.102
1789262096,225038168,462.734,robot_0_carried_generic_box,1.919,0.599
1789262096,440729659,462.950,robot_1,0.599,-2.135
1789262096,440795469,462.950,robot_0,1.918,0.600
1789262096,440824488,462.950,robot_2,0.862,1.101
1789262096,440855187,462.950,robot_2_carried_generic_box,0.863,1.101
1789262096,440878169,462.950,robot_0_carried_generic_box,1.919,0.599
1789262096,659654969,463.169,robot_1,0.599,-2.135
1789262096,659716627,463.169,robot_0,1.921,0.597
1789262096,659749743,463.169,robot_2,0.862,1.101
1789262096,659784110,463.169,robot_2_carried_generic_box,0.863,1.101
1789262096,659813560,463.169,robot_0_carried_generic_box,1.919,0.599
1789262096,886113426,463.395,robot_1,0.599,-2.135
1789262096,886167066,463.395,robot_0,1.920,0.598
1789262096,886192114,463.395,robot_2,0.862,1.098
1789262096,886223234,463.395,robot_2_carried_generic_box,0.862,1.101
1789262096,886247949,463.395,robot_0_carried_generic_box,1.918,0.600
1789262097,110615045,463.620,robot_1,0.599,-2.136
1789262097,110675854,463.620,robot_0,1.920,0.598
1789262097,110701700,463.620,robot_2,0.861,1.078
1789262097,110733760,463.620,robot_2_carried_generic_box,0.862,1.094
1789262097,110762768,463.620,robot_0_carried_generic_box,1.920,0.598
1789262097,328007415,463.837,robot_1,0.599,-2.136
1789262097,328067657,463.837,robot_0,1.921,0.597
1789262097,328095470,463.837,robot_2,0.861,1.072
1789262097,328124712,463.837,robot_2_carried_generic_box,0.862,1.094
1789262097,328149158,463.837,robot_0_carried_generic_box,1.920,0.598
1789262097,567379218,464.077,robot_1,0.598,-2.136
1789262097,573818537,464.083,robot_0,1.927,0.591
1789262097,573906417,464.083,robot_2,0.861,1.074
1789262097,573951294,464.083,robot_2_carried_generic_box,0.861,1.074
1789262097,573980592,464.083,robot_0_carried_generic_box,1.920,0.598
1789262097,758961871,464.268,robot_1,0.598,-2.136
1789262097,759019945,464.268,robot_0,1.936,0.582
1789262097,759050336,464.268,robot_2,0.861,1.082
1789262097,759081180,464.268,robot_2_carried_generic_box,0.861,1.072
1789262097,759104808,464.268,robot_0_carried_generic_box,1.923,0.595
1789262097,999398667,464.509,robot_1,0.598,-2.136
1789262097,999454718,464.509,robot_0,1.950,0.569
1789262097,999478800,464.509,robot_2,0.861,1.093
1789262097,999506858,464.509,robot_2_carried_generic_box,0.861,1.082
1789262097,999528479,464.509,robot_0_carried_generic_box,1.936,0.582
1789262098,239890298,464.749,robot_1,0.597,-2.136
1789262098,239956988,464.749,robot_0,1.953,0.566
1789262098,239984118,464.749,robot_2,0.861,1.094
1789262098,240017322,464.749,robot_2_carried_generic_box,0.861,1.093
1789262098,240049342,464.749,robot_0_carried_generic_box,1.949,0.570
1789262098,493251243,465.002,robot_1,0.590,-2.135
1789262098,493306979,465.002,robot_0,1.953,0.566
1789262098,493334768,465.002,robot_2,0.861,1.094
1789262098,493368708,465.002,robot_2_carried_generic_box,0.861,1.094
1789262098,493397809,465.003,robot_0_carried_generic_box,1.953,0.566
1789262098,704677750,465.214,robot_1,0.591,-2.135
1789262098,704735909,465.214,robot_0,1.953,0.566
1789262098,704762138,465.214,robot_2,0.861,1.094
1789262098,704793364,465.214,robot_2_carried_generic_box,0.861,1.094
1789262098,704820078,465.214,robot_0_carried_generic_box,1.953,0.566
1789262098,927310245,465.436,robot_1,0.598,-2.136
1789262098,927361573,465.436,robot_0,1.953,0.566
1789262098,927387805,465.437,robot_2,0.861,1.094
1789262098,927421300,465.437,robot_2_carried_generic_box,0.861,1.094
1789262098,927447053,465.437,robot_0_carried_generic_box,1.953,0.566
1789262099,145769976,465.655,robot_1,0.602,-2.137
1789262099,145839836,465.655,robot_0,1.953,0.566
1789262099,145874773,465.655,robot_2,0.861,1.094
1789262099,145909906,465.663,robot_2_carried_generic_box,0.861,1.094
1789262099,154189759,465.663,robot_0_carried_generic_box,1.953,0.566
1789262099,359636029,465.869,robot_1,0.603,-2.137
1789262099,359695625,465.869,robot_0,1.953,0.566
1789262099,359734350,465.869,robot_2,0.861,1.094
1789262099,359778070,465.869,robot_2_carried_generic_box,0.861,1.094
1789262099,359812500,465.869,robot_0_carried_generic_box,1.953,0.566
1789262099,584909435,466.094,robot_1,0.613,-2.138
1789262099,584972964,466.094,robot_0,1.953,0.566
1789262099,585000597,466.094,robot_2,0.861,1.094
1789262099,585033424,466.094,robot_2_carried_generic_box,0.861,1.094
1789262099,585062238,466.094,robot_0_carried_generic_box,1.953,0.566
1789262099,845111388,466.354,robot_1,0.621,-2.139
1789262099,845174261,466.354,robot_0,1.953,0.565
1789262099,845208479,466.354,robot_2,0.861,1.093
1789262099,845249283,466.354,robot_2_carried_generic_box,0.861,1.094
1789262099,845281838,466.354,robot_0_carried_generic_box,1.953,0.566
1789262100,50598402,466.560,robot_1,0.622,-2.139
1789262100,50660876,466.560,robot_0,1.952,0.565
1789262100,50698095,466.560,robot_2,0.861,1.093
1789262100,50742220,466.560,robot_2_carried_generic_box,0.861,1.093
1789262100,50777596,466.560,robot_0_carried_generic_box,1.953,0.565
1789262100,257909402,466.767,robot_1,0.618,-2.139
1789262100,262200744,466.771,robot_0,1.952,0.565
1789262100,262291336,466.771,robot_2,0.863,1.089
1789262100,262331970,466.771,robot_2_carried_generic_box,0.861,1.093
1789262100,262363043,466.771,robot_0_carried_generic_box,1.953,0.565
1789262100,458892487,466.968,robot_1,0.611,-2.137
1789262100,475035726,466.984,robot_0,1.952,0.565
1789262100,475101375,466.984,robot_2,0.867,1.081
1789262100,475138927,466.984,robot_2_carried_generic_box,0.861,1.092
1789262100,475168716,466.984,robot_0_carried_generic_box,1.952,0.565
1789262100,673112427,467.182,robot_1,0.610,-2.137
1789262100,673173999,467.182,robot_0,1.952,0.565
1789262100,673203996,467.182,robot_2,0.867,1.079
1789262100,673240965,467.182,robot_2_carried_generic_box,0.864,1.088
1789262100,673275226,467.182,robot_0_carried_generic_box,1.952,0.565
1789262100,903487041,467.413,robot_1,0.610,-2.137
1789262100,903566488,467.413,robot_0,1.952,0.565
1789262100,903597299,467.413,robot_2,0.866,1.081
1789262100,903632793,467.413,robot_2_carried_generic_box,0.866,1.082
1789262100,903659498,467.413,robot_0_carried_generic_box,1.952,0.565
1789262101,135908160,467.659,robot_1,0.610,-2.137
1789262101,150224224,467.659,robot_0,1.952,0.565
1789262101,150276920,467.659,robot_2,0.868,1.078
1789262101,150313975,467.659,robot_2_carried_generic_box,0.866,1.081
1789262101,150343075,467.659,robot_0_carried_generic_box,1.952,0.565
1789262101,362246942,467.871,robot_1,0.610,-2.137
1789262101,362309122,467.871,robot_0,1.952,0.564
1789262101,362343329,467.871,robot_2,0.869,1.077
1789262101,362383856,467.872,robot_2_carried_generic_box,0.866,1.081
1789262101,362418387,467.872,robot_0_carried_generic_box,1.952,0.565
1789262101,630656115,468.140,robot_1,0.610,-2.137
1789262101,630726815,468.140,robot_0,1.953,0.564
1789262101,630755847,468.140,robot_2,0.873,1.071
1789262101,630787850,468.140,robot_2_carried_generic_box,0.868,1.078
1789262101,630812874,468.140,robot_0_carried_generic_box,1.952,0.564
1789262101,853647221,468.363,robot_1,0.610,-2.137
1789262101,853709137,468.363,robot_0,1.961,0.564
1789262101,853741617,468.363,robot_2,0.873,1.070
1789262101,853775849,468.363,robot_2_carried_generic_box,0.872,1.072
1789262101,853804214,468.363,robot_0_carried_generic_box,1.953,0.564
1789262102,67246998,468.576,robot_1,0.610,-2.137
1789262102,67306384,468.576,robot_0,1.964,0.564
1789262102,67333489,468.576,robot_2,0.873,1.070
1789262102,67366942,468.576,robot_2_carried_generic_box,0.873,1.070
1789262102,67399228,468.577,robot_0_carried_generic_box,1.956,0.564
1789262102,273334040,468.782,robot_1,0.610,-2.137
1789262102,273392409,468.783,robot_0,1.966,0.564
1789262102,273421290,468.783,robot_2,0.873,1.070
1789262102,273459829,468.783,robot_2_carried_generic_box,0.873,1.070
1789262102,303941688,468.813,robot_0_carried_generic_box,1.964,0.564
1789262102,498580395,469.008,robot_1,0.610,-2.138
1789262102,498646062,469.008,robot_0,1.968,0.565
1789262102,498680459,469.008,robot_2,0.871,1.073
1789262102,498718006,469.008,robot_2_carried_generic_box,0.873,1.070
1789262102,498748848,469.008,robot_0_carried_generic_box,1.964,0.564
1789262102,762386462,469.272,robot_1,0.610,-2.138
1789262102,762437342,469.272,robot_0,1.976,0.566
1789262102,762466047,469.272,robot_2,0.864,1.081
1789262102,762502666,469.272,robot_2_carried_generic_box,0.873,1.070
1789262102,762532145,469.272,robot_0_carried_generic_box,1.968,0.565
1789262102,967588204,469.477,robot_1,0.610,-2.138
1789262102,967644079,469.477,robot_0,1.989,0.568
1789262102,967673784,469.477,robot_2,0.864,1.082
1789262102,967713129,469.477,robot_2_carried_generic_box,0.869,1.075
1789262102,967746823,469.477,robot_0_carried_generic_box,1.969,0.565
1789262103,216481686,469.726,robot_1,0.610,-2.138
1789262103,216539533,469.726,robot_0,2.001,0.571
1789262103,216570145,469.726,robot_2,0.864,1.082
1789262103,216609709,469.726,robot_2_carried_generic_box,0.863,1.082
1789262103,216643580,469.726,robot_0_carried_generic_box,1.978,0.566
1789262103,440610304,469.950,robot_1,0.610,-2.138
1789262103,440666619,469.955,robot_0,2.003,0.571
1789262103,446157467,469.955,robot_2,0.864,1.082
1789262103,446220981,469.955,robot_2_carried_generic_box,0.864,1.082
1789262103,446249438,469.955,robot_0_carried_generic_box,1.999,0.570
1789262103,664646975,470.174,robot_1,0.610,-2.138
1789262103,664727076,470.174,robot_0,2.002,0.571
1789262103,664757159,470.174,robot_2,0.864,1.082
1789262103,664794259,470.174,robot_2_carried_generic_box,0.864,1.082
1789262103,664821285,470.174,robot_0_carried_generic_box,2.002,0.571
1789262103,887487468,470.397,robot_1,0.610,-2.138
1789262103,887549801,470.397,robot_0,1.996,0.569
1789262103,887583072,470.397,robot_2,0.864,1.082
1789262103,887613302,470.397,robot_2_carried_generic_box,0.864,1.082
1789262103,887640293,470.397,robot_0_carried_generic_box,2.003,0.571
1789262104,89024260,470.598,robot_1,0.610,-2.138
1789262104,89086357,470.598,robot_0,1.991,0.568
1789262104,89113770,470.598,robot_2,0.863,1.082
1789262104,89152409,470.598,robot_2_carried_generic_box,0.864,1.082
1789262104,89186041,470.598,robot_0_carried_generic_box,2.002,0.571
1789262104,312209910,470.821,robot_1,0.610,-2.139
1789262104,312266577,470.821,robot_0,1.991,0.568
1789262104,312293930,470.821,robot_2,0.863,1.082
1789262104,312326670,470.821,robot_2_carried_generic_box,0.864,1.082
1789262104,312351299,470.821,robot_0_carried_generic_box,1.992,0.568
1789262104,550244780,471.059,robot_1,0.610,-2.139
1789262104,550305225,471.059,robot_0,1.991,0.568
1789262104,550333873,471.059,robot_2,0.863,1.082
1789262104,550368766,471.059,robot_2_carried_generic_box,0.863,1.082
1789262104,550395708,471.060,robot_0_carried_generic_box,1.991,0.568
1789262104,762600723,471.272,robot_1,0.610,-2.139
1789262104,762661662,471.272,robot_0,1.991,0.568
1789262104,762688057,471.272,robot_2,0.863,1.082
1789262104,762721759,471.272,robot_2_carried_generic_box,0.863,1.082
1789262104,762750682,471.272,robot_0_carried_generic_box,1.991,0.568
1789262104,969069727,471.478,robot_1,0.612,-2.138
1789262104,969131409,471.478,robot_0,1.991,0.568
1789262104,969163105,471.478,robot_2,0.863,1.082
1789262104,969203510,471.478,robot_2_carried_generic_box,0.863,1.082
1789262104,969235361,471.478,robot_0_carried_generic_box,1.991,0.568
1789262105,170016624,471.679,robot_1,0.617,-2.134
1789262105,170080968,471.679,robot_0,1.991,0.568
1789262105,170115280,471.679,robot_2,0.863,1.081
1789262105,170155807,471.679,robot_2_carried_generic_box,0.863,1.082
1789262105,170190295,471.679,robot_0_carried_generic_box,1.991,0.568
1789262105,377210951,471.886,robot_1,0.617,-2.135
1789262105,377268011,471.886,robot_0,1.991,0.568
1789262105,377300540,471.886,robot_2,0.863,1.081
1789262105,377341382,471.886,robot_2_carried_generic_box,0.863,1.081
1789262105,377375264,471.886,robot_0_carried_generic_box,1.991,0.568
1789262105,580999690,472.090,robot_1,0.611,-2.139
1789262105,581057236,472.090,robot_0,1.991,0.568
1789262105,581084665,472.090,robot_2,0.863,1.081
1789262105,581118217,472.090,robot_2_carried_generic_box,0.863,1.081
1789262105,581149213,472.090,robot_0_carried_generic_box,1.991,0.568
1789262105,791296295,472.300,robot_1,0.611,-2.139
1789262105,791359414,472.300,robot_0,1.991,0.568
1789262105,791388827,472.301,robot_2,0.863,1.081
1789262105,791425210,472.301,robot_2_carried_generic_box,0.863,1.081
1789262105,791454821,472.301,robot_0_carried_generic_box,1.991,0.568
1789262106,13441595,472.523,robot_1,0.611,-2.139
1789262106,13498010,472.523,robot_0,1.991,0.567
1789262106,13525309,472.523,robot_2,0.863,1.081
1789262106,13557795,472.523,robot_2_carried_generic_box,0.863,1.081
1789262106,13583145,472.523,robot_0_carried_generic_box,1.991,0.568
1789262106,216066921,472.725,robot_1,0.611,-2.139
1789262106,216137488,472.725,robot_0,1.991,0.567
1789262106,216164166,472.725,robot_2,0.863,1.081
1789262106,216197251,472.725,robot_2_carried_generic_box,0.863,1.081
1789262106,216225525,472.725,robot_0_carried_generic_box,1.991,0.568
1789262106,444189191,472.953,robot_1,0.611,-2.139
1789262106,444254430,472.953,robot_0,1.991,0.567
1789262106,444288604,472.953,robot_2,0.863,1.081
1789262106,444320295,472.953,robot_2_carried_generic_box,0.863,1.081
1789262106,452886298,472.962,robot_0_carried_generic_box,1.991,0.567
1789262106,702517296,473.212,robot_1,0.611,-2.139
1789262106,702581831,473.212,robot_0,1.991,0.567
1789262106,702610654,473.212,robot_2,0.863,1.081
1789262106,702646332,473.212,robot_2_carried_generic_box,0.863,1.081
1789262106,702676669,473.212,robot_0_carried_generic_box,1.991,0.567
1789262106,926507026,473.436,robot_1,0.620,-2.133
1789262106,926573744,473.436,robot_0,1.991,0.567
1789262106,926601336,473.436,robot_2,0.865,1.081
1789262106,926635670,473.436,robot_2_carried_generic_box,0.863,1.081
1789262106,926661923,473.436,robot_0_carried_generic_box,1.991,0.567
1789262107,148313861,473.657,robot_1,0.631,-2.126
1789262107,148386912,473.658,robot_0,1.991,0.567
1789262107,148416804,473.658,robot_2,0.869,1.080
1789262107,148456601,473.658,robot_2_carried_generic_box,0.864,1.081
1789262107,148487242,473.658,robot_0_carried_generic_box,1.991,0.567
1789262107,354593072,473.864,robot_1,0.636,-2.123
1789262107,354659623,473.864,robot_0,1.992,0.567
1789262107,354690399,473.864,robot_2,0.866,1.080
1789262107,354725626,473.864,robot_2_carried_generic_box,0.868,1.080
1789262107,354751590,473.864,robot_0_carried_generic_box,1.991,0.567
1789262107,596536043,474.106,robot_1,0.633,-2.125
1789262107,596612645,474.106,robot_0,1.992,0.567
1789262107,596649809,474.106,robot_2,0.860,1.080
1789262107,596692407,474.106,robot_2_carried_generic_box,0.867,1.080
1789262107,596728156,474.106,robot_0_carried_generic_box,1.992,0.567
1789262107,857225637,474.366,robot_1,0.632,-2.126
1789262107,857293650,474.366,robot_0,1.988,0.560
1789262107,857327423,474.366,robot_2,0.853,1.080
1789262107,857360972,474.366,robot_2_carried_generic_box,0.862,1.080
1789262107,857388600,474.367,robot_0_carried_generic_box,1.992,0.567
1789262108,149333168,474.658,robot_1,0.632,-2.126
1789262108,149408942,474.659,robot_0,1.982,0.549
1789262108,149438484,474.659,robot_2,0.844,1.080
1789262108,149474225,474.659,robot_2_carried_generic_box,0.855,1.080
1789262108,149503678,474.659,robot_0_carried_generic_box,1.989,0.563
1789262108,328113450,474.837,robot_1,0.632,-2.126
1789262108,328175289,474.837,robot_0,1.977,0.541
1789262108,328210493,474.837,robot_2,0.843,1.080
1789262108,328250541,474.837,robot_2_carried_generic_box,0.849,1.080
1789262108,328280952,474.837,robot_0_carried_generic_box,1.988,0.560
1789262108,536882958,475.046,robot_1,0.632,-2.126
1789262108,536948025,475.046,robot_0,1.975,0.538
1789262108,536978774,475.046,robot_2,0.846,1.080
1789262108,537019580,475.046,robot_2_carried_generic_box,0.844,1.080
1789262108,537052366,475.046,robot_0_carried_generic_box,1.982,0.549
1789262108,762378136,475.272,robot_1,0.632,-2.126
1789262108,762438394,475.272,robot_0,1.975,0.538
1789262108,762468404,475.272,robot_2,0.846,1.080
1789262108,762510017,475.272,robot_2_carried_generic_box,0.844,1.080
1789262108,762543376,475.272,robot_0_carried_generic_box,1.976,0.540
1789262108,969408730,475.479,robot_1,0.632,-2.126
1789262108,969474214,475.479,robot_0,1.975,0.538
1789262108,969508268,475.479,robot_2,0.846,1.080
1789262108,969547281,475.479,robot_2_carried_generic_box,0.846,1.080
1789262108,969578678,475.479,robot_0_carried_generic_box,1.975,0.538
1789262109,171582620,475.681,robot_1,0.632,-2.126
1789262109,171641237,475.681,robot_0,1.975,0.538
1789262109,171678016,475.681,robot_2,0.846,1.080
1789262109,171719309,475.681,robot_2_carried_generic_box,0.846,1.080
1789262109,171753877,475.681,robot_0_carried_generic_box,1.975,0.538
1789262109,403399329,475.913,robot_1,0.632,-2.126
1789262109,403856823,475.913,robot_0,1.975,0.538
1789262109,403890780,475.913,robot_2,0.846,1.080
1789262109,403938102,475.913,robot_2_carried_generic_box,0.846,1.080
1789262109,403964915,475.913,robot_0_carried_generic_box,1.975,0.538
1789262109,617553973,476.127,robot_1,0.632,-2.126
1789262109,617616489,476.127,robot_0,1.975,0.538
1789262109,617645061,476.127,robot_2,0.846,1.080
1789262109,617681151,476.127,robot_2_carried_generic_box,0.846,1.080
1789262109,617716683,476.127,robot_0_carried_generic_box,1.975,0.538
1789262109,850712897,476.360,robot_1,0.632,-2.126
1789262109,850779250,476.360,robot_0,1.975,0.538
1789262109,850816397,476.360,robot_2,0.846,1.080
1789262109,850860227,476.360,robot_2_carried_generic_box,0.846,1.080
1789262109,850895317,476.360,robot_0_carried_generic_box,1.975,0.538
1789262110,57100701,476.566,robot_1,0.633,-2.126
1789262110,57161829,476.566,robot_0,1.975,0.538
1789262110,57192197,476.566,robot_2,0.846,1.080
1789262110,57228698,476.566,robot_2_carried_generic_box,0.846,1.080
1789262110,57256649,476.566,robot_0_carried_generic_box,1.975,0.538
1789262110,259297554,476.768,robot_1,0.633,-2.126
1789262110,259358074,476.768,robot_0,1.975,0.538
1789262110,259385058,476.769,robot_2,0.846,1.080
1789262110,259419670,476.769,robot_2_carried_generic_box,0.846,1.080
1789262110,259443694,476.769,robot_0_carried_generic_box,1.975,0.538
1789262110,513836482,477.023,robot_1,0.633,-2.126
1789262110,513916296,477.023,robot_0,1.975,0.538
1789262110,513956717,477.023,robot_2,0.846,1.080
1789262110,513994780,477.023,robot_2_carried_generic_box,0.846,1.080
1789262110,514024666,477.023,robot_0_carried_generic_box,1.975,0.538
1789262110,688587171,477.198,robot_1,0.633,-2.126
1789262110,688655258,477.212,robot_0,1.972,0.536
1789262110,703088366,477.212,robot_2,0.846,1.080
1789262110,703164177,477.212,robot_2_carried_generic_box,0.846,1.080
1789262110,703203257,477.212,robot_0_carried_generic_box,1.975,0.538
1789262110,917299351,477.426,robot_1,0.633,-2.126
1789262110,917362518,477.426,robot_0,1.972,0.535
1789262110,917390266,477.427,robot_2,0.846,1.080
1789262110,917424412,477.427,robot_2_carried_generic_box,0.846,1.080
1789262110,917450758,477.427,robot_0_carried_generic_box,1.974,0.538
1789262111,173063540,477.682,robot_1,0.633,-2.126
1789262111,173124859,477.682,robot_0,1.971,0.536
1789262111,173153853,477.682,robot_2,0.847,1.080
1789262111,173190783,477.682,robot_2_carried_generic_box,0.846,1.080
1789262111,173220502,477.682,robot_0_carried_generic_box,1.972,0.536
1789262111,380175644,477.889,robot_1,0.633,-2.126
1789262111,380243297,477.889,robot_0,1.971,0.536
1789262111,380273092,477.889,robot_2,0.847,1.080
1789262111,380305841,477.889,robot_2_carried_generic_box,0.846,1.080
1789262111,380332564,477.889,robot_0_carried_generic_box,1.971,0.536
1789262111,609215879,478.118,robot_1,0.633,-2.126
1789262111,609274486,478.118,robot_0,1.971,0.536
1789262111,609304568,478.118,robot_2,0.847,1.080
1789262111,609342038,478.123,robot_2_carried_generic_box,0.847,1.080
1789262111,613935378,478.123,robot_0_carried_generic_box,1.971,0.536
1789262111,865734841,478.375,robot_1,0.633,-2.126
1789262111,865813425,478.375,robot_0,1.971,0.536
1789262111,865851184,478.375,robot_2,0.847,1.079
1789262111,865894647,478.375,robot_2_carried_generic_box,0.847,1.080
1789262111,865934082,478.375,robot_0_carried_generic_box,1.971,0.536
1789262112,71381164,478.581,robot_1,0.635,-2.120
1789262112,71454242,478.581,robot_0,1.971,0.536
1789262112,71486880,478.581,robot_2,0.847,1.079
1789262112,71523130,478.581,robot_2_carried_generic_box,0.847,1.079
1789262112,71550945,478.581,robot_0_carried_generic_box,1.971,0.536
1789262112,323782497,478.833,robot_1,0.639,-2.109
1789262112,323847147,478.833,robot_0,1.971,0.536
1789262112,323883540,478.833,robot_2,0.847,1.079
1789262112,323929814,478.833,robot_2_carried_generic_box,0.847,1.079
1789262112,323965754,478.833,robot_0_carried_generic_box,1.971,0.536
1789262112,570456897,479.080,robot_1,0.644,-2.092
1789262112,570520006,479.080,robot_0,1.971,0.536
1789262112,570548127,479.080,robot_2,0.847,1.079
1789262112,570580598,479.080,robot_2_carried_generic_box,0.847,1.079
1789262112,570607744,479.080,robot_0_carried_generic_box,1.971,0.536
1789262112,781451067,479.291,robot_1,0.645,-2.087
1789262112,781513604,479.291,robot_0,1.971,0.536
1789262112,781540920,479.291,robot_2,0.847,1.079
1789262112,781575061,479.291,robot_2_carried_generic_box,0.847,1.079
1789262112,781601391,479.291,robot_0_carried_generic_box,1.971,0.536
1789262112,991669653,479.501,robot_1,0.645,-2.087
1789262112,991730437,479.501,robot_0,1.971,0.536
1789262112,991757684,479.501,robot_2,0.845,1.077
1789262112,991789696,479.501,robot_2_carried_generic_box,0.847,1.079
1789262112,991814877,479.501,robot_0_carried_generic_box,1.971,0.536
1789262113,216153837,479.725,robot_1,0.647,-2.082
1789262113,216216174,479.725,robot_0,1.972,0.536
1789262113,216242576,479.725,robot_2,0.837,1.067
1789262113,216272472,479.725,robot_2_carried_generic_box,0.847,1.079
1789262113,216296583,479.725,robot_0_carried_generic_box,1.971,0.536
1789262113,436525997,479.946,robot_1,0.649,-2.074
1789262113,436592482,479.946,robot_0,1.972,0.535
1789262113,436620948,479.946,robot_2,0.830,1.059
1789262113,436657189,479.946,robot_2_carried_generic_box,0.843,1.074
1789262113,436685227,479.946,robot_0_carried_generic_box,1.971,0.536
1789262113,663388444,480.173,robot_1,0.650,-2.070
1789262113,663456985,480.173,robot_0,1.972,0.535
1789262113,663486246,480.173,robot_2,0.826,1.053
1789262113,663521580,480.173,robot_2_carried_generic_box,0.834,1.064
1789262113,663548265,480.199,robot_0_carried_generic_box,1.972,0.535
1789262113,898732066,480.408,robot_1,0.653,-2.059
1789262113,898798248,480.408,robot_0,1.972,0.535
1789262113,898824181,480.408,robot_2,0.826,1.053
1789262113,898856165,480.408,robot_2_carried_generic_box,0.828,1.056
1789262113,898883477,480.408,robot_0_carried_generic_box,1.972,0.535
1789262114,178156896,480.687,robot_1,0.657,-2.048
1789262114,178236978,480.687,robot_0,1.972,0.535
1789262114,178265095,480.687,robot_2,0.826,1.053
1789262114,178298074,480.687,robot_2_carried_generic_box,0.826,1.053
1789262114,178323916,480.687,robot_0_carried_generic_box,1.972,0.535
1789262114,378550945,480.888,robot_1,0.658,-2.043
1789262114,387699583,480.897,robot_0,1.972,0.535
1789262114,387790233,480.897,robot_2,0.826,1.053
1789262114,387832026,480.897,robot_2_carried_generic_box,0.826,1.053
1789262114,387861187,480.897,robot_0_carried_generic_box,1.972,0.535
1789262114,610367862,481.120,robot_1,0.661,-2.032
1789262114,610443749,481.120,robot_0,1.972,0.535
1789262114,610471804,481.120,robot_2,0.826,1.053
1789262114,610506838,481.120,robot_2_carried_generic_box,0.826,1.053
1789262114,610534698,481.120,robot_0_carried_generic_box,1.972,0.535
1789262114,811294074,481.320,robot_1,0.666,-2.015
1789262114,811363369,481.320,robot_0,1.972,0.535
1789262114,811396838,481.321,robot_2,0.826,1.053
1789262114,811436667,481.340,robot_2_carried_generic_box,0.826,1.053
1789262114,830781041,481.340,robot_0_carried_generic_box,1.972,0.535
1789262115,13477522,481.523,robot_1,0.670,-2.000
1789262115,13544904,481.523,robot_0,1.973,0.536
1789262115,13574083,481.523,robot_2,0.826,1.053
1789262115,13609428,481.523,robot_2_carried_generic_box,0.826,1.053
1789262115,13636503,481.523,robot_0_carried_generic_box,1.972,0.535
1789262115,258990231,481.768,robot_1,0.675,-1.980
1789262115,259064365,481.768,robot_0,1.975,0.545
1789262115,259093439,481.768,robot_2,0.826,1.053
1789262115,259126496,481.768,robot_2_carried_generic_box,0.826,1.053
1789262115,259153043,481.768,robot_0_carried_generic_box,1.973,0.536
1789262115,462200450,481.971,robot_1,0.679,-1.966
1789262115,462272902,481.971,robot_0,1.977,0.553
1789262115,462299298,481.971,robot_2,0.826,1.053
1789262115,462331496,481.971,robot_2_carried_generic_box,0.826,1.053
1789262115,462360098,481.971,robot_0_carried_generic_box,1.974,0.539
1789262115,683022606,482.192,robot_1,0.682,-1.955
1789262115,683085095,482.192,robot_0,1.980,0.566
1789262115,683113565,482.192,robot_2,0.826,1.053
1789262115,683147520,482.192,robot_2_carried_generic_box,0.826,1.053
1789262115,683173290,482.192,robot_0_carried_generic_box,1.975,0.544
1789262115,901526057,482.411,robot_1,0.683,-1.952
1789262115,920938348,482.430,robot_0,1.982,0.572
1789262115,921118348,482.430,robot_2,0.826,1.053
1789262115,921244724,482.430,robot_2_carried_generic_box,0.826,1.053
1789262115,921286047,482.430,robot_0_carried_generic_box,1.979,0.558
1789262116,122037143,482.631,robot_1,0.684,-1.946
1789262116,122110348,482.631,robot_0,1.982,0.572
1789262116,122144760,482.631,robot_2,0.826,1.053
1789262116,122186745,482.631,robot_2_carried_generic_box,0.826,1.053
1789262116,122227841,482.631,robot_0_carried_generic_box,1.981,0.570
1789262116,334268757,482.843,robot_1,0.686,-1.941
1789262116,334333431,482.843,robot_0,1.982,0.572
1789262116,334361722,482.843,robot_2,0.826,1.053
1789262116,334392612,482.844,robot_2_carried_generic_box,0.826,1.053
1789262116,334419397,482.844,robot_0_carried_generic_box,1.982,0.572
1789262116,564424170,483.074,robot_1,0.685,-1.942
1789262116,564491335,483.074,robot_0,1.982,0.575
1789262116,564528299,483.074,robot_2,0.827,1.053
1789262116,564570497,483.074,robot_2_carried_generic_box,0.826,1.053
1789262116,564600881,483.074,robot_0_carried_generic_box,1.982,0.572
1789262116,786460742,483.296,robot_1,0.684,-1.947
1789262116,786535765,483.296,robot_0,1.984,0.588
1789262116,786566140,483.296,robot_2,0.827,1.053
1789262116,786604997,483.296,robot_2_carried_generic_box,0.826,1.053
1789262116,786629642,483.296,robot_0_carried_generic_box,1.982,0.573
1789262117,18175551,483.527,robot_1,0.684,-1.947
1789262117,18248995,483.527,robot_0,1.986,0.605
1789262117,18276419,483.527,robot_2,0.827,1.053
1789262117,18309692,483.527,robot_2_carried_generic_box,0.827,1.053
1789262117,18335612,483.531,robot_0_carried_generic_box,1.983,0.580
1789262117,242702000,483.752,robot_1,0.684,-1.947
1789262117,243940872,483.753,robot_0,1.987,0.621
1789262117,244002737,483.753,robot_2,0.827,1.053
1789262117,244045197,483.753,robot_2_carried_generic_box,0.827,1.053
1789262117,244074474,483.753,robot_0_carried_generic_box,1.985,0.600
1789262117,491363229,484.000,robot_1,0.684,-1.947
1789262117,491428741,484.001,robot_0,1.989,0.639
1789262117,491458278,484.001,robot_2,0.827,1.053
1789262117,491493631,484.001,robot_2_carried_generic_box,0.827,1.053
1789262117,491517244,484.001,robot_0_carried_generic_box,1.987,0.616
1789262117,742391055,484.252,robot_1,0.684,-1.947
1789262117,742455905,484.252,robot_0,1.989,0.646
1789262117,742488457,484.252,robot_2,0.827,1.053
1789262117,742525550,484.252,robot_2_carried_generic_box,0.827,1.053
1789262117,742551444,484.252,robot_0_carried_generic_box,1.988,0.632
1789262117,957540876,484.467,robot_1,0.684,-1.947
1789262117,957609300,484.467,robot_0,1.990,0.646
1789262117,957647649,484.467,robot_2,0.827,1.053
1789262117,957688361,484.467,robot_2_carried_generic_box,0.827,1.053
1789262117,957722378,484.467,robot_0_carried_generic_box,1.989,0.644
1789262118,230213930,484.739,robot_1,0.684,-1.947
1789262118,230300127,484.739,robot_0,1.990,0.646
1789262118,230405008,484.740,robot_2,0.827,1.053
1789262118,230453428,484.740,robot_2_carried_generic_box,0.827,1.053
1789262118,230489239,484.740,robot_0_carried_generic_box,1.989,0.646
1789262118,433887462,484.943,robot_1,0.684,-1.947
1789262118,433975200,484.943,robot_0,1.990,0.646
1789262118,434015406,484.943,robot_2,0.827,1.053
1789262118,434059506,484.943,robot_2_carried_generic_box,0.827,1.053
1789262118,434093792,484.943,robot_0_carried_generic_box,1.990,0.646
1789262118,662462144,485.172,robot_1,0.685,-1.947
1789262118,662522242,485.172,robot_0,1.990,0.646
1789262118,662549946,485.172,robot_2,0.827,1.053
1789262118,662581030,485.172,robot_2_carried_generic_box,0.827,1.053
1789262118,662607607,485.172,robot_0_carried_generic_box,1.990,0.646
1789262118,867534499,485.377,robot_1,0.685,-1.947
1789262118,873869810,485.383,robot_0,1.990,0.646
1789262118,873942546,485.383,robot_2,0.827,1.053
1789262118,873979182,485.383,robot_2_carried_generic_box,0.827,1.053
1789262118,874004354,485.383,robot_0_carried_generic_box,1.990,0.646
1789262119,85861327,485.595,robot_1,0.685,-1.947
1789262119,85934849,485.595,robot_0,1.990,0.646
1789262119,85972364,485.595,robot_2,0.828,1.053
1789262119,86010096,485.595,robot_2_carried_generic_box,0.827,1.053
1789262119,86043647,485.595,robot_0_carried_generic_box,1.990,0.646
1789262119,290345351,485.799,robot_1,0.685,-1.947
1789262119,290411202,485.800,robot_0,1.990,0.646
1789262119,290441135,485.800,robot_2,0.828,1.053
1789262119,290472496,485.800,robot_2_carried_generic_box,0.828,1.053
1789262119,290499695,485.800,robot_0_carried_generic_box,1.990,0.646
1789262119,490507345,486.000,robot_1,0.685,-1.947
1789262119,490569972,486.000,robot_0,1.990,0.646
1789262119,490601960,486.000,robot_2,0.828,1.053
1789262119,490638301,486.000,robot_2_carried_generic_box,0.828,1.053
1789262119,490667239,486.000,robot_0_carried_generic_box,1.990,0.646
1789262119,720737038,486.230,robot_1,0.685,-1.947
1789262119,720811269,486.230,robot_0,1.990,0.646
1789262119,720845234,486.230,robot_2,0.828,1.053
1789262119,720880367,486.230,robot_2_carried_generic_box,0.828,1.053
1789262119,720910007,486.230,robot_0_carried_generic_box,1.990,0.646
1789262119,932512437,486.442,robot_1,0.685,-1.947
1789262119,932581211,486.442,robot_0,1.990,0.646
1789262119,932617630,486.442,robot_2,0.829,1.053
1789262119,932658135,486.442,robot_2_carried_generic_box,0.828,1.053
1789262119,932689274,486.442,robot_0_carried_generic_box,1.990,0.646
1789262120,157020488,486.666,robot_1,0.685,-1.947
1789262120,157088016,486.666,robot_0,1.991,0.646
1789262120,157124270,486.666,robot_2,0.835,1.046
1789262120,157164591,486.666,robot_2_carried_generic_box,0.828,1.053
1789262120,157198151,486.666,robot_0_carried_generic_box,1.990,0.646
1789262120,374125704,486.883,robot_1,0.685,-1.947
1789262120,374194135,486.889,robot_0,1.991,0.646
1789262120,380010801,486.889,robot_2,0.844,1.038
1789262120,380082678,486.889,robot_2_carried_generic_box,0.831,1.050
1789262120,380113270,486.889,robot_0_carried_generic_box,1.990,0.646
1789262120,579021630,487.088,robot_1,0.686,-1.947
1789262120,579084006,487.088,robot_0,1.991,0.647
1789262120,579118356,487.088,robot_2,0.852,1.031
1789262120,579156822,487.088,robot_2_carried_generic_box,0.843,1.040
1789262120,579187741,487.088,robot_0_carried_generic_box,1.991,0.646
1789262120,799263568,487.308,robot_1,0.686,-1.948
1789262120,799327412,487.308,robot_0,1.991,0.647
1789262120,799359375,487.308,robot_2,0.852,1.031
1789262120,799394224,487.309,robot_2_carried_generic_box,0.850,1.033
1789262120,799419289,487.309,robot_0_carried_generic_box,1.991,0.646
1789262121,13283179,487.522,robot_1,0.691,-1.955
1789262121,13344323,487.522,robot_0,1.991,0.647
1789262121,13375917,487.522,robot_2,0.852,1.031
1789262121,13410447,487.523,robot_2_carried_generic_box,0.852,1.031
1789262121,13438869,487.523,robot_0_carried_generic_box,1.991,0.647
1789262121,240716616,487.750,robot_1,0.699,-1.967
1789262121,240790774,487.750,robot_0,1.991,0.647
1789262121,240825298,487.750,robot_2,0.852,1.031
1789262121,240862785,487.750,robot_2_carried_generic_box,0.852,1.031
1789262121,240891690,487.750,robot_0_carried_generic_box,1.991,0.647
1789262121,460065239,487.969,robot_1,0.707,-1.977
1789262121,460131403,487.969,robot_0,1.991,0.647
1789262121,460165904,487.969,robot_2,0.853,1.030
1789262121,460204792,487.969,robot_2_carried_generic_box,0.852,1.031
1789262121,460232119,487.969,robot_0_carried_generic_box,1.991,0.647
1789262121,692614107,488.202,robot_1,0.707,-1.977
1789262121,692684593,488.202,robot_0,1.990,0.648
1789262121,692724882,488.202,robot_2,0.857,1.026
1789262121,692768751,488.202,robot_2_carried_generic_box,0.852,1.031
1789262121,692804795,488.202,robot_0_carried_generic_box,1.991,0.647
1789262121,907672633,488.417,robot_1,0.707,-1.977
1789262121,907755949,488.417,robot_0,1.984,0.654
1789262121,907798292,488.417,robot_2,0.863,1.021
1789262121,907840773,488.417,robot_2_carried_generic_box,0.853,1.030
1789262121,907869107,488.417,robot_0_carried_generic_box,1.991,0.647
1789262122,171679606,488.681,robot_1,0.707,-1.977
1789262122,171743474,488.681,robot_0,1.978,0.660
1789262122,171778597,488.681,robot_2,0.864,1.020
1789262122,171819955,488.681,robot_2_carried_generic_box,0.861,1.023
1789262122,171851808,488.681,robot_0_carried_generic_box,1.989,0.649
1789262122,386289757,488.895,robot_1,0.707,-1.977
1789262122,386351227,488.895,robot_0,1.976,0.662
1789262122,386383662,488.896,robot_2,0.864,1.020
1789262122,386415025,488.896,robot_2_carried_generic_box,0.864,1.020
1789262122,386440249,488.896,robot_0_carried_generic_box,1.978,0.660
1789262122,598289314,489.107,robot_1,0.707,-1.977
1789262122,598353382,489.107,robot_0,1.972,0.665
1789262122,598385117,489.108,robot_2,0.864,1.020
1789262122,598419698,489.108,robot_2_carried_generic_box,0.864,1.020
1789262122,598446039,489.108,robot_0_carried_generic_box,1.977,0.661
1789262122,825009455,489.334,robot_1,0.707,-1.977
1789262122,825075623,489.334,robot_0,1.970,0.667
1789262122,825108308,489.334,robot_2,0.864,1.020
1789262122,825147408,489.334,robot_2_carried_generic_box,0.864,1.020
1789262122,825182169,489.334,robot_0_carried_generic_box,1.972,0.665
1789262123,51616421,489.561,robot_1,0.707,-1.977
1789262123,52881842,489.562,robot_0,1.968,0.669
1789262123,52969003,489.562,robot_2,0.864,1.020
1789262123,53013520,489.562,robot_2_carried_generic_box,0.864,1.020
1789262123,53049055,489.562,robot_0_carried_generic_box,1.970,0.666
1789262123,282691917,489.792,robot_1,0.707,-1.977
1789262123,282752852,489.792,robot_0,1.958,0.675
1789262123,282783188,489.792,robot_2,0.864,1.020
1789262123,282819516,489.792,robot_2_carried_generic_box,0.864,1.020
1789262123,282851730,489.792,robot_0_carried_generic_box,1.970,0.667
1789262123,483209854,489.992,robot_1,0.707,-1.977
1789262123,483299700,489.992,robot_0,1.954,0.678
1789262123,509050875,490.018,robot_2,0.864,1.020
1789262123,509165976,490.018,robot_2_carried_generic_box,0.864,1.020
1789262123,509208758,490.018,robot_0_carried_generic_box,1.966,0.669
1789262123,744792751,490.254,robot_1,0.706,-1.978
1789262123,744860533,490.254,robot_0,1.954,0.678
1789262123,744900994,490.254,robot_2,0.864,1.020
1789262123,773098472,490.282,robot_2_carried_generic_box,0.864,1.020
1789262123,773180669,490.282,robot_0_carried_generic_box,1.954,0.677
1789262123,957450641,490.467,robot_1,0.706,-1.978
1789262123,957512558,490.467,robot_0,1.953,0.678
1789262123,957546052,490.467,robot_2,0.864,1.020
1789262123,957586958,490.467,robot_2_carried_generic_box,0.864,1.020
1789262123,957618996,490.467,robot_0_carried_generic_box,1.954,0.678
1789262124,200638526,490.710,robot_1,0.706,-1.978
1789262124,200716911,490.710,robot_0,1.946,0.682
1789262124,200748815,490.710,robot_2,0.864,1.020
1789262124,200785061,490.710,robot_2_carried_generic_box,0.864,1.020
1789262124,204777904,490.714,robot_0_carried_generic_box,1.954,0.678
1789262124,423286980,490.932,robot_1,0.706,-1.978
1789262124,423349539,490.932,robot_0,1.941,0.686
1789262124,423377638,490.932,robot_2,0.864,1.021
1789262124,423409277,490.933,robot_2_carried_generic_box,0.864,1.020
1789262124,423433374,490.933,robot_0_carried_generic_box,1.948,0.681
1789262124,638971971,491.148,robot_1,0.706,-1.978
1789262124,639058436,491.148,robot_0,1.943,0.684
1789262124,639092805,491.148,robot_2,0.864,1.021
1789262124,639128419,491.148,robot_2_carried_generic_box,0.864,1.020
1789262124,639154341,491.148,robot_0_carried_generic_box,1.944,0.684
1789262124,861036939,491.370,robot_1,0.706,-1.978
1789262124,861100049,491.370,robot_0,1.953,0.678
1789262124,861131032,491.370,robot_2,0.864,1.021
1789262124,861165605,491.370,robot_2_carried_generic_box,0.864,1.021
1789262124,861190006,491.374,robot_0_carried_generic_box,1.941,0.686
1789262125,78857776,491.588,robot_1,0.706,-1.978
1789262125,78919058,491.593,robot_0,1.965,0.671
1789262125,84318377,491.593,robot_2,0.864,1.021
1789262125,84360228,491.593,robot_2_carried_generic_box,0.864,1.021
1789262125,84388465,491.594,robot_0_carried_generic_box,1.950,0.680
1789262125,279385852,491.789,robot_1,0.706,-1.978
1789262125,279451170,491.789,robot_0,1.972,0.666
1789262125,279479949,491.789,robot_2,0.864,1.021
1789262125,279512105,491.789,robot_2_carried_generic_box,0.864,1.021
1789262125,280425702,491.790,robot_0_carried_generic_box,1.955,0.677
1789262125,513550152,492.023,robot_1,0.706,-1.978
1789262125,513630793,492.023,robot_0,1.975,0.665
1789262125,513666917,492.023,robot_2,0.865,1.021
1789262125,516198356,492.025,robot_2_carried_generic_box,0.864,1.021
1789262125,516271304,492.025,robot_0_carried_generic_box,1.970,0.668
1789262125,752380189,492.262,robot_1,0.706,-1.978
1789262125,752460645,492.262,robot_0,1.975,0.665
1789262125,752500081,492.262,robot_2,0.871,1.021
1789262125,752541630,492.262,robot_2_carried_generic_box,0.864,1.021
1789262125,752575810,492.262,robot_0_carried_generic_box,1.971,0.667
1789262126,3184858,492.512,robot_1,0.706,-1.978
1789262126,3247935,492.546,robot_0,1.975,0.665
1789262126,36660487,492.546,robot_2,0.879,1.021
1789262126,36719125,492.546,robot_2_carried_generic_box,0.869,1.021
1789262126,36757564,492.546,robot_0_carried_generic_box,1.975,0.665
1789262126,225018564,492.734,robot_1,0.706,-1.978
1789262126,225086006,492.734,robot_0,1.975,0.665
1789262126,225117826,492.734,robot_2,0.878,1.021
1789262126,225152793,492.734,robot_2_carried_generic_box,0.874,1.021
1789262126,225179632,492.734,robot_0_carried_generic_box,1.975,0.665
1789262126,428719031,492.938,robot_1,0.706,-1.977
1789262126,428786600,492.938,robot_0,1.975,0.665
1789262126,428823607,492.938,robot_2,0.867,1.020
1789262126,428864129,492.938,robot_2_carried_generic_box,0.879,1.021
1789262126,428898962,492.938,robot_0_carried_generic_box,1.975,0.665
1789262126,632290573,493.141,robot_1,0.706,-1.977
1789262126,632356356,493.141,robot_0,1.975,0.665
1789262126,632387915,493.142,robot_2,0.856,1.019
1789262126,632421954,493.142,robot_2_carried_generic_box,0.872,1.020
1789262126,632447225,493.142,robot_0_carried_generic_box,1.975,0.665
1789262126,834093030,493.343,robot_1,0.707,-1.977
1789262126,840862535,493.350,robot_0,1.975,0.665
1789262126,841015407,493.350,robot_2,0.851,1.019
1789262126,841060261,493.350,robot_2_carried_generic_box,0.860,1.019
1789262126,841088885,493.350,robot_0_carried_generic_box,1.975,0.665
1789262127,58032490,493.567,robot_1,0.707,-1.977
1789262127,58095437,493.567,robot_0,1.975,0.666
1789262127,58125994,493.567,robot_2,0.854,1.019
1789262127,58161714,493.567,robot_2_carried_generic_box,0.852,1.019
1789262127,58190236,493.567,robot_0_carried_generic_box,1.975,0.665
1789262127,278668295,493.788,robot_1,0.707,-1.977
1789262127,278737634,493.788,robot_0,1.975,0.666
1789262127,278774139,493.788,robot_2,0.865,1.020
1789262127,278813907,493.788,robot_2_carried_generic_box,0.851,1.019
1789262127,278845978,493.788,robot_0_carried_generic_box,1.975,0.665
1789262127,497174022,494.006,robot_1,0.706,-1.976
1789262127,499776002,494.009,robot_0,1.975,0.666
1789262127,499850082,494.009,robot_2,0.867,1.020
1789262127,499887761,494.009,robot_2_carried_generic_box,0.859,1.020
1789262127,499915829,494.009,robot_0_carried_generic_box,1.975,0.666
1789262127,705927955,494.215,robot_1,0.701,-1.970
1789262127,705988720,494.215,robot_0,1.975,0.666
1789262127,706019093,494.215,robot_2,0.867,1.020
1789262127,706052189,494.215,robot_2_carried_generic_box,0.866,1.020
1789262127,706078022,494.215,robot_0_carried_generic_box,1.975,0.666
1789262127,937300380,494.454,robot_1,0.699,-1.968
1789262127,945042697,494.454,robot_0,1.975,0.666
1789262127,945094127,494.454,robot_2,0.872,1.021
1789262127,945130885,494.454,robot_2_carried_generic_box,0.867,1.020
1789262127,945158140,494.454,robot_0_carried_generic_box,1.975,0.666
1789262128,170196840,494.679,robot_1,0.699,-1.968
1789262128,170266517,494.679,robot_0,1.975,0.666
1789262128,170304899,494.679,robot_2,0.881,1.021
1789262128,170346941,494.679,robot_2_carried_generic_box,0.868,1.020
1789262128,170381866,494.680,robot_0_carried_generic_box,1.975,0.666
1789262128,407773330,494.917,robot_1,0.700,-1.968
1789262128,407836957,494.917,robot_0,1.975,0.666
1789262128,407867177,494.917,robot_2,0.883,1.021
1789262128,407904185,494.917,robot_2_carried_generic_box,0.875,1.021
1789262128,407934152,494.917,robot_0_carried_generic_box,1.975,0.666
1789262128,634818860,495.144,robot_1,0.704,-1.972
1789262128,634889010,495.144,robot_0,1.975,0.667
1789262128,634918502,495.144,robot_2,0.883,1.021
1789262128,634959442,495.144,robot_2_carried_generic_box,0.882,1.021
1789262128,634985233,495.144,robot_0_carried_generic_box,1.975,0.666
1789262128,862350708,495.371,robot_1,0.706,-1.974
1789262128,862413535,495.372,robot_0,1.975,0.667
1789262128,862444488,495.372,robot_2,0.883,1.021
1789262128,862476510,495.372,robot_2_carried_generic_box,0.883,1.021
1789262128,862499850,495.372,robot_0_carried_generic_box,1.975,0.667
1789262129,116409355,495.626,robot_1,0.706,-1.974
1789262129,116471731,495.626,robot_0,1.975,0.667
1789262129,116505370,495.626,robot_2,0.883,1.021
1789262129,116545735,495.626,robot_2_carried_generic_box,0.883,1.021
1789262129,116578675,495.626,robot_0_carried_generic_box,1.975,0.667
1789262129,340399764,495.850,robot_1,0.704,-1.972
1789262129,340486696,495.850,robot_0,1.975,0.667
1789262129,340524921,495.850,robot_2,0.883,1.021
1789262129,340559155,495.850,robot_2_carried_generic_box,0.883,1.021
1789262129,340586457,495.850,robot_0_carried_generic_box,1.975,0.667
1789262129,587198483,496.096,robot_1,0.698,-1.967
1789262129,587261798,496.096,robot_0,1.975,0.667
1789262129,587291735,496.096,robot_2,0.883,1.021
1789262129,587325686,496.096,robot_2_carried_generic_box,0.883,1.021
1789262129,587351781,496.096,robot_0_carried_generic_box,1.975,0.667
1789262129,820577352,496.330,robot_1,0.699,-1.967
1789262129,820638616,496.330,robot_0,1.975,0.667
1789262129,820667046,496.330,robot_2,0.883,1.022
1789262129,820700124,496.330,robot_2_carried_generic_box,0.883,1.021
1789262129,820723343,496.330,robot_0_carried_generic_box,1.975,0.667
1789262130,43215053,496.552,robot_1,0.707,-1.974
1789262130,43308954,496.552,robot_0,1.974,0.667
1789262130,43349492,496.552,robot_2,0.883,1.022
1789262130,43391440,496.553,robot_2_carried_generic_box,0.883,1.022
1789262130,43421623,496.553,robot_0_carried_generic_box,1.975,0.667
1789262130,259396546,496.769,robot_1,0.716,-1.981
1789262130,259467168,496.769,robot_0,1.974,0.668
1789262130,259500665,496.769,robot_2,0.883,1.022
1789262130,259536512,496.769,robot_2_carried_generic_box,0.883,1.022
1789262130,259565808,496.769,robot_0_carried_generic_box,1.974,0.667
1789262130,496017053,497.005,robot_1,0.721,-1.985
1789262130,496081941,497.005,robot_0,1.974,0.668
1789262130,496113996,497.005,robot_2,0.883,1.022
1789262130,496148564,497.005,robot_2_carried_generic_box,0.883,1.022
1789262130,496177784,497.005,robot_0_carried_generic_box,1.974,0.668
1789262130,716080612,497.225,robot_1,0.721,-1.985
1789262130,716151835,497.225,robot_0,1.974,0.668
1789262130,716182175,497.225,robot_2,0.882,1.022
1789262130,716215384,497.225,robot_2_carried_generic_box,0.883,1.022
1789262130,716241288,497.225,robot_0_carried_generic_box,1.974,0.668
1789262130,945373786,497.455,robot_1,0.721,-1.985
1789262130,945441726,497.455,robot_0,1.974,0.668
1789262130,945479969,497.455,robot_2,0.882,1.022
1789262130,945519321,497.455,robot_2_carried_generic_box,0.882,1.022
1789262130,945545884,497.455,robot_0_carried_generic_box,1.974,0.668
1789262131,172697730,497.682,robot_1,0.721,-1.985
1789262131,172757947,497.682,robot_0,1.974,0.668
1789262131,172788523,497.682,robot_2,0.882,1.022
1789262131,172819531,497.682,robot_2_carried_generic_box,0.882,1.022
1789262131,172846015,497.682,robot_0_carried_generic_box,1.974,0.668
1789262131,450157151,497.969,robot_1,0.721,-1.984
1789262131,460324976,497.969,robot_0,1.974,0.668
1789262131,460376807,497.970,robot_2,0.882,1.022
1789262131,460422343,497.970,robot_2_carried_generic_box,0.882,1.022
1789262131,460456870,497.970,robot_0_carried_generic_box,1.974,0.668
1789262131,677223036,498.186,robot_1,0.721,-1.984
1789262131,677290562,498.186,robot_0,1.974,0.668
1789262131,677322811,498.186,robot_2,0.882,1.022
1789262131,677352978,498.186,robot_2_carried_generic_box,0.882,1.022
1789262131,677377018,498.186,robot_0_carried_generic_box,1.974,0.668
1789262131,887580838,498.404,robot_1,0.721,-1.984
1789262131,895431862,498.405,robot_0,1.968,0.662
1789262131,895500560,498.405,robot_2,0.880,1.020
1789262131,895541531,498.405,robot_2_carried_generic_box,0.882,1.022
1789262131,895575394,498.405,robot_0_carried_generic_box,1.974,0.668
1789262132,125742154,498.635,robot_1,0.721,-1.984
1789262132,125819730,498.635,robot_0,1.960,0.652
1789262132,125855985,498.635,robot_2,0.873,1.012
1789262132,125893897,498.635,robot_2_carried_generic_box,0.881,1.021
1789262132,125930664,498.635,robot_0_carried_generic_box,1.973,0.667
1789262132,380425025,498.890,robot_1,0.721,-1.984
1789262132,380499405,498.890,robot_0,1.950,0.639
1789262132,380535587,498.890,robot_2,0.869,1.007
1789262132,380578385,498.890,robot_2_carried_generic_box,0.874,1.013
1789262132,380614016,498.890,robot_0_carried_generic_box,1.961,0.654
1789262132,601869565,499.111,robot_1,0.721,-1.984
1789262132,602198813,499.111,robot_0,1.941,0.628
1789262132,602246109,499.111,robot_2,0.872,1.011
1789262132,602285914,499.111,robot_2_carried_generic_box,0.869,1.008
1789262132,602316061,499.111,robot_0_carried_generic_box,1.957,0.648
1789262132,831414621,499.341,robot_1,0.721,-1.984
1789262132,831488949,499.341,robot_0,1.936,0.621
1789262132,831523763,499.341,robot_2,0.874,1.015
1789262132,831565745,499.341,robot_2_carried_generic_box,0.869,1.008
1789262132,831601493,499.341,robot_0_carried_generic_box,1.943,0.631
1789262133,50834458,499.560,robot_1,0.721,-1.984
1789262133,50903928,499.560,robot_0,1.928,0.612
1789262133,69800288,499.579,robot_2,0.874,1.015
1789262133,69888701,499.579,robot_2_carried_generic_box,0.872,1.011
1789262133,77058936,499.586,robot_0_carried_generic_box,1.937,0.623
1789262133,263114922,499.772,robot_1,0.721,-1.984
1789262133,263186937,499.772,robot_0,1.925,0.607
1789262133,263216693,499.772,robot_2,0.874,1.015
1789262133,263251323,499.772,robot_2_carried_generic_box,0.874,1.015
1789262133,263278791,499.772,robot_0_carried_generic_box,1.935,0.620
1789262133,518258345,500.027,robot_1,0.721,-1.983
1789262133,518340931,500.027,robot_0,1.925,0.608
1789262133,518377422,500.028,robot_2,0.872,1.013
1789262133,518421086,500.028,robot_2_carried_generic_box,0.874,1.015
1789262133,518457205,500.038,robot_0_carried_generic_box,1.925,0.608
1789262133,759510389,500.269,robot_1,0.721,-1.983
1789262133,759579208,500.269,robot_0,1.928,0.611
1789262133,759607575,500.269,robot_2,0.868,1.007
1789262133,759642594,500.269,robot_2_carried_generic_box,0.874,1.014
1789262133,759670991,500.269,robot_0_carried_generic_box,1.925,0.608
1789262133,989546393,500.499,robot_1,0.721,-1.983
1789262133,989617544,500.499,robot_0,1.928,0.612
1789262133,989657147,500.499,robot_2,0.869,1.007
1789262133,989700358,500.499,robot_2_carried_generic_box,0.872,1.012
1789262133,989732116,500.499,robot_0_carried_generic_box,1.928,0.612
1789262134,231112068,500.740,robot_1,0.726,-1.983
1789262134,231186156,500.740,robot_0,1.928,0.612
1789262134,231218212,500.740,robot_2,0.869,1.008
1789262134,231252185,500.740,robot_2_carried_generic_box,0.867,1.005
1789262134,231281750,500.740,robot_0_carried_generic_box,1.928,0.612
1789262134,478339965,500.987,robot_1,0.741,-1.981
1789262134,478405068,500.988,robot_0,1.928,0.612
1789262134,478436300,500.988,robot_2,0.869,1.008
1789262134,478472354,500.988,robot_2_carried_generic_box,0.869,1.008
1789262134,478503356,500.988,robot_0_carried_generic_box,1.928,0.612
1789262134,684265904,501.193,robot_1,0.750,-1.979
1789262134,684332340,501.193,robot_0,1.928,0.612
1789262134,684365356,501.193,robot_2,0.869,1.008
1789262134,684394422,501.194,robot_2_carried_generic_box,0.869,1.008
1789262134,684419788,501.194,robot_0_carried_generic_box,1.928,0.612
1789262134,971972329,501.481,robot_1,0.754,-1.979
1789262134,972043642,501.481,robot_0,1.928,0.612
1789262134,972073482,501.481,robot_2,0.871,1.011
1789262134,972106036,501.481,robot_2_carried_generic_box,0.869,1.008
1789262134,972135988,501.481,robot_0_carried_generic_box,1.928,0.612
1789262135,216749376,501.726,robot_1,0.754,-1.979
1789262135,216810943,501.726,robot_0,1.927,0.612
1789262135,216837951,501.726,robot_2,0.875,1.018
1789262135,216869027,501.726,robot_2_carried_generic_box,0.871,1.011
1789262135,216897997,501.726,robot_0_carried_generic_box,1.928,0.612
1789262135,429422808,501.939,robot_1,0.754,-1.979
1789262135,429489824,501.939,robot_0,1.927,0.612
1789262135,429523357,501.939,robot_2,0.873,1.014
1789262135,429566274,501.939,robot_2_carried_generic_box,0.875,1.017
1789262135,429600085,501.939,robot_0_carried_generic_box,1.928,0.612
1789262135,666855166,502.176,robot_1,0.754,-1.979
1789262135,666918068,502.176,robot_0,1.927,0.612
1789262135,666954188,502.176,robot_2,0.866,1.002
1789262135,666986275,502.176,robot_2_carried_generic_box,0.875,1.018
1789262135,667012999,502.176,robot_0_carried_generic_box,1.927,0.612
1789262135,892103920,502.401,robot_1,0.754,-1.978
1789262135,892161184,502.401,robot_0,1.927,0.612
1789262135,892185998,502.401,robot_2,0.857,0.987
1789262135,892218863,502.401,robot_2_carried_generic_box,0.867,1.004
1789262135,892245528,502.401,robot_0_carried_generic_box,1.927,0.612
1789262136,98538083,502.608,robot_1,0.754,-1.978
1789262136,98608316,502.608,robot_0,1.927,0.612
1789262136,98637518,502.608,robot_2,0.852,0.979
1789262136,98674096,502.608,robot_2_carried_generic_box,0.864,0.999
1789262136,98703335,502.608,robot_0_carried_generic_box,1.927,0.612
1789262136,307593255,502.817,robot_1,0.754,-1.978
1789262136,307663202,502.817,robot_0,1.927,0.612
1789262136,307696540,502.817,robot_2,0.851,0.978
1789262136,307739851,502.817,robot_2_carried_generic_box,0.854,0.981
1789262136,307774239,502.817,robot_0_carried_generic_box,1.927,0.612
1789262136,529223954,503.038,robot_1,0.754,-1.978
1789262136,529281967,503.038,robot_0,1.927,0.612
1789262136,529311495,503.038,robot_2,0.855,0.983
1789262136,529344144,503.038,robot_2_carried_generic_box,0.851,0.977
1789262136,529371847,503.038,robot_0_carried_generic_box,1.927,0.612
1789262136,811420163,503.321,robot_1,0.754,-1.978
1789262136,811490727,503.321,robot_0,1.927,0.612
1789262136,811524391,503.321,robot_2,0.856,0.985
1789262136,811565447,503.321,robot_2_carried_generic_box,0.852,0.978
1789262136,811599927,503.321,robot_0_carried_generic_box,1.927,0.612
1789262137,57485236,503.567,robot_1,0.754,-1.978
1789262137,57558934,503.567,robot_0,1.926,0.612
1789262137,57589848,503.567,robot_2,0.859,0.990
1789262137,57623144,503.567,robot_2_carried_generic_box,0.856,0.985
1789262137,57648076,503.567,robot_0_carried_generic_box,1.927,0.612
1789262137,286235764,503.795,robot_1,0.754,-1.978
1789262137,286304808,503.795,robot_0,1.926,0.612
1789262137,286333479,503.795,robot_2,0.859,0.990
1789262137,286368683,503.795,robot_2_carried_generic_box,0.859,0.990
1789262137,286394831,503.796,robot_0_carried_generic_box,1.926,0.612
1789262137,536748778,504.046,robot_1,0.754,-1.978
1789262137,536823499,504.046,robot_0,1.926,0.612
1789262137,536857232,504.046,robot_2,0.859,0.990
1789262137,536894684,504.046,robot_2_carried_generic_box,0.859,0.990
1789262137,536933992,504.046,robot_0_carried_generic_box,1.926,0.612
1789262137,738359414,504.251,robot_1,0.753,-1.977
1789262137,742442178,504.252,robot_0,1.925,0.616
1789262137,742481562,504.252,robot_2,0.859,0.990
1789262137,742519766,504.252,robot_2_carried_generic_box,0.859,0.990
1789262137,742553276,504.252,robot_0_carried_generic_box,1.926,0.612
1789262138,6275132,504.516,robot_1,0.753,-1.977
1789262138,6741366,504.516,robot_0,1.924,0.620
1789262138,6788149,504.516,robot_2,0.859,0.990
1789262138,6822479,504.516,robot_2_carried_generic_box,0.859,0.990
1789262138,6849095,504.516,robot_0_carried_generic_box,1.926,0.612
1789262138,249261152,504.758,robot_1,0.753,-1.977
1789262138,249340290,504.758,robot_0,1.924,0.620
1789262138,249376046,504.759,robot_2,0.859,0.990
1789262138,249417655,504.759,robot_2_carried_generic_box,0.859,0.990
1789262138,249453685,504.759,robot_0_carried_generic_box,1.924,0.620
1789262138,480613269,504.994,robot_1,0.753,-1.977
1789262138,485263858,504.994,robot_0,1.924,0.620
1789262138,485294934,504.994,robot_2,0.859,0.990
1789262138,485333880,504.994,robot_2_carried_generic_box,0.859,0.990
1789262138,485365178,504.994,robot_0_carried_generic_box,1.924,0.620
1789262138,705934411,505.215,robot_1,0.753,-1.977
1789262138,706008053,505.215,robot_0,1.927,0.610
1789262138,706036493,505.215,robot_2,0.859,0.990
1789262138,706070883,505.215,robot_2_carried_generic_box,0.859,0.990
1789262138,706094557,505.215,robot_0_carried_generic_box,1.924,0.620
1789262138,916644015,505.426,robot_1,0.753,-1.977
1789262138,916720483,505.426,robot_0,1.930,0.599
1789262138,916754135,505.426,robot_2,0.858,0.990
1789262138,916791633,505.426,robot_2_carried_generic_box,0.859,0.990
1789262138,916819967,505.426,robot_0_carried_generic_box,1.925,0.617
1789262139,152447716,505.662,robot_1,0.753,-1.977
1789262139,152511477,505.662,robot_0,1.932,0.593
1789262139,152545466,505.662,robot_2,0.858,0.990
1789262139,152588436,505.662,robot_2_carried_generic_box,0.858,0.990
1789262139,152624936,505.662,robot_0_carried_generic_box,1.929,0.604
1789262139,363888682,505.873,robot_1,0.753,-1.977
1789262139,363970610,505.873,robot_0,1.934,0.586
1789262139,364001154,505.873,robot_2,0.858,0.990
1789262139,364035210,505.873,robot_2_carried_generic_box,0.858,0.990
1789262139,364063551,505.873,robot_0_carried_generic_box,1.929,0.604
1789262139,603236169,506.112,robot_1,0.753,-1.977
1789262139,603300174,506.112,robot_0,1.937,0.577
1789262139,603326393,506.112,robot_2,0.858,0.990
1789262139,611591087,506.121,robot_2_carried_generic_box,0.858,0.990
1789262139,611709131,506.121,robot_0_carried_generic_box,1.932,0.592
1789262139,834037987,506.343,robot_1,0.752,-1.977
1789262139,834101813,506.343,robot_0,1.938,0.573
1789262139,834133005,506.343,robot_2,0.858,0.990
1789262139,834170511,506.343,robot_2_carried_generic_box,0.858,0.990
1789262139,834200349,506.343,robot_0_carried_generic_box,1.936,0.579
1789262140,37791711,506.547,robot_1,0.752,-1.977
1789262140,37853171,506.547,robot_0,1.940,0.567
1789262140,37880653,506.547,robot_2,0.858,0.990
1789262140,37913320,506.547,robot_2_carried_generic_box,0.858,0.990
1789262140,37956304,506.547,robot_0_carried_generic_box,1.938,0.575
1789262140,264581309,506.774,robot_1,0.752,-1.977
1789262140,264643082,506.774,robot_0,1.940,0.567
1789262140,264672731,506.774,robot_2,0.858,0.990
1789262140,264709830,506.774,robot_2_carried_generic_box,0.858,0.990
1789262140,264741511,506.774,robot_0_carried_generic_box,1.939,0.572
1789262140,486508942,506.996,robot_1,0.752,-1.977
1789262140,486585677,506.996,robot_0,1.940,0.567
1789262140,486616499,506.996,robot_2,0.858,0.990
1789262140,486652236,506.996,robot_2_carried_generic_box,0.858,0.990
1789262140,486681172,506.996,robot_0_carried_generic_box,1.940,0.569
1789262140,698379931,507.208,robot_1,0.752,-1.976
1789262140,698441342,507.208,robot_0,1.940,0.567
1789262140,698470131,507.208,robot_2,0.858,0.990
1789262140,698504900,507.208,robot_2_carried_generic_box,0.858,0.990
1789262140,698532631,507.208,robot_0_carried_generic_box,1.940,0.567
1789262140,949555191,507.459,robot_1,0.751,-1.967
1789262140,949616348,507.459,robot_0,1.940,0.567
1789262140,949643574,507.459,robot_2,0.859,0.987
1789262140,949675796,507.459,robot_2_carried_generic_box,0.858,0.990
1789262140,949715888,507.459,robot_0_carried_generic_box,1.940,0.567
1789262141,162353290,507.671,robot_1,0.751,-1.960
1789262141,162420473,507.672,robot_0,1.940,0.566
1789262141,162446692,507.672,robot_2,0.858,0.988
1789262141,162478810,507.672,robot_2_carried_generic_box,0.858,0.989
1789262141,162505267,507.672,robot_0_carried_generic_box,1.940,0.567
1789262141,415516949,507.925,robot_1,0.751,-1.959
1789262141,415577450,507.925,robot_0,1.940,0.566
1789262141,415608396,507.925,robot_2,0.858,0.988
1789262141,415639852,507.925,robot_2_carried_generic_box,0.858,0.988
1789262141,415667599,507.925,robot_0_carried_generic_box,1.940,0.567
1789262141,637403185,508.147,robot_1,0.751,-1.959
1789262141,637471534,508.147,robot_0,1.940,0.566
1789262141,637500646,508.147,robot_2,0.862,0.979
1789262141,637537912,508.147,robot_2_carried_generic_box,0.858,0.988
1789262141,637565566,508.147,robot_0_carried_generic_box,1.940,0.566
1789262141,840339660,508.349,robot_1,0.750,-1.959
1789262141,846190866,508.355,robot_0,1.940,0.566
1789262141,846267014,508.355,robot_2,0.866,0.969
1789262141,846311398,508.355,robot_2_carried_generic_box,0.860,0.984
1789262141,846346568,508.355,robot_0_carried_generic_box,1.940,0.566
1789262142,71996770,508.581,robot_1,0.750,-1.959
1789262142,72053915,508.581,robot_0,1.940,0.566
1789262142,72083785,508.581,robot_2,0.870,0.959
1789262142,72124534,508.581,robot_2_carried_generic_box,0.864,0.973
1789262142,85554964,508.595,robot_0_carried_generic_box,1.940,0.566
1789262142,304568994,508.814,robot_1,0.750,-1.956
1789262142,304635828,508.814,robot_0,1.940,0.566
1789262142,304670766,508.814,robot_2,0.873,0.952
1789262142,304712256,508.814,robot_2_carried_generic_box,0.868,0.964
1789262142,304746585,508.814,robot_0_carried_generic_box,1.940,0.566
1789262142,533615269,509.043,robot_1,0.749,-1.947
1789262142,533679650,509.043,robot_0,1.940,0.566
1789262142,533711945,509.043,robot_2,0.874,0.949
1789262142,533751999,509.043,robot_2_carried_generic_box,0.870,0.959
1789262142,533784827,509.043,robot_0_carried_generic_box,1.940,0.566
1789262142,806206757,509.315,robot_1,0.749,-1.947
1789262142,806288486,509.315,robot_0,1.939,0.566
1789262142,806322736,509.315,robot_2,0.874,0.950
1789262142,806360420,509.315,robot_2_carried_generic_box,0.874,0.949
1789262142,806387576,509.316,robot_0_carried_generic_box,1.940,0.566
1789262143,79445196,509.589,robot_1,0.749,-1.947
1789262143,79512471,509.589,robot_0,1.939,0.566
1789262143,79541783,509.589,robot_2,0.870,0.958
1789262143,79573913,509.589,robot_2_carried_generic_box,0.874,0.950
1789262143,79601220,509.589,robot_0_carried_generic_box,1.939,0.566
1789262143,327069573,509.836,robot_1,0.749,-1.954
1789262143,327144527,509.836,robot_0,1.939,0.566
1789262143,327177590,509.836,robot_2,0.867,0.965
1789262143,327218197,509.836,robot_2_carried_generic_box,0.871,0.956
1789262143,327251398,509.836,robot_0_carried_generic_box,1.939,0.566
1789262143,537679704,510.047,robot_1,0.751,-1.965
1789262143,537742187,510.047,robot_0,1.939,0.566
1789262143,537775528,510.047,robot_2,0.867,0.965
1789262143,537816504,510.047,robot_2_carried_generic_box,0.868,0.964
1789262143,537846028,510.047,robot_0_carried_generic_box,1.939,0.566
1789262143,775554249,510.285,robot_1,0.751,-1.965
1789262143,775616134,510.285,robot_0,1.939,0.565
1789262143,775639123,510.285,robot_2,0.867,0.965
1789262143,775666838,510.285,robot_2_carried_generic_box,0.867,0.965
1789262143,775692162,510.285,robot_0_carried_generic_box,1.939,0.566
1789262144,25491253,510.535,robot_1,0.750,-1.954
1789262144,25556555,510.535,robot_0,1.940,0.565
1789262144,25583070,510.535,robot_2,0.867,0.965
1789262144,25613625,510.535,robot_2_carried_generic_box,0.867,0.965
1789262144,25639597,510.535,robot_0_carried_generic_box,1.939,0.565
1789262144,247235973,510.756,robot_1,0.749,-1.949
1789262144,247311136,510.756,robot_0,1.943,0.563
1789262144,247342917,510.756,robot_2,0.867,0.965
1789262144,247380125,510.757,robot_2_carried_generic_box,0.867,0.965
1789262144,247410215,510.757,robot_0_carried_generic_box,1.939,0.565
1789262144,445899332,510.960,robot_1,0.749,-1.945
1789262144,450745819,510.960,robot_0,1.952,0.559
1789262144,450811471,510.960,robot_2,0.867,0.965
1789262144,450857909,510.960,robot_2_carried_generic_box,0.867,0.965
1789262144,450894877,510.960,robot_0_carried_generic_box,1.939,0.565
1789262144,651723681,511.161,robot_1,0.749,-1.945
1789262144,651789889,511.161,robot_0,1.952,0.559
1789262144,651819594,511.161,robot_2,0.867,0.964
1789262144,651856408,511.161,robot_2_carried_generic_box,0.867,0.965
1789262144,651880032,511.161,robot_0_carried_generic_box,1.949,0.560
1789262144,869712258,511.379,robot_1,0.749,-1.945
1789262144,869772909,511.379,robot_0,1.945,0.561
1789262144,869803112,511.379,robot_2,0.867,0.964
1789262144,869841456,511.379,robot_2_carried_generic_box,0.867,0.965
1789262144,869874793,511.379,robot_0_carried_generic_box,1.952,0.559
1789262145,88012952,511.597,robot_1,0.749,-1.945
1789262145,88082354,511.597,robot_0,1.937,0.564
1789262145,88112462,511.597,robot_2,0.867,0.964
1789262145,88149533,511.597,robot_2_carried_generic_box,0.867,0.964
1789262145,88176336,511.597,robot_0_carried_generic_box,1.951,0.559
1789262145,309583253,511.819,robot_1,0.749,-1.945
1789262145,309647315,511.819,robot_0,1.928,0.568
1789262145,309675766,511.819,robot_2,0.867,0.964
1789262145,309709565,511.819,robot_2_carried_generic_box,0.867,0.964
1789262145,309736401,511.819,robot_0_carried_generic_box,1.941,0.563
1789262145,554098067,512.063,robot_1,0.749,-1.945
1789262145,554167877,512.063,robot_0,1.928,0.568
1789262145,554200916,512.063,robot_2,0.867,0.964
1789262145,554241032,512.063,robot_2_carried_generic_box,0.867,0.964
1789262145,554272775,512.063,robot_0_carried_generic_box,1.928,0.568
1789262145,789393358,512.299,robot_1,0.749,-1.945
1789262145,789461217,512.299,robot_0,1.937,0.564
1789262145,789491808,512.299,robot_2,0.867,0.964
1789262145,789523379,512.299,robot_2_carried_generic_box,0.867,0.964
1789262145,789547577,512.299,robot_0_carried_generic_box,1.927,0.568
1789262146,47518711,512.557,robot_1,0.749,-1.945
1789262146,47580722,512.557,robot_0,1.947,0.561
1789262146,47613885,512.557,robot_2,0.867,0.964
1789262146,47659653,512.557,robot_2_carried_generic_box,0.867,0.964
1789262146,47692194,512.557,robot_0_carried_generic_box,1.930,0.567
1789262146,295827023,512.805,robot_1,0.749,-1.945
1789262146,295890936,512.805,robot_0,1.962,0.556
1789262146,295931529,512.805,robot_2,0.867,0.964
1789262146,295969821,512.805,robot_2_carried_generic_box,0.867,0.964
1789262146,296003548,512.805,robot_0_carried_generic_box,1.943,0.562
1789262146,510225145,513.019,robot_1,0.750,-1.943
1789262146,510284992,513.019,robot_0,1.973,0.552
1789262146,510311880,513.019,robot_2,0.867,0.964
1789262146,510344498,513.019,robot_2_carried_generic_box,0.867,0.964
1789262146,510370514,513.019,robot_0_carried_generic_box,1.951,0.560
1789262146,714381687,513.224,robot_1,0.754,-1.934
1789262146,714449757,513.224,robot_0,1.978,0.550
1789262146,714479629,513.224,robot_2,0.867,0.964
1789262146,714513271,513.224,robot_2_carried_generic_box,0.867,0.964
1789262146,714538636,513.224,robot_0_carried_generic_box,1.973,0.552
1789262146,935305682,513.444,robot_1,0.753,-1.934
1789262146,935376641,513.445,robot_0,1.978,0.550
1789262146,935411791,513.445,robot_2,0.868,0.963
1789262146,935449016,513.445,robot_2_carried_generic_box,0.867,0.964
1789262146,935474164,513.445,robot_0_carried_generic_box,1.978,0.550
1789262147,171477428,513.681,robot_1,0.753,-1.935
1789262147,171549999,513.681,robot_0,1.978,0.550
1789262147,171581079,513.681,robot_2,0.874,0.961
1789262147,171616481,513.681,robot_2_carried_generic_box,0.866,0.964
1789262147,171645762,513.681,robot_0_carried_generic_box,1.978,0.550
1789262147,391615101,513.901,robot_1,0.753,-1.935
1789262147,391677324,513.901,robot_0,1.978,0.550
1789262147,391702660,513.901,robot_2,0.885,0.957
1789262147,391735812,513.901,robot_2_carried_generic_box,0.867,0.963
1789262147,391763814,513.901,robot_0_carried_generic_box,1.978,0.550
1789262147,600793594,514.110,robot_1,0.753,-1.935
1789262147,600852147,514.110,robot_0,1.978,0.550
1789262147,600880306,514.110,robot_2,0.895,0.954
1789262147,600911424,514.110,robot_2_carried_generic_box,0.879,0.959
1789262147,600945955,514.110,robot_0_carried_generic_box,1.978,0.550
1789262147,827240700,514.336,robot_1,0.754,-1.935
1789262147,827309791,514.336,robot_0,1.978,0.549
1789262147,827343298,514.336,robot_2,0.910,0.950
1789262147,827381767,514.337,robot_2_carried_generic_box,0.881,0.958
1789262147,827414794,514.337,robot_0_carried_generic_box,1.978,0.550
1789262148,60721448,514.570,robot_1,0.754,-1.935
1789262148,60781545,514.570,robot_0,1.978,0.549
1789262148,60814743,514.570,robot_2,0.926,0.945
1789262148,60852999,514.570,robot_2_carried_generic_box,0.897,0.953
1789262148,60883703,514.570,robot_0_carried_generic_box,1.978,0.549
1789262148,269092464,514.778,robot_1,0.753,-1.935
1789262148,269166516,514.778,robot_0,1.978,0.549
1789262148,269201544,514.778,robot_2,0.937,0.942
1789262148,269243747,514.778,robot_2_carried_generic_box,0.918,0.947
1789262148,269277607,514.778,robot_0_carried_generic_box,1.978,0.549
1789262148,489658383,514.999,robot_1,0.753,-1.935
1789262148,489712329,514.999,robot_0,1.978,0.549
1789262148,489736533,514.999,robot_2,0.943,0.941
1789262148,489766427,514.999,robot_2_carried_generic_box,0.936,0.942
1789262148,489790062,514.999,robot_0_carried_generic_box,1.978,0.549
1789262148,714086141,515.223,robot_1,0.753,-1.935
1789262148,714151857,515.223,robot_0,1.978,0.549
1789262148,714181908,515.223,robot_2,0.951,0.938
1789262148,714219959,515.223,robot_2_carried_generic_box,0.940,0.941
1789262148,714250455,515.223,robot_0_carried_generic_box,1.978,0.549
1789262148,962456111,515.472,robot_1,0.753,-1.934
1789262148,962525708,515.472,robot_0,1.978,0.549
1789262148,962567835,515.472,robot_2,0.951,0.938
1789262148,962604686,515.472,robot_2_carried_generic_box,0.951,0.938
1789262148,962634720,515.472,robot_0_carried_generic_box,1.978,0.549
1789262149,167620049,515.677,robot_1,0.753,-1.934
1789262149,167696623,515.677,robot_0,1.978,0.549
1789262149,167727249,515.677,robot_2,0.951,0.938
1789262149,167770010,515.677,robot_2_carried_generic_box,0.951,0.938
1789262149,167796731,515.677,robot_0_carried_generic_box,1.978,0.549
1789262149,416915726,515.926,robot_1,0.753,-1.934
1789262149,416984531,515.926,robot_0,1.978,0.548
1789262149,430837609,515.940,robot_2,0.951,0.938
1789262149,437007968,515.946,robot_2_carried_generic_box,0.951,0.938
1789262149,438019279,515.947,robot_0_carried_generic_box,1.978,0.549
1789262149,625537799,516.135,robot_1,0.753,-1.934
1789262149,625602231,516.135,robot_0,1.978,0.548
1789262149,625629114,516.135,robot_2,0.956,0.937
1789262149,625660618,516.135,robot_2_carried_generic_box,0.951,0.938
1789262149,625689508,516.135,robot_0_carried_generic_box,1.978,0.548
1789262149,847473640,516.357,robot_1,0.753,-1.934
1789262149,847543116,516.357,robot_0,1.978,0.548
1789262149,847569299,516.357,robot_2,0.963,0.934
1789262149,847602303,516.357,robot_2_carried_generic_box,0.953,0.938
1789262149,847633118,516.357,robot_0_carried_generic_box,1.978,0.548
1789262150,97904841,516.607,robot_1,0.753,-1.934
1789262150,97973206,516.607,robot_0,1.978,0.548
1789262150,97998312,516.607,robot_2,0.967,0.933
1789262150,98030856,516.607,robot_2_carried_generic_box,0.962,0.935
1789262150,98056020,516.607,robot_0_carried_generic_box,1.978,0.548
1789262150,328606103,516.838,robot_1,0.752,-1.934
1789262150,328682866,516.838,robot_0,1.978,0.548
1789262150,328710114,516.838,robot_2,0.967,0.933
1789262150,328742793,516.838,robot_2_carried_generic_box,0.966,0.933
1789262150,328770560,516.838,robot_0_carried_generic_box,1.978,0.548
1789262150,532908867,517.042,robot_1,0.752,-1.934
1789262150,532980480,517.042,robot_0,1.981,0.549
1789262150,533009594,517.042,robot_2,0.967,0.933
1789262150,533043145,517.042,robot_2_carried_generic_box,0.967,0.933
1789262150,533070762,517.042,robot_0_carried_generic_box,1.978,0.548
1789262150,768625127,517.278,robot_1,0.752,-1.935
1789262150,768699187,517.278,robot_0,1.984,0.551
1789262150,768725884,517.278,robot_2,0.967,0.933
1789262150,768755195,517.278,robot_2_carried_generic_box,0.967,0.933
1789262150,768778780,517.278,robot_0_carried_generic_box,1.979,0.548
1789262150,980271885,517.489,robot_1,0.752,-1.935
1789262150,980334508,517.489,robot_0,1.983,0.550
1789262150,980359677,517.489,robot_2,0.967,0.933
1789262150,980392851,517.490,robot_2_carried_generic_box,0.967,0.933
1789262150,980418433,517.490,robot_0_carried_generic_box,1.982,0.550
1789262151,230998803,517.740,robot_1,0.752,-1.935
1789262151,231062772,517.740,robot_0,1.977,0.545
1789262151,247470919,517.757,robot_2,0.967,0.933
1789262151,247561338,517.757,robot_2_carried_generic_box,0.967,0.933
1789262151,247600000,517.757,robot_0_carried_generic_box,1.983,0.550
1789262151,432973760,517.942,robot_1,0.754,-1.941
1789262151,433034226,517.942,robot_0,1.977,0.545
1789262151,433061949,517.942,robot_2,0.967,0.933
1789262151,433096408,517.942,robot_2_carried_generic_box,0.967,0.933
1789262151,433122189,517.942,robot_0_carried_generic_box,1.981,0.549
1789262151,654631802,518.164,robot_1,0.759,-1.959
1789262151,654696495,518.164,robot_0,1.980,0.548
1789262151,654729269,518.164,robot_2,0.967,0.933
1789262151,654768571,518.164,robot_2_carried_generic_box,0.967,0.933
1789262151,654799782,518.164,robot_0_carried_generic_box,1.977,0.545
1789262151,859658679,518.369,robot_1,0.763,-1.973
1789262151,859719715,518.369,robot_0,1.987,0.553
1789262151,859748690,518.369,robot_2,0.967,0.933
1789262151,859782973,518.369,robot_2_carried_generic_box,0.967,0.933
1789262151,859808431,518.369,robot_0_carried_generic_box,1.977,0.545
1789262152,66604338,518.576,robot_1,0.767,-1.986
1789262152,66676526,518.576,robot_0,1.988,0.555
1789262152,66708696,518.576,robot_2,0.967,0.933
1789262152,66748121,518.576,robot_2_carried_generic_box,0.967,0.933
1789262152,66780902,518.576,robot_0_carried_generic_box,1.983,0.550
1789262152,296270991,518.805,robot_1,0.768,-1.989
1789262152,296335896,518.805,robot_0,1.981,0.548
1789262152,296367225,518.805,robot_2,0.967,0.933
1789262152,296408304,518.806,robot_2_carried_generic_box,0.967,0.933
1789262152,296440808,518.806,robot_0_carried_generic_box,1.988,0.555
1789262152,535586643,519.045,robot_1,0.768,-1.989
1789262152,535654981,519.045,robot_0,1.975,0.542
1789262152,535680755,519.045,robot_2,0.967,0.932
1789262152,535713025,519.045,robot_2_carried_generic_box,0.967,0.933
1789262152,535740037,519.045,robot_0_carried_generic_box,1.984,0.550
1789262152,744955525,519.254,robot_1,0.768,-1.989
1789262152,745019741,519.254,robot_0,1.974,0.541
1789262152,745050160,519.254,robot_2,0.967,0.932
1789262152,745089712,519.254,robot_2_carried_generic_box,0.967,0.933
1789262152,745122780,519.254,robot_0_carried_generic_box,1.979,0.546
1789262152,971431610,519.481,robot_1,0.768,-1.989
1789262152,971490944,519.481,robot_0,1.974,0.541
1789262152,971514478,519.481,robot_2,0.967,0.932
1789262152,971545223,519.481,robot_2_carried_generic_box,0.967,0.932
1789262152,971566611,519.481,robot_0_carried_generic_box,1.974,0.541
1789262153,215809929,519.725,robot_1,0.768,-1.989
1789262153,215874724,519.725,robot_0,1.974,0.541
1789262153,215907680,519.725,robot_2,0.967,0.932
1789262153,215954296,519.725,robot_2_carried_generic_box,0.967,0.932
1789262153,215986700,519.725,robot_0_carried_generic_box,1.974,0.541
1789262153,445483715,519.955,robot_1,0.768,-1.988
1789262153,449015116,519.958,robot_0,1.974,0.541
1789262153,449075251,519.958,robot_2,0.967,0.932
1789262153,449116434,519.958,robot_2_carried_generic_box,0.967,0.932
1789262153,449140003,519.958,robot_0_carried_generic_box,1.974,0.541
1789262153,679905330,520.189,robot_1,0.768,-1.985
1789262153,679978560,520.189,robot_0,1.974,0.541
1789262153,680007940,520.189,robot_2,0.967,0.932
1789262153,680044189,520.189,robot_2_carried_generic_box,0.967,0.932
1789262153,680071881,520.189,robot_0_carried_generic_box,1.974,0.541
1789262153,945897984,520.458,robot_1,0.768,-1.980
1789262153,949156040,520.458,robot_0,1.974,0.541
1789262153,949208034,520.458,robot_2,0.962,0.929
1789262153,949242270,520.458,robot_2_carried_generic_box,0.967,0.932
1789262153,949270684,520.458,robot_0_carried_generic_box,1.974,0.541
1789262154,151761415,520.661,robot_1,0.767,-1.969
1789262154,151821850,520.661,robot_0,1.974,0.541
1789262154,151854137,520.661,robot_2,0.952,0.922
1789262154,151891864,520.661,robot_2_carried_generic_box,0.964,0.930
1789262154,151934749,520.661,robot_0_carried_generic_box,1.974,0.541
1789262154,393342078,520.902,robot_1,0.767,-1.961
1789262154,393412449,520.903,robot_0,1.974,0.541
1789262154,393440916,520.903,robot_2,0.940,0.915
1789262154,393473100,520.903,robot_2_carried_generic_box,0.962,0.929
1789262154,393497145,520.903,robot_0_carried_generic_box,1.974,0.541
1789262154,601097894,521.110,robot_1,0.767,-1.961
1789262154,601160809,521.110,robot_0,1.976,0.545
1789262154,601190336,521.110,robot_2,0.938,0.914
1789262154,601223460,521.110,robot_2_carried_generic_box,0.945,0.918
1789262154,601248911,521.110,robot_0_carried_generic_box,1.974,0.541
1789262154,827767703,521.337,robot_1,0.767,-1.961
1789262154,827833465,521.337,robot_0,1.980,0.555
1789262154,827866182,521.337,robot_2,0.938,0.914
1789262154,827904159,521.337,robot_2_carried_generic_box,0.939,0.914
1789262154,827937458,521.337,robot_0_carried_generic_box,1.975,0.541
1789262155,58988409,521.568,robot_1,0.767,-1.961
1789262155,59063546,521.568,robot_0,1.984,0.564
1789262155,59094608,521.568,robot_2,0.939,0.914
1789262155,59128774,521.568,robot_2_carried_generic_box,0.938,0.914
1789262155,59157912,521.568,robot_0_carried_generic_box,1.978,0.548
1789262155,259483402,521.769,robot_1,0.767,-1.961
1789262155,259546631,521.769,robot_0,1.985,0.568
1789262155,259571472,521.769,robot_2,0.939,0.914
1789262155,259603723,521.769,robot_2_carried_generic_box,0.938,0.914
1789262155,259628991,521.769,robot_0_carried_generic_box,1.980,0.555
1789262155,491179226,522.000,robot_1,0.767,-1.961
1789262155,491261591,522.000,robot_0,1.985,0.568
1789262155,491293996,522.000,robot_2,0.939,0.914
1789262155,491330883,522.000,robot_2_carried_generic_box,0.939,0.914
1789262155,491355739,522.000,robot_0_carried_generic_box,1.984,0.567
1789262155,711941041,522.221,robot_1,0.766,-1.961
1789262155,724774603,522.234,robot_0,1.986,0.568
1789262155,724854477,522.234,robot_2,0.939,0.914
1789262155,724893132,522.234,robot_2_carried_generic_box,0.939,0.914
1789262155,724919233,522.234,robot_0_carried_generic_box,1.985,0.568
1789262155,926960540,522.436,robot_1,0.766,-1.961
1789262155,927026690,522.436,robot_0,1.986,0.568
1789262155,934508977,522.444,robot_2,0.939,0.914
1789262155,934582207,522.449,robot_2_carried_generic_box,0.939,0.914
1789262155,940135040,522.449,robot_0_carried_generic_box,1.985,0.568
1789262156,161643107,522.671,robot_1,0.766,-1.961
1789262156,161715306,522.671,robot_0,1.986,0.568
1789262156,161744196,522.671,robot_2,0.939,0.914
1789262156,161776749,522.671,robot_2_carried_generic_box,0.939,0.914
1789262156,161802639,522.671,robot_0_carried_generic_box,1.986,0.568
1789262156,412191392,522.921,robot_1,0.766,-1.962
1789262156,412295107,522.921,robot_0,1.986,0.568
1789262156,412325885,522.921,robot_2,0.939,0.914
1789262156,412359902,522.921,robot_2_carried_generic_box,0.939,0.914
1789262156,412384740,522.922,robot_0_carried_generic_box,1.986,0.568
1789262156,647277123,523.156,robot_1,0.766,-1.962
1789262156,647350503,523.156,robot_0,1.986,0.568
1789262156,647382887,523.157,robot_2,0.939,0.914
1789262156,647422243,523.157,robot_2_carried_generic_box,0.939,0.914
1789262156,647454645,523.157,robot_0_carried_generic_box,1.986,0.568
1789262156,901958266,523.411,robot_1,0.766,-1.962
1789262156,909750226,523.419,robot_0,1.986,0.568
1789262156,909815477,523.419,robot_2,0.939,0.914
1789262156,909858485,523.419,robot_2_carried_generic_box,0.939,0.914
1789262156,909893370,523.419,robot_0_carried_generic_box,1.986,0.568
1789262157,115934254,523.625,robot_1,0.766,-1.962
1789262157,115994908,523.625,robot_0,1.986,0.568
1789262157,116023264,523.625,robot_2,0.939,0.914
1789262157,116057028,523.625,robot_2_carried_generic_box,0.939,0.914
1789262157,116083090,523.625,robot_0_carried_generic_box,1.986,0.568
1789262157,363074187,523.872,robot_1,0.766,-1.962
1789262157,363144351,523.872,robot_0,1.987,0.568
1789262157,363174074,523.872,robot_2,0.939,0.914
1789262157,370942073,523.880,robot_2_carried_generic_box,0.939,0.914
1789262157,371033332,523.880,robot_0_carried_generic_box,1.986,0.568
1789262157,582734077,524.092,robot_1,0.766,-1.962
1789262157,582796336,524.092,robot_0,1.987,0.568
1789262157,582828394,524.092,robot_2,0.939,0.914
1789262157,582860153,524.092,robot_2_carried_generic_box,0.939,0.914
1789262157,582887344,524.092,robot_0_carried_generic_box,1.987,0.568
1789262157,794933076,524.304,robot_1,0.765,-1.962
1789262157,794998773,524.304,robot_0,1.987,0.568
1789262157,795024830,524.304,robot_2,0.940,0.914
1789262157,795064222,524.304,robot_2_carried_generic_box,0.939,0.914
1789262157,795089379,524.304,robot_0_carried_generic_box,1.987,0.568
1789262158,17040460,524.526,robot_1,0.765,-1.962
1789262158,17111015,524.526,robot_0,1.987,0.568
1789262158,17144850,524.541,robot_2,0.940,0.914
1789262158,32374826,524.542,robot_2_carried_generic_box,0.940,0.914
1789262158,32442910,524.542,robot_0_carried_generic_box,1.987,0.568
1789262158,258508319,524.768,robot_1,0.764,-1.961
1789262158,258606323,524.768,robot_0,1.987,0.568
1789262158,258635197,524.768,robot_2,0.940,0.914
1789262158,258670009,524.768,robot_2_carried_generic_box,0.940,0.914
1789262158,258694925,524.768,robot_0_carried_generic_box,1.987,0.568
1789262158,524759935,525.034,robot_1,0.758,-1.956
1789262158,524824102,525.034,robot_0,1.987,0.568
1789262158,524851266,525.034,robot_2,0.940,0.914
1789262158,524885738,525.034,robot_2_carried_generic_box,0.940,0.914
1789262158,524910753,525.034,robot_0_carried_generic_box,1.987,0.568
1789262158,777858717,525.287,robot_1,0.748,-1.948
1789262158,777915430,525.287,robot_0,1.988,0.567
1789262158,777949321,525.287,robot_2,0.940,0.914
1789262158,777984820,525.287,robot_2_carried_generic_box,0.940,0.914
1789262158,778010212,525.287,robot_0_carried_generic_box,1.987,0.568
1789262158,997416658,525.507,robot_1,0.739,-1.941
1789262158,997475990,525.507,robot_0,1.992,0.562
1789262158,997502957,525.507,robot_2,0.940,0.914
1789262158,997538906,525.507,robot_2_carried_generic_box,0.940,0.914
1789262158,997566549,525.507,robot_0_carried_generic_box,1.987,0.568
1789262159,204977936,525.714,robot_1,0.733,-1.936
1789262159,205051112,525.714,robot_0,1.992,0.561
1789262159,205084955,525.714,robot_2,0.940,0.914
1789262159,205119665,525.714,robot_2_carried_generic_box,0.940,0.914
1789262159,205146300,525.714,robot_0_carried_generic_box,1.988,0.567
1789262159,406168459,525.915,robot_1,0.730,-1.934
1789262159,406233395,525.915,robot_0,1.988,0.566
1789262159,406263341,525.915,robot_2,0.940,0.914
1789262159,406299188,525.915,robot_2_carried_generic_box,0.940,0.914
1789262159,420008995,525.929,robot_0_carried_generic_box,1.992,0.561
1789262159,617572095,526.127,robot_1,0.727,-1.932
1789262159,617638352,526.127,robot_0,1.985,0.571
1789262159,617669925,526.127,robot_2,0.940,0.914
1789262159,617706127,526.127,robot_2_carried_generic_box,0.940,0.914
1789262159,617730596,526.127,robot_0_carried_generic_box,1.991,0.563
1789262159,879058020,526.388,robot_1,0.716,-1.923
1789262159,879123655,526.388,robot_0,1.978,0.579
1789262159,879149668,526.388,robot_2,0.940,0.914
1789262159,879180859,526.388,robot_2_carried_generic_box,0.940,0.914
1789262159,879209479,526.388,robot_0_carried_generic_box,1.987,0.569
1789262160,122900400,526.632,robot_1,0.714,-1.922
1789262160,122969311,526.632,robot_0,1.975,0.583
1789262160,122995960,526.632,robot_2,0.940,0.914
1789262160,123030285,526.632,robot_2_carried_generic_box,0.940,0.914
1789262160,128852389,526.638,robot_0_carried_generic_box,1.983,0.574
1789262160,324493386,526.834,robot_1,0.720,-1.926
1789262160,324562695,526.834,robot_0,1.975,0.583
1789262160,324595885,526.834,robot_2,0.941,0.914
1789262160,324636421,526.834,robot_2_carried_generic_box,0.940,0.914
1789262160,324670318,526.834,robot_0_carried_generic_box,1.977,0.581
1789262160,528445741,527.038,robot_1,0.727,-1.931
1789262160,528517072,527.038,robot_0,1.975,0.583
1789262160,528548197,527.038,robot_2,0.941,0.914
1789262160,528580502,527.038,robot_2_carried_generic_box,0.940,0.914
1789262160,528606774,527.038,robot_0_carried_generic_box,1.975,0.583
1789262160,758308743,527.267,robot_1,0.737,-1.939
1789262160,758371784,527.267,robot_0,1.975,0.583
1789262160,758399261,527.268,robot_2,0.941,0.914
1789262160,758433288,527.268,robot_2_carried_generic_box,0.941,0.914
1789262160,758463230,527.268,robot_0_carried_generic_box,1.975,0.583
1789262160,959314545,527.468,robot_1,0.746,-1.946
1789262160,959384159,527.469,robot_0,1.975,0.583
1789262160,959414949,527.469,robot_2,0.941,0.914
1789262160,959447865,527.469,robot_2_carried_generic_box,0.941,0.914
1789262160,959472966,527.469,robot_0_carried_generic_box,1.975,0.583
1789262161,161636220,527.671,robot_1,0.754,-1.952
1789262161,161696340,527.671,robot_0,1.975,0.583
1789262161,161724495,527.671,robot_2,0.941,0.914
1789262161,161754986,527.671,robot_2_carried_generic_box,0.941,0.914
1789262161,161780668,527.671,robot_0_carried_generic_box,1.975,0.583
1789262161,370108520,527.879,robot_1,0.755,-1.952
1789262161,370179769,527.882,robot_0,1.975,0.583
1789262161,372781543,527.882,robot_2,0.941,0.914
1789262161,372821067,527.882,robot_2_carried_generic_box,0.941,0.914
1789262161,372846114,527.882,robot_0_carried_generic_box,1.975,0.583
1789262161,583694942,528.093,robot_1,0.750,-1.949
1789262161,583749889,528.093,robot_0,1.975,0.584
1789262161,583774250,528.093,robot_2,0.937,0.919
1789262161,583805979,528.093,robot_2_carried_generic_box,0.941,0.914
1789262161,583830227,528.093,robot_0_carried_generic_box,1.975,0.583
1789262161,840290255,528.349,robot_1,0.753,-1.951
1789262161,840347512,528.349,robot_0,1.975,0.584
1789262161,840378054,528.349,robot_2,0.930,0.926
1789262161,840410239,528.350,robot_2_carried_generic_box,0.937,0.919
1789262161,840437361,528.350,robot_0_carried_generic_box,1.975,0.584
1789262162,85846600,528.595,robot_1,0.761,-1.957
1789262162,85904732,528.595,robot_0,1.976,0.584
1789262162,85939342,528.595,robot_2,0.930,0.926
1789262162,85969208,528.595,robot_2_carried_generic_box,0.932,0.924
1789262162,85993784,528.595,robot_0_carried_generic_box,1.975,0.584
1789262162,309780610,528.819,robot_1,0.763,-1.958
1789262162,309866133,528.819,robot_0,1.976,0.584
1789262162,309904005,528.819,robot_2,0.930,0.926
1789262162,309950481,528.819,robot_2_carried_generic_box,0.930,0.926
1789262162,309977977,528.819,robot_0_carried_generic_box,1.975,0.584
1789262162,541470431,529.051,robot_1,0.763,-1.958
1789262162,541544452,529.051,robot_0,1.976,0.584
1789262162,541578140,529.051,robot_2,0.933,0.924
1789262162,541619866,529.051,robot_2_carried_generic_box,0.930,0.926
1789262162,541652701,529.051,robot_0_carried_generic_box,1.976,0.584
1789262162,801392932,529.311,robot_1,0.763,-1.958
1789262162,801458241,529.311,robot_0,1.976,0.584
1789262162,801488972,529.311,robot_2,0.943,0.916
1789262162,801527123,529.311,robot_2_carried_generic_box,0.931,0.926
1789262162,801559272,529.311,robot_0_carried_generic_box,1.976,0.584
1789262163,14446081,529.524,robot_1,0.763,-1.958
1789262163,14509077,529.524,robot_0,1.976,0.584
1789262163,14538929,529.524,robot_2,0.954,0.907
1789262163,14573080,529.524,robot_2_carried_generic_box,0.942,0.917
1789262163,14602868,529.524,robot_0_carried_generic_box,1.976,0.584
1789262163,247556307,529.757,robot_1,0.763,-1.958
1789262163,247863562,529.757,robot_0,1.976,0.585
1789262163,247930043,529.757,robot_2,0.961,0.902
1789262163,247975303,529.757,robot_2_carried_generic_box,0.947,0.913
1789262163,248002919,529.757,robot_0_carried_generic_box,1.976,0.584
1789262163,438715960,529.948,robot_1,0.763,-1.958
1789262163,438780314,529.948,robot_0,1.976,0.585
1789262163,438808313,529.948,robot_2,0.962,0.902
1789262163,438840893,529.948,robot_2_carried_generic_box,0.959,0.904
1789262163,449683692,529.959,robot_0_carried_generic_box,1.976,0.584
1789262163,647005761,530.156,robot_1,0.763,-1.958
1789262163,647082247,530.156,robot_0,1.976,0.585
1789262163,647110011,530.156,robot_2,0.962,0.902
1789262163,647145378,530.156,robot_2_carried_generic_box,0.961,0.902
1789262163,647171856,530.156,robot_0_carried_generic_box,1.976,0.585
1789262163,891820128,530.401,robot_1,0.763,-1.958
1789262163,891894214,530.401,robot_0,1.976,0.585
1789262163,891931947,530.401,robot_2,0.962,0.902
1789262163,891966418,530.401,robot_2_carried_generic_box,0.962,0.902
1789262163,908804346,530.418,robot_0_carried_generic_box,1.976,0.585
1789262164,113475657,530.623,robot_1,0.763,-1.959
1789262164,118462003,530.628,robot_0,1.976,0.585
1789262164,118534999,530.628,robot_2,0.962,0.902
1789262164,118575523,530.628,robot_2_carried_generic_box,0.962,0.902
1789262164,118604009,530.628,robot_0_carried_generic_box,1.976,0.585
1789262164,314114871,530.823,robot_1,0.763,-1.959
1789262164,314186861,530.823,robot_0,1.976,0.585
1789262164,314221064,530.823,robot_2,0.962,0.902
1789262164,314257362,530.823,robot_2_carried_generic_box,0.962,0.902
1789262164,314290798,530.823,robot_0_carried_generic_box,1.976,0.585
1789262164,518853076,531.028,robot_1,0.763,-1.959
1789262164,518930935,531.028,robot_0,1.976,0.585
1789262164,518966493,531.028,robot_2,0.962,0.902
1789262164,519010226,531.028,robot_2_carried_generic_box,0.962,0.902
1789262164,519043715,531.028,robot_0_carried_generic_box,1.976,0.585
1789262164,741558433,531.251,robot_1,0.763,-1.959
1789262164,741621567,531.251,robot_0,1.976,0.585
1789262164,741650057,531.251,robot_2,0.962,0.902
1789262164,741685204,531.251,robot_2_carried_generic_box,0.962,0.902
1789262164,741716824,531.251,robot_0_carried_generic_box,1.976,0.585
1789262164,969592619,531.479,robot_1,0.763,-1.959
1789262164,969660443,531.479,robot_0,1.978,0.586
1789262164,969694383,531.479,robot_2,0.962,0.902
1789262164,969731294,531.479,robot_2_carried_generic_box,0.962,0.902
1789262164,969764079,531.479,robot_0_carried_generic_box,1.976,0.585
1789262165,183761191,531.693,robot_1,0.763,-1.959
1789262165,183825936,531.693,robot_0,1.992,0.589
1789262165,183854912,531.693,robot_2,0.962,0.902
1789262165,183892191,531.693,robot_2_carried_generic_box,0.962,0.902
1789262165,203454592,531.713,robot_0_carried_generic_box,1.976,0.586
1789262165,418739116,531.928,robot_1,0.763,-1.959
1789262165,418805573,531.928,robot_0,2.004,0.591
1789262165,418837381,531.928,robot_2,0.964,0.902
1789262165,418874270,531.928,robot_2_carried_generic_box,0.962,0.902
1789262165,418902860,531.928,robot_0_carried_generic_box,1.982,0.587
1789262165,657225433,532.166,robot_1,0.763,-1.960
1789262165,667257715,532.176,robot_0,2.012,0.593
1789262165,667334239,532.176,robot_2,0.976,0.900
1789262165,667375281,532.176,robot_2_carried_generic_box,0.962,0.902
1789262165,667405716,532.177,robot_0_carried_generic_box,1.996,0.589
1789262165,875904759,532.385,robot_1,0.763,-1.960
1789262165,875979722,532.385,robot_0,2.012,0.593
1789262165,876005282,532.385,robot_2,0.979,0.899
1789262165,876038305,532.385,robot_2_carried_generic_box,0.963,0.902
1789262165,876064295,532.397,robot_0_carried_generic_box,2.007,0.592
1789262166,109967980,532.619,robot_1,0.763,-1.960
1789262166,110034709,532.619,robot_0,2.012,0.593
1789262166,110069249,532.619,robot_2,0.979,0.899
1789262166,110110758,532.619,robot_2_carried_generic_box,0.977,0.899
1789262166,110137161,532.619,robot_0_carried_generic_box,2.012,0.593
1789262166,418212507,532.927,robot_1,0.763,-1.960
1789262166,418276250,532.927,robot_0,2.012,0.593
1789262166,418308546,532.927,robot_2,0.979,0.899
1789262166,418348684,532.927,robot_2_carried_generic_box,0.979,0.899
1789262166,418382675,532.928,robot_0_carried_generic_box,2.012,0.593
1789262166,636048844,533.145,robot_1,0.763,-1.960
1789262166,636130706,533.145,robot_0,2.012,0.593
1789262166,636164544,533.145,robot_2,0.979,0.899
1789262166,636199406,533.145,robot_2_carried_generic_box,0.979,0.899
1789262166,636223534,533.145,robot_0_carried_generic_box,2.012,0.593
1789262166,870123243,533.379,robot_1,0.760,-1.961
1789262166,870195946,533.379,robot_0,2.012,0.593
1789262166,870224285,533.379,robot_2,0.979,0.899
1789262166,870261849,533.379,robot_2_carried_generic_box,0.979,0.899
1789262166,870286389,533.379,robot_0_carried_generic_box,2.012,0.593
1789262167,76286995,533.585,robot_1,0.752,-1.963
1789262167,76389586,533.586,robot_0,2.012,0.593
1789262167,76426241,533.586,robot_2,0.979,0.899
1789262167,76468607,533.586,robot_2_carried_generic_box,0.979,0.899
1789262167,76501403,533.586,robot_0_carried_generic_box,2.012,0.593
1789262167,298462216,533.808,robot_1,0.751,-1.964
1789262167,298534993,533.826,robot_0,2.012,0.592
1789262167,317216100,533.826,robot_2,0.979,0.900
1789262167,317289360,533.826,robot_2_carried_generic_box,0.979,0.899
1789262167,317326792,533.826,robot_0_carried_generic_box,2.012,0.593
1789262167,541662221,534.051,robot_1,0.756,-1.962
1789262167,541728805,534.051,robot_0,2.012,0.592
1789262167,541756967,534.051,robot_2,0.979,0.900
1789262167,541790473,534.051,robot_2_carried_generic_box,0.979,0.899
1789262167,541819370,534.051,robot_0_carried_generic_box,2.012,0.592
1789262167,782352380,534.291,robot_1,0.763,-1.960
1789262167,782425467,534.292,robot_0,2.010,0.592
1789262167,782461519,534.297,robot_2,0.979,0.900
1789262167,790631287,534.300,robot_2_carried_generic_box,0.979,0.900
1789262167,790720201,534.300,robot_0_carried_generic_box,2.012,0.592
1789262168,20211873,534.529,robot_1,0.761,-1.960
1789262168,20280826,534.529,robot_0,2.001,0.594
1789262168,20313702,534.529,robot_2,0.979,0.900
1789262168,20354024,534.529,robot_2_carried_generic_box,0.979,0.900
1789262168,20387091,534.530,robot_0_carried_generic_box,2.012,0.592
1789262168,268220113,534.777,robot_1,0.747,-1.965
1789262168,268305303,534.777,robot_0,1.997,0.595
1789262168,268339991,534.777,robot_2,0.979,0.900
1789262168,268384114,534.778,robot_2_carried_generic_box,0.979,0.900
1789262168,268420306,534.778,robot_0_carried_generic_box,2.003,0.594
1789262168,508310007,535.017,robot_1,0.734,-1.970
1789262168,508372564,535.017,robot_0,1.997,0.595
1789262168,508400524,535.018,robot_2,0.979,0.900
1789262168,508434961,535.018,robot_2_carried_generic_box,0.979,0.900
1789262168,508463311,535.018,robot_0_carried_generic_box,1.997,0.595
1789262168,762150455,535.271,robot_1,0.731,-1.971
1789262168,762217369,535.271,robot_0,1.996,0.595
1789262168,762242091,535.271,robot_2,0.978,0.900
1789262168,762274448,535.271,robot_2_carried_generic_box,0.979,0.900
1789262168,762299119,535.271,robot_0_carried_generic_box,1.997,0.595
1789262168,984077635,535.493,robot_1,0.724,-1.973
1789262168,994532322,535.504,robot_0,1.987,0.598
1789262168,994611093,535.504,robot_2,0.978,0.900
1789262168,994646167,535.504,robot_2_carried_generic_box,0.978,0.900
1789262168,994673378,535.504,robot_0_carried_generic_box,1.997,0.595
1789262169,247514266,535.757,robot_1,0.711,-1.978
1789262169,247578267,535.757,robot_0,1.983,0.600
1789262169,247605919,535.757,robot_2,0.978,0.900
1789262169,247639296,535.757,robot_2_carried_generic_box,0.978,0.900
1789262169,247668970,535.757,robot_0_carried_generic_box,1.987,0.598
1789262169,458230058,535.967,robot_1,0.710,-1.978
1789262169,458295118,535.967,robot_0,1.984,0.599
1789262169,458325099,535.967,robot_2,0.978,0.900
1789262169,478727319,535.988,robot_2_carried_generic_box,0.978,0.900
1789262169,478818935,535.988,robot_0_carried_generic_box,1.982,0.600
1789262169,698229519,536.207,robot_1,0.710,-1.978
1789262169,698297883,536.207,robot_0,1.985,0.599
1789262169,698325129,536.207,robot_2,0.978,0.900
1789262169,698356892,536.207,robot_2_carried_generic_box,0.978,0.900
1789262169,698383493,536.208,robot_0_carried_generic_box,1.984,0.600
1789262169,907884774,536.417,robot_1,0.716,-1.976
1789262169,907971548,536.417,robot_0,1.990,0.596
1789262169,908003448,536.417,robot_2,0.978,0.900
1789262169,908033998,536.417,robot_2_carried_generic_box,0.978,0.900
1789262169,908060982,536.417,robot_0_carried_generic_box,1.984,0.599
1789262170,135622240,536.645,robot_1,0.724,-1.974
1789262170,135688464,536.645,robot_0,1.997,0.593
1789262170,135717624,536.645,robot_2,0.976,0.898
1789262170,135752756,536.645,robot_2_carried_generic_box,0.978,0.900
1789262170,135782625,536.645,robot_0_carried_generic_box,1.987,0.598
1789262170,397103769,536.906,robot_1,0.725,-1.973
1789262170,397183384,536.906,robot_0,1.998,0.592
1789262170,397211241,536.906,robot_2,0.972,0.894
1789262170,397244844,536.906,robot_2_carried_generic_box,0.978,0.900
1789262170,397272319,536.906,robot_0_carried_generic_box,1.996,0.593
1789262170,588783942,537.098,robot_1,0.725,-1.973
1789262170,588844823,537.098,robot_0,1.998,0.592
1789262170,588869570,537.098,robot_2,0.974,0.897
1789262170,620465235,537.130,robot_2_carried_generic_box,0.973,0.895
1789262170,620570670,537.130,robot_0_carried_generic_box,1.998,0.592
1789262170,789914760,537.299,robot_1,0.722,-1.974
1789262170,789999596,537.299,robot_0,1.998,0.592
1789262170,790032829,537.299,robot_2,0.978,0.902
1789262170,790070485,537.299,robot_2_carried_generic_box,0.972,0.894
1789262170,790100227,537.299,robot_0_carried_generic_box,1.998,0.592
1789262171,9157663,537.518,robot_1,0.712,-1.977
1789262171,9227134,537.518,robot_0,1.998,0.592
1789262171,9252701,537.518,robot_2,0.985,0.912
1789262171,9284719,537.518,robot_2_carried_generic_box,0.973,0.895
1789262171,9312383,537.518,robot_0_carried_generic_box,1.998,0.592
1789262171,216673538,537.726,robot_1,0.703,-1.980
1789262171,216744795,537.726,robot_0,1.998,0.592
1789262171,216774717,537.726,robot_2,0.989,0.918
1789262171,216815372,537.726,robot_2_carried_generic_box,0.982,0.907
1789262171,216848064,537.726,robot_0_carried_generic_box,1.998,0.592
1789262171,464764648,537.974,robot_1,0.691,-1.983
1789262171,464832887,537.974,robot_0,1.998,0.592
1789262171,464863122,537.974,robot_2,0.990,0.920
1789262171,464893920,537.974,robot_2_carried_generic_box,0.987,0.915
1789262171,464927045,537.974,robot_0_carried_generic_box,1.998,0.592
1789262171,665341452,538.174,robot_1,0.685,-1.985
1789262171,665411967,538.175,robot_0,1.998,0.592
1789262171,665441736,538.175,robot_2,0.990,0.920
1789262171,665476227,538.175,robot_2_carried_generic_box,0.987,0.915
1789262171,665504839,538.175,robot_0_carried_generic_box,1.998,0.592
1789262171,881240241,538.407,robot_1,0.676,-1.988
1789262171,897820939,538.407,robot_0,1.998,0.593
1789262171,897882853,538.407,robot_2,0.990,0.920
1789262171,897927210,538.407,robot_2_carried_generic_box,0.990,0.920
1789262171,897957856,538.407,robot_0_carried_generic_box,1.998,0.592
1789262172,90389936,538.600,robot_1,0.670,-1.989
1789262172,90458230,538.600,robot_0,1.998,0.593
1789262172,90490398,538.600,robot_2,0.990,0.920
1789262172,90527968,538.600,robot_2_carried_generic_box,0.990,0.920
1789262172,90558062,538.600,robot_0_carried_generic_box,1.998,0.593
1789262172,307008458,538.816,robot_1,0.669,-1.990
1789262172,307075847,538.816,robot_0,1.998,0.593
1789262172,307107872,538.816,robot_2,0.990,0.920
1789262172,307148218,538.816,robot_2_carried_generic_box,0.990,0.920
1789262172,307189420,538.816,robot_0_carried_generic_box,1.998,0.593
1789262172,547951141,539.057,robot_1,0.669,-1.990
1789262172,548016111,539.057,robot_0,1.998,0.593
1789262172,548049898,539.057,robot_2,0.990,0.920
1789262172,548083865,539.057,robot_2_carried_generic_box,0.990,0.920
1789262172,548109672,539.057,robot_0_carried_generic_box,1.998,0.593
1789262172,781479470,539.291,robot_1,0.669,-1.990
1789262172,781539953,539.291,robot_0,1.998,0.593
1789262172,781568012,539.291,robot_2,0.990,0.920
1789262172,781598429,539.297,robot_2_carried_generic_box,0.990,0.920
1789262172,787646813,539.297,robot_0_carried_generic_box,1.998,0.593
1789262173,9824247,539.519,robot_1,0.669,-1.990
1789262173,9892277,539.519,robot_0,1.998,0.593
1789262173,32211800,539.541,robot_2,0.990,0.919
1789262173,32314590,539.541,robot_2_carried_generic_box,0.990,0.920
1789262173,32356626,539.541,robot_0_carried_generic_box,1.998,0.593
1789262173,216071721,539.725,robot_1,0.669,-1.990
1789262173,216139347,539.725,robot_0,1.998,0.593
1789262173,216164543,539.725,robot_2,0.990,0.919
1789262173,216194716,539.725,robot_2_carried_generic_box,0.990,0.920
1789262173,216217987,539.725,robot_0_carried_generic_box,1.998,0.593
1789262173,432323296,539.941,robot_1,0.669,-1.990
1789262173,432390808,539.942,robot_0,1.998,0.594
1789262173,432417866,539.942,robot_2,0.991,0.919
1789262173,432451385,539.942,robot_2_carried_generic_box,0.990,0.919
1789262173,432481938,539.942,robot_0_carried_generic_box,1.998,0.593
1789262173,675409024,540.185,robot_1,0.669,-1.990
1789262173,675472899,540.185,robot_0,1.998,0.594
1789262173,675503027,540.185,robot_2,0.991,0.919
1789262173,675536497,540.185,robot_2_carried_generic_box,0.991,0.919
1789262173,675565542,540.185,robot_0_carried_generic_box,1.998,0.593
1789262173,907512260,540.417,robot_1,0.669,-1.990
1789262173,907576199,540.417,robot_0,1.998,0.594
1789262173,907603816,540.417,robot_2,0.988,0.917
1789262173,907638037,540.417,robot_2_carried_generic_box,0.991,0.919
1789262173,907664566,540.417,robot_0_carried_generic_box,1.998,0.594
1789262174,151836959,540.661,robot_1,0.669,-1.990
1789262174,157486325,540.667,robot_0,1.998,0.594
1789262174,157594090,540.667,robot_2,0.981,0.914
1789262174,157643148,540.667,robot_2_carried_generic_box,0.990,0.918
1789262174,157676299,540.668,robot_0_carried_generic_box,1.998,0.594
1789262174,379406757,540.889,robot_1,0.669,-1.990
1789262174,379482554,540.889,robot_0,2.003,0.596
1789262174,379513929,540.889,robot_2,0.981,0.914
1789262174,379547118,540.889,robot_2_carried_generic_box,0.983,0.915
1789262174,379575292,540.889,robot_0_carried_generic_box,1.998,0.594
1789262174,600571246,541.114,robot_1,0.669,-1.990
1789262174,605249603,541.114,robot_0,2.013,0.599
1789262174,605287397,541.114,robot_2,0.986,0.916
1789262174,605325521,541.114,robot_2_carried_generic_box,0.981,0.913
1789262174,605354385,541.114,robot_0_carried_generic_box,1.999,0.594
1789262174,817927185,541.327,robot_1,0.670,-1.990
1789262174,817995318,541.327,robot_0,2.025,0.604
1789262174,818019406,541.327,robot_2,0.986,0.916
1789262174,818049924,541.327,robot_2_carried_generic_box,0.985,0.916
1789262174,818077372,541.327,robot_0_carried_generic_box,2.011,0.599
1789262175,25276652,541.534,robot_1,0.670,-1.991
1789262175,25341485,541.534,robot_0,2.027,0.605
1789262175,25372808,541.534,robot_2,0.986,0.916
1789262175,25407049,541.535,robot_2_carried_generic_box,0.986,0.916
1789262175,25433836,541.535,robot_0_carried_generic_box,2.019,0.602
1789262175,244893205,541.754,robot_1,0.670,-1.991
1789262175,244964983,541.754,robot_0,2.028,0.605
1789262175,244993652,541.754,robot_2,0.986,0.916
1789262175,245027560,541.754,robot_2_carried_generic_box,0.986,0.916
1789262175,245054452,541.754,robot_0_carried_generic_box,2.022,0.603
1789262175,455306735,541.964,robot_1,0.670,-1.991
1789262175,455367211,541.964,robot_0,2.028,0.605
1789262175,455394942,541.965,robot_2,0.986,0.916
1789262175,455430526,541.965,robot_2_carried_generic_box,0.986,0.916
1789262175,455458887,541.965,robot_0_carried_generic_box,2.028,0.605
1789262175,689091326,542.198,robot_1,0.670,-1.991
1789262175,694281170,542.203,robot_0,2.028,0.605
1789262175,694352512,542.203,robot_2,0.986,0.916
1789262175,694400268,542.204,robot_2_carried_generic_box,0.986,0.916
1789262175,694436240,542.204,robot_0_carried_generic_box,2.028,0.605
1789262175,947915074,542.457,robot_1,0.670,-1.991
1789262175,947988454,542.457,robot_0,2.028,0.605
1789262175,948020835,542.457,robot_2,0.986,0.916
1789262175,948056405,542.457,robot_2_carried_generic_box,0.986,0.916
1789262175,949508956,542.459,robot_0_carried_generic_box,2.028,0.605
1789262176,184533668,542.694,robot_1,0.670,-1.991
1789262176,184596746,542.694,robot_0,2.028,0.605
1789262176,184625954,542.694,robot_2,0.986,0.916
1789262176,184658577,542.694,robot_2_carried_generic_box,0.986,0.916
1789262176,184692678,542.694,robot_0_carried_generic_box,2.028,0.605
1789262176,399461565,542.909,robot_1,0.671,-1.990
1789262176,399531936,542.909,robot_0,2.028,0.605
1789262176,399567106,542.909,robot_2,0.986,0.916
1789262176,399608228,542.909,robot_2_carried_generic_box,0.986,0.916
1789262176,399642694,542.909,robot_0_carried_generic_box,2.028,0.605
1789262176,647895852,543.157,robot_1,0.675,-1.981
1789262176,647970053,543.157,robot_0,2.027,0.606
1789262176,648006076,543.157,robot_2,0.985,0.916
1789262176,654777509,543.164,robot_2_carried_generic_box,0.986,0.916
1789262176,654870085,543.164,robot_0_carried_generic_box,2.028,0.605
1789262176,874015273,543.383,robot_1,0.679,-1.974
1789262176,874069452,543.383,robot_0,2.027,0.606
1789262176,874092659,543.383,robot_2,0.985,0.916
1789262176,874123805,543.383,robot_2_carried_generic_box,0.986,0.916
1789262176,874148872,543.383,robot_0_carried_generic_box,2.028,0.606
1789262177,81029837,543.590,robot_1,0.679,-1.973
1789262177,81100704,543.590,robot_0,2.027,0.606
1789262177,81131597,543.590,robot_2,0.985,0.916
1789262177,81170492,543.590,robot_2_carried_generic_box,0.985,0.916
1789262177,81205890,543.590,robot_0_carried_generic_box,2.027,0.606
1789262177,285306537,543.794,robot_1,0.678,-1.975
1789262177,285368952,543.794,robot_0,2.027,0.606
1789262177,285396325,543.795,robot_2,0.985,0.916
1789262177,285429968,543.795,robot_2_carried_generic_box,0.985,0.916
1789262177,285461216,543.795,robot_0_carried_generic_box,2.027,0.606
1789262177,509651345,544.019,robot_1,0.678,-1.975
1789262177,509750710,544.019,robot_0,2.027,0.606
1789262177,509782124,544.019,robot_2,0.985,0.916
1789262177,509817047,544.019,robot_2_carried_generic_box,0.985,0.916
1789262177,509843742,544.019,robot_0_carried_generic_box,2.027,0.606
1789262177,704600440,544.214,robot_1,0.680,-1.970
1789262177,704665142,544.214,robot_0,2.027,0.606
1789262177,704696703,544.214,robot_2,0.985,0.916
1789262177,704731705,544.214,robot_2_carried_generic_box,0.985,0.916
1789262177,704764601,544.214,robot_0_carried_generic_box,2.027,0.606
1789262177,950732151,544.460,robot_1,0.683,-1.964
1789262177,950800327,544.460,robot_0,2.027,0.606
1789262177,950831772,544.460,robot_2,0.985,0.916
1789262177,950866909,544.460,robot_2_carried_generic_box,0.985,0.916
1789262177,950895595,544.460,robot_0_carried_generic_box,2.027,0.606
1789262178,216769717,544.726,robot_1,0.681,-1.968
1789262178,216840238,544.726,robot_0,2.027,0.606
1789262178,216867483,544.726,robot_2,0.985,0.916
1789262178,216898421,544.726,robot_2_carried_generic_box,0.985,0.916
1789262178,216953731,544.726,robot_0_carried_generic_box,2.027,0.606
1789262178,457711913,544.967,robot_1,0.676,-1.981
1789262178,457780631,544.967,robot_0,2.027,0.606
1789262178,457805994,544.967,robot_2,0.985,0.916
1789262178,457837956,544.967,robot_2_carried_generic_box,0.985,0.916
1789262178,457862691,544.967,robot_0_carried_generic_box,2.027,0.606
1789262178,683624264,545.193,robot_1,0.673,-1.986
1789262178,683701057,545.193,robot_0,2.026,0.606
1789262178,683733386,545.193,robot_2,0.985,0.916
1789262178,683771556,545.193,robot_2_carried_generic_box,0.985,0.916
1789262178,683802306,545.193,robot_0_carried_generic_box,2.027,0.606
1789262178,899010198,545.408,robot_1,0.673,-1.988
1789262178,899079913,545.408,robot_0,2.026,0.606
1789262178,899109799,545.408,robot_2,0.981,0.909
1789262178,899144399,545.408,robot_2_carried_generic_box,0.985,0.916
1789262178,899172478,545.408,robot_0_carried_generic_box,2.027,0.606
1789262179,119002202,545.628,robot_1,0.673,-1.988
1789262179,119073287,545.628,robot_0,2.026,0.606
1789262179,119101839,545.628,robot_2,0.980,0.905
1789262179,119134411,545.628,robot_2_carried_generic_box,0.983,0.913
1789262179,138253928,545.647,robot_0_carried_generic_box,2.026,0.606
1789262179,381393506,545.891,robot_1,0.673,-1.988
1789262179,381466843,545.891,robot_0,2.026,0.606
1789262179,381498064,545.891,robot_2,0.976,0.898
1789262179,381532025,545.891,robot_2_carried_generic_box,0.981,0.909
1789262179,381560854,545.891,robot_0_carried_generic_box,2.026,0.606
1789262179,626847435,546.136,robot_1,0.673,-1.988
1789262179,630592432,546.140,robot_0,2.026,0.606
1789262179,630661804,546.140,robot_2,0.974,0.891
1789262179,630700521,546.140,robot_2_carried_generic_box,0.976,0.898
1789262179,630728554,546.140,robot_0_carried_generic_box,2.026,0.606
1789262179,857018742,546.366,robot_1,0.673,-1.988
1789262179,857079445,546.379,robot_0,2.026,0.606
1789262179,870393835,546.380,robot_2,0.974,0.891
1789262179,870460001,546.380,robot_2_carried_generic_box,0.974,0.892
1789262179,870492436,546.380,robot_0_carried_generic_box,2.026,0.606
1789262180,58751288,546.568,robot_1,0.673,-1.988
1789262180,58820187,546.568,robot_0,2.026,0.606
1789262180,58851384,546.568,robot_2,0.973,0.890
1789262180,58892552,546.568,robot_2_carried_generic_box,0.974,0.891
1789262180,58939668,546.568,robot_0_carried_generic_box,2.026,0.606
1789262180,264778347,546.774,robot_1,0.673,-1.988
1789262180,264843753,546.774,robot_0,2.025,0.606
1789262180,264876879,546.774,robot_2,0.970,0.883
1789262180,264911773,546.774,robot_2_carried_generic_box,0.973,0.891
1789262180,264955617,546.774,robot_0_carried_generic_box,2.026,0.606
1789262180,484232766,546.993,robot_1,0.673,-1.988
1789262180,484309449,546.993,robot_0,2.025,0.606
1789262180,484339192,546.993,robot_2,0.967,0.874
1789262180,484372616,546.993,robot_2_carried_generic_box,0.972,0.887
1789262180,484402735,546.994,robot_0_carried_generic_box,2.025,0.606
1789262180,740212060,547.249,robot_1,0.674,-1.990
1789262180,740384612,547.250,robot_0,2.025,0.606
1789262180,740426014,547.250,robot_2,0.966,0.872
1789262180,740461512,547.250,robot_2_carried_generic_box,0.969,0.879
1789262180,740492678,547.250,robot_0_carried_generic_box,2.025,0.606
1789262180,943145833,547.452,robot_1,0.674,-1.996
1789262180,943215407,547.452,robot_0,2.025,0.606
1789262180,943248897,547.452,robot_2,0.968,0.877
1789262180,943285200,547.452,robot_2_carried_generic_box,0.966,0.872
1789262180,943313436,547.452,robot_0_carried_generic_box,2.025,0.606
1789262181,170368406,547.680,robot_1,0.674,-1.997
1789262181,170435955,547.680,robot_0,2.025,0.604
1789262181,170468016,547.680,robot_2,0.971,0.886
1789262181,170505642,547.680,robot_2_carried_generic_box,0.966,0.874
1789262181,170534800,547.680,robot_0_carried_generic_box,2.025,0.606
1789262181,406825238,547.916,robot_1,0.674,-1.997
1789262181,406940001,547.916,robot_0,2.028,0.594
1789262181,406977957,547.916,robot_2,0.972,0.887
1789262181,407020419,547.916,robot_2_carried_generic_box,0.971,0.885
1789262181,407055163,547.916,robot_0_carried_generic_box,2.025,0.605
1789262181,625355403,548.134,robot_1,0.674,-1.997
1789262181,625429434,548.135,robot_0,2.029,0.591
1789262181,625465198,548.135,robot_2,0.972,0.887
1789262181,625508562,548.135,robot_2_carried_generic_box,0.972,0.887
1789262181,625543672,548.135,robot_0_carried_generic_box,2.026,0.600
1789262181,856033509,548.365,robot_1,0.674,-1.997
1789262181,856094060,548.365,robot_0,2.028,0.593
1789262181,856120730,548.365,robot_2,0.972,0.887
1789262181,856152493,548.365,robot_2_carried_generic_box,0.972,0.887
1789262181,856177926,548.365,robot_0_carried_generic_box,2.028,0.594
1789262182,96476677,548.606,robot_1,0.674,-1.997
1789262182,96552797,548.606,robot_0,2.027,0.595
1789262182,96583061,548.606,robot_2,0.972,0.887
1789262182,96616437,548.606,robot_2_carried_generic_box,0.972,0.887
1789262182,96642109,548.606,robot_0_carried_generic_box,2.028,0.592
1789262182,315377462,548.825,robot_1,0.674,-1.997
1789262182,315448445,548.825,robot_0,2.027,0.594
1789262182,315477793,548.825,robot_2,0.972,0.887
1789262182,315513160,548.825,robot_2_carried_generic_box,0.972,0.887
1789262182,315541884,548.825,robot_0_carried_generic_box,2.027,0.595
1789262182,597557206,549.107,robot_1,0.674,-1.997
1789262182,597620750,549.107,robot_0,2.028,0.591
1789262182,597654225,549.107,robot_2,0.972,0.887
1789262182,597698712,549.107,robot_2_carried_generic_box,0.972,0.887
1789262182,597728544,549.107,robot_0_carried_generic_box,2.027,0.594
1789262182,805274091,549.314,robot_1,0.674,-1.997
1789262182,805339992,549.314,robot_0,2.031,0.582
1789262182,805368660,549.314,robot_2,0.972,0.887
1789262182,805405470,549.315,robot_2_carried_generic_box,0.972,0.887
1789262182,805433137,549.315,robot_0_carried_generic_box,2.027,0.594
1789262183,66768419,549.576,robot_1,0.675,-1.997
1789262183,66847422,549.576,robot_0,2.034,0.574
1789262183,66881609,549.576,robot_2,0.972,0.887
1789262183,66915652,549.581,robot_2_carried_generic_box,0.972,0.887
1789262183,71836699,549.581,robot_0_carried_generic_box,2.030,0.586
1789262183,321926770,549.831,robot_1,0.675,-1.997
1789262183,321999823,549.831,robot_0,2.034,0.572
1789262183,322030495,549.831,robot_2,0.972,0.886
1789262183,322070100,549.831,robot_2_carried_generic_box,0.972,0.887
1789262183,322103883,549.831,robot_0_carried_generic_box,2.032,0.578
1789262183,541683001,550.051,robot_1,0.675,-1.997
1789262183,541745623,550.051,robot_0,2.032,0.580
1789262183,541777880,550.051,robot_2,0.967,0.881
1789262183,541816298,550.051,robot_2_carried_generic_box,0.972,0.887
1789262183,541848895,550.051,robot_0_carried_generic_box,2.035,0.572
1789262183,780749559,550.290,robot_1,0.675,-1.997
1789262183,781785251,550.291,robot_0,2.029,0.590
1789262183,781869193,550.291,robot_2,0.958,0.873
1789262183,781908407,550.291,robot_2_carried_generic_box,0.970,0.884
1789262183,781946288,550.291,robot_0_carried_generic_box,2.034,0.573
1789262184,4625346,550.514,robot_1,0.675,-1.996
1789262184,4694143,550.514,robot_0,2.026,0.599
1789262184,4729644,550.514,robot_2,0.948,0.865
1789262184,4770283,550.514,robot_2_carried_generic_box,0.967,0.881
1789262184,4803063,550.514,robot_0_carried_generic_box,2.031,0.582
1789262184,208552166,550.718,robot_1,0.675,-1.996
1789262184,208624291,550.718,robot_0,2.025,0.604
1789262184,208662890,550.718,robot_2,0.939,0.856
1789262184,208707346,550.718,robot_2_carried_generic_box,0.950,0.866
1789262184,208744645,550.718,robot_0_carried_generic_box,2.027,0.597
1789262184,431778301,550.941,robot_1,0.675,-1.996
1789262184,431835855,550.941,robot_0,2.025,0.604
1789262184,431863931,550.941,robot_2,0.937,0.855
1789262184,431901861,550.941,robot_2_carried_generic_box,0.942,0.859
1789262184,431935983,550.941,robot_0_carried_generic_box,2.025,0.604
1789262184,651463101,551.161,robot_1,0.675,-1.996
1789262184,651538355,551.161,robot_0,2.025,0.604
1789262184,651565747,551.161,robot_2,0.937,0.854
1789262184,651600531,551.161,robot_2_carried_generic_box,0.937,0.855
1789262184,651634054,551.161,robot_0_carried_generic_box,2.025,0.604
1789262184,903637158,551.413,robot_1,0.675,-1.996
1789262184,903706228,551.413,robot_0,2.025,0.604
1789262184,903733114,551.413,robot_2,0.937,0.854
1789262184,903766209,551.413,robot_2_carried_generic_box,0.937,0.854
1789262184,903792374,551.413,robot_0_carried_generic_box,2.025,0.604
1789262185,119394722,551.629,robot_1,0.675,-1.996
1789262185,119465626,551.629,robot_0,2.025,0.604
1789262185,119500386,551.629,robot_2,0.937,0.854
1789262185,119542105,551.629,robot_2_carried_generic_box,0.937,0.854
1789262185,119576345,551.629,robot_0_carried_generic_box,2.025,0.604
1789262185,345329022,551.854,robot_1,0.673,-1.994
1789262185,345392684,551.855,robot_0,2.025,0.604
1789262185,345429670,551.855,robot_2,0.937,0.854
1789262185,345463685,551.855,robot_2_carried_generic_box,0.937,0.854
1789262185,351154674,551.860,robot_0_carried_generic_box,2.025,0.604
1789262185,597043780,552.106,robot_1,0.661,-1.986
1789262185,597116384,552.106,robot_0,2.025,0.604
1789262185,597148353,552.106,robot_2,0.937,0.854
1789262185,597185902,552.106,robot_2_carried_generic_box,0.937,0.854
1789262185,597218575,552.106,robot_0_carried_generic_box,2.025,0.604
1789262185,820361457,552.329,robot_1,0.652,-1.980
1789262185,820426520,552.330,robot_0,2.025,0.604
1789262185,820454242,552.330,robot_2,0.937,0.854
1789262185,820484095,552.330,robot_2_carried_generic_box,0.937,0.854
1789262185,820508730,552.330,robot_0_carried_generic_box,2.025,0.604
1789262186,27973163,552.537,robot_1,0.635,-1.970
1789262186,28035606,552.537,robot_0,2.026,0.604
1789262186,28065658,552.537,robot_2,0.937,0.855
1789262186,28099453,552.537,robot_2_carried_generic_box,0.937,0.854
1789262186,28124660,552.537,robot_0_carried_generic_box,2.025,0.604
1789262186,251102960,552.760,robot_1,0.625,-1.965
1789262186,251162598,552.760,robot_0,2.026,0.604
1789262186,251194799,552.760,robot_2,0.937,0.855
1789262186,251235553,552.760,robot_2_carried_generic_box,0.937,0.855
1789262186,251266993,552.760,robot_0_carried_generic_box,2.026,0.604
1789262186,484249610,552.993,robot_1,0.625,-1.965
1789262186,484317801,552.993,robot_0,2.026,0.604
1789262186,484353058,552.993,robot_2,0.937,0.855
1789262186,484395891,552.994,robot_2_carried_generic_box,0.937,0.855
1789262186,484428641,552.994,robot_0_carried_generic_box,2.026,0.604
1789262186,691053423,553.200,robot_1,0.625,-1.964
1789262186,691118263,553.200,robot_0,2.026,0.604
1789262186,691152336,553.200,robot_2,0.936,0.855
1789262186,691195190,553.200,robot_2_carried_generic_box,0.937,0.855
1789262186,691230550,553.200,robot_0_carried_generic_box,2.026,0.604
1789262186,891493078,553.401,robot_1,0.620,-1.962
1789262186,891555974,553.401,robot_0,2.026,0.604
1789262186,891587658,553.401,robot_2,0.936,0.855
1789262186,891627513,553.401,robot_2_carried_generic_box,0.937,0.855
1789262186,891653599,553.401,robot_0_carried_generic_box,2.026,0.604
1789262187,121024543,553.630,robot_1,0.611,-1.958
1789262187,121091167,553.630,robot_0,2.026,0.604
1789262187,121132559,553.630,robot_2,0.936,0.855
1789262187,121175229,553.630,robot_2_carried_generic_box,0.936,0.855
1789262187,121208580,553.630,robot_0_carried_generic_box,2.026,0.604
1789262187,348486009,553.858,robot_1,0.610,-1.957
1789262187,348549923,553.858,robot_0,2.026,0.604
1789262187,357292375,553.866,robot_2,0.936,0.855
1789262187,357383647,553.867,robot_2_carried_generic_box,0.936,0.855
1789262187,357421492,553.867,robot_0_carried_generic_box,2.026,0.604
1789262187,576484399,554.086,robot_1,0.610,-1.957
1789262187,576603416,554.086,robot_0,2.026,0.604
1789262187,576642046,554.086,robot_2,0.936,0.855
1789262187,576676460,554.086,robot_2_carried_generic_box,0.936,0.855
1789262187,576704246,554.086,robot_0_carried_generic_box,2.026,0.604
1789262187,795723313,554.305,robot_1,0.610,-1.957
1789262187,825644558,554.335,robot_0,2.027,0.604
1789262187,825730559,554.335,robot_2,0.936,0.855
1789262187,825773632,554.335,robot_2_carried_generic_box,0.936,0.855
1789262187,825803984,554.335,robot_0_carried_generic_box,2.026,0.604
1789262188,42768204,554.552,robot_1,0.610,-1.957
1789262188,42830185,554.552,robot_0,2.027,0.604
1789262188,43623248,554.553,robot_2,0.936,0.855
1789262188,43681321,554.553,robot_2_carried_generic_box,0.936,0.855
1789262188,43710722,554.553,robot_0_carried_generic_box,2.027,0.604
1789262188,301662965,554.811,robot_1,0.610,-1.957
1789262188,301720218,554.811,robot_0,2.026,0.604
1789262188,301748118,554.811,robot_2,0.936,0.855
1789262188,315144270,554.824,robot_2_carried_generic_box,0.936,0.855
1789262188,315223895,554.824,robot_0_carried_generic_box,2.027,0.604
1789262188,513211685,555.022,robot_1,0.610,-1.957
1789262188,513268898,555.022,robot_0,2.026,0.604
1789262188,513299232,555.022,robot_2,0.936,0.855
1789262188,513338434,555.022,robot_2_carried_generic_box,0.936,0.855
1789262188,513364071,555.022,robot_0_carried_generic_box,2.027,0.604
1789262188,743709746,555.253,robot_1,0.610,-1.957
1789262188,743774088,555.253,robot_0,2.026,0.604
1789262188,755051556,555.264,robot_2,0.936,0.861
1789262188,755138214,555.264,robot_2_carried_generic_box,0.936,0.855
1789262188,755169068,555.264,robot_0_carried_generic_box,2.026,0.604
1789262188,960867389,555.470,robot_1,0.610,-1.957
1789262188,960937202,555.470,robot_0,2.026,0.604
1789262188,960973555,555.470,robot_2,0.937,0.869
1789262188,961015310,555.470,robot_2_carried_generic_box,0.936,0.856
1789262188,961051113,555.470,robot_0_carried_generic_box,2.026,0.604
1789262189,180463784,555.690,robot_1,0.611,-1.957
1789262189,180522904,555.690,robot_0,2.026,0.604
1789262189,180551748,555.690,robot_2,0.937,0.870
1789262189,180588462,555.690,robot_2_carried_generic_box,0.936,0.863
1789262189,180616662,555.690,robot_0_carried_generic_box,2.026,0.604
1789262189,404543079,555.914,robot_1,0.611,-1.957
1789262189,404614786,555.914,robot_0,2.026,0.604
1789262189,404649248,555.914,robot_2,0.937,0.867
1789262189,404689721,555.914,robot_2_carried_generic_box,0.937,0.870
1789262189,410498972,555.920,robot_0_carried_generic_box,2.026,0.604
1789262189,614918372,556.124,robot_1,0.611,-1.957
1789262189,614989737,556.124,robot_0,2.026,0.604
1789262189,615018252,556.124,robot_2,0.937,0.867
1789262189,615055547,556.124,robot_2_carried_generic_box,0.937,0.867
1789262189,615087205,556.124,robot_0_carried_generic_box,2.026,0.604
1789262189,831258343,556.340,robot_1,0.611,-1.956
1789262189,831313226,556.340,robot_0,2.026,0.604
1789262189,831343850,556.340,robot_2,0.937,0.867
1789262189,831378989,556.341,robot_2_carried_generic_box,0.937,0.867
1789262189,831406905,556.341,robot_0_carried_generic_box,2.026,0.604
1789262190,42755554,556.552,robot_1,0.611,-1.956
1789262190,45286229,556.557,robot_0,2.026,0.604
1789262190,48158777,556.557,robot_2,0.937,0.867
1789262190,48214619,556.557,robot_2_carried_generic_box,0.937,0.867
1789262190,48245397,556.557,robot_0_carried_generic_box,2.026,0.604
1789262190,283101242,556.792,robot_1,0.611,-1.956
1789262190,283166605,556.792,robot_0,2.026,0.604
1789262190,283196183,556.792,robot_2,0.937,0.867
1789262190,283233750,556.792,robot_2_carried_generic_box,0.937,0.867
1789262190,283258945,556.792,robot_0_carried_generic_box,2.026,0.604
1789262190,483115738,556.992,robot_1,0.611,-1.956
1789262190,483175284,556.992,robot_0,2.026,0.603
1789262190,483209485,556.992,robot_2,0.936,0.870
1789262190,483241069,556.992,robot_2_carried_generic_box,0.937,0.867
1789262190,483270083,556.992,robot_0_carried_generic_box,2.026,0.604
1789262190,730927380,557.240,robot_1,0.611,-1.956
1789262190,731011025,557.240,robot_0,2.028,0.590
1789262190,731047876,557.240,robot_2,0.934,0.885
1789262190,731081473,557.240,robot_2_carried_generic_box,0.936,0.869
1789262190,731107610,557.240,robot_0_carried_generic_box,2.026,0.604
1789262191,1288856,557.510,robot_1,0.610,-1.956
1789262191,5459920,557.515,robot_0,2.030,0.580
1789262191,6143018,557.515,robot_2,0.933,0.897
1789262191,6212856,557.515,robot_2_carried_generic_box,0.935,0.881
1789262191,6248059,557.515,robot_0_carried_generic_box,2.027,0.594
1789262191,221302777,557.735,robot_1,0.611,-1.956
1789262191,226216449,557.735,robot_0,2.035,0.557
1789262191,226274474,557.735,robot_2,0.930,0.915
1789262191,226317270,557.735,robot_2_carried_generic_box,0.933,0.893
1789262191,226345681,557.735,robot_0_carried_generic_box,2.029,0.582
1789262191,453730941,557.963,robot_1,0.618,-1.953
1789262191,453800947,557.963,robot_0,2.039,0.542
1789262191,453829305,557.963,robot_2,0.930,0.920
1789262191,453864391,557.963,robot_2_carried_generic_box,0.931,0.911
1789262191,453891483,557.963,robot_0_carried_generic_box,2.034,0.560
1789262191,676816518,558.186,robot_1,0.631,-1.948
1789262191,676884994,558.186,robot_0,2.041,0.534
1789262191,676915347,558.212,robot_2,0.930,0.920
1789262191,702687854,558.212,robot_2_carried_generic_box,0.930,0.920
1789262191,702746104,558.212,robot_0_carried_generic_box,2.037,0.548
1789262191,907881922,558.417,robot_1,0.641,-1.945
1789262191,907952115,558.417,robot_0,2.043,0.528
1789262191,907981901,558.417,robot_2,0.930,0.920
1789262191,908016203,558.417,robot_2_carried_generic_box,0.930,0.920
1789262191,917782381,558.427,robot_0_carried_generic_box,2.040,0.539
1789262192,164852056,558.674,robot_1,0.645,-1.943
1789262192,169655713,558.679,robot_0,2.046,0.517
1789262192,169748510,558.679,robot_2,0.930,0.920
1789262192,169791708,558.679,robot_2_carried_generic_box,0.930,0.920
1789262192,169824047,558.679,robot_0_carried_generic_box,2.041,0.534
1789262192,390859068,558.900,robot_1,0.645,-1.943
1789262192,419061091,558.928,robot_0,2.050,0.506
1789262192,419150339,558.928,robot_2,0.929,0.920
1789262192,419192801,558.928,robot_2_carried_generic_box,0.930,0.920
1789262192,419221960,558.928,robot_0_carried_generic_box,2.044,0.524
1789262192,616897181,559.126,robot_1,0.645,-1.943
1789262192,616978540,559.126,robot_0,2.050,0.505
1789262192,617008452,559.126,robot_2,0.929,0.920
1789262192,617044945,559.126,robot_2_carried_generic_box,0.930,0.920
1789262192,617074013,559.126,robot_0_carried_generic_box,2.049,0.510
1789262192,891457553,559.401,robot_1,0.646,-1.943
1789262192,891517530,559.401,robot_0,2.050,0.505
1789262192,891545292,559.401,robot_2,0.929,0.920
1789262192,891582816,559.401,robot_2_carried_generic_box,0.929,0.920
1789262192,891614258,559.401,robot_0_carried_generic_box,2.050,0.505
1789262193,128885168,559.638,robot_1,0.646,-1.943
1789262193,144593301,559.654,robot_0,2.050,0.505
1789262193,144662462,559.654,robot_2,0.929,0.920
1789262193,144700111,559.654,robot_2_carried_generic_box,0.929,0.920
1789262193,144725421,559.654,robot_0_carried_generic_box,2.050,0.505
1789262193,366263112,559.875,robot_1,0.646,-1.943
1789262193,366330548,559.875,robot_0,2.050,0.505
1789262193,366363959,559.875,robot_2,0.929,0.920
1789262193,366404783,559.876,robot_2_carried_generic_box,0.929,0.920
1789262193,366438077,559.876,robot_0_carried_generic_box,2.050,0.505
1789262193,601580369,560.111,robot_1,0.646,-1.943
1789262193,601646009,560.111,robot_0,2.050,0.505
1789262193,601683109,560.111,robot_2,0.933,0.914
1789262193,601725715,560.111,robot_2_carried_generic_box,0.929,0.920
1789262193,601755374,560.111,robot_0_carried_generic_box,2.050,0.505
1789262193,842418856,560.352,robot_1,0.646,-1.944
1789262193,842477715,560.352,robot_0,2.050,0.505
1789262193,842503514,560.352,robot_2,0.933,0.912
1789262193,842536275,560.352,robot_2_carried_generic_box,0.930,0.918
1789262193,842568003,560.352,robot_0_carried_generic_box,2.050,0.505
1789262194,90033388,560.599,robot_1,0.646,-1.944
1789262194,90111187,560.599,robot_0,2.050,0.505
1789262194,90140606,560.599,robot_2,0.933,0.913
1789262194,90192673,560.599,robot_2_carried_generic_box,0.934,0.912
1789262194,90222181,560.599,robot_0_carried_generic_box,2.050,0.505
1789262194,299056857,560.808,robot_1,0.646,-1.944
1789262194,299126821,560.808,robot_0,2.050,0.505
1789262194,299156333,560.808,robot_2,0.934,0.912
1789262194,299194896,560.808,robot_2_carried_generic_box,0.933,0.913
1789262194,303316923,560.812,robot_0_carried_generic_box,2.050,0.505
1789262194,520397245,561.030,robot_1,0.645,-1.944
1789262194,520461346,561.030,robot_0,2.050,0.505
1789262194,520488080,561.030,robot_2,0.939,0.906
1789262194,520518517,561.030,robot_2_carried_generic_box,0.933,0.913
1789262194,520543838,561.030,robot_0_carried_generic_box,2.050,0.505
1789262194,763611445,561.273,robot_1,0.638,-1.943
1789262194,763676916,561.273,robot_0,2.050,0.505
1789262194,763707036,561.273,robot_2,0.941,0.903
1789262194,763742832,561.273,robot_2_carried_generic_box,0.933,0.912
1789262194,763768814,561.273,robot_0_carried_generic_box,2.050,0.505
1789262195,34500055,561.544,robot_1,0.633,-1.943
1789262195,34558375,561.544,robot_0,2.049,0.504
1789262195,34584846,561.544,robot_2,0.941,0.903
1789262195,34618362,561.544,robot_2_carried_generic_box,0.941,0.903
1789262195,34644230,561.544,robot_0_carried_generic_box,2.050,0.505
1789262195,248552088,561.758,robot_1,0.633,-1.943
1789262195,248607111,561.758,robot_0,2.049,0.504
1789262195,248633101,561.758,robot_2,0.936,0.907
1789262195,248664852,561.758,robot_2_carried_generic_box,0.941,0.903
1789262195,248692254,561.758,robot_0_carried_generic_box,2.049,0.504
1789262195,519037766,562.028,robot_1,0.633,-1.944
1789262195,519096583,562.028,robot_0,2.049,0.504
1789262195,519122638,562.028,robot_2,0.927,0.915
1789262195,519159595,562.028,robot_2_carried_generic_box,0.940,0.903
1789262195,519189735,562.028,robot_0_carried_generic_box,2.049,0.504
1789262195,746108395,562.255,robot_1,0.635,-1.944
1789262195,746179613,562.255,robot_0,2.049,0.504
1789262195,746208864,562.255,robot_2,0.926,0.916
1789262195,746757719,562.256,robot_2_carried_generic_box,0.936,0.907
1789262195,746840839,562.256,robot_0_carried_generic_box,2.049,0.504
1789262195,942991533,562.452,robot_1,0.640,-1.946
1789262195,943049329,562.452,robot_0,2.049,0.504
1789262195,943077555,562.452,robot_2,0.927,0.916
1789262195,945118895,562.454,robot_2_carried_generic_box,0.930,0.912
1789262195,945215548,562.454,robot_0_carried_generic_box,2.049,0.504
1789262196,176693853,562.686,robot_1,0.642,-1.947
1789262196,176763443,562.686,robot_0,2.048,0.505
1789262196,176794922,562.686,robot_2,0.922,0.919
1789262196,176837732,562.686,robot_2_carried_generic_box,0.927,0.916
1789262196,176872244,562.686,robot_0_carried_generic_box,2.049,0.504
1789262196,388549269,562.898,robot_1,0.642,-1.947
1789262196,388620163,562.898,robot_0,2.040,0.509
1789262196,388650798,562.898,robot_2,0.923,0.918
1789262196,388683246,562.898,robot_2_carried_generic_box,0.922,0.919
1789262196,388711536,562.898,robot_0_carried_generic_box,2.049,0.504
1789262196,601188604,563.110,robot_1,0.642,-1.947
1789262196,601262634,563.110,robot_0,2.033,0.513
1789262196,601290162,563.110,robot_2,0.925,0.917
1789262196,601324480,563.110,robot_2_carried_generic_box,0.922,0.919
1789262196,601351422,563.110,robot_0_carried_generic_box,2.045,0.506
1789262196,824185732,563.333,robot_1,0.642,-1.947
1789262196,824253519,563.333,robot_0,2.024,0.518
1789262196,824286130,563.333,robot_2,0.934,0.910
1789262196,824323729,563.333,robot_2_carried_generic_box,0.923,0.918
1789262196,824355412,563.333,robot_0_carried_generic_box,2.037,0.511
1789262197,39001761,563.548,robot_1,0.642,-1.947
1789262197,44356062,563.554,robot_0,2.022,0.519
1789262197,44425400,563.554,robot_2,0.947,0.898
1789262197,44461834,563.554,robot_2_carried_generic_box,0.927,0.915
1789262197,44491085,563.554,robot_0_carried_generic_box,2.031,0.514
1789262197,245788260,563.755,robot_1,0.642,-1.947
1789262197,245848854,563.755,robot_0,2.022,0.519
1789262197,245874635,563.755,robot_2,0.956,0.890
1789262197,245912692,563.763,robot_2_carried_generic_box,0.943,0.902
1789262197,254087868,563.763,robot_0_carried_generic_box,2.022,0.519
1789262197,483077742,563.992,robot_1,0.642,-1.947
1789262197,483144945,563.992,robot_0,2.022,0.519
1789262197,483173383,563.992,robot_2,0.956,0.890
1789262197,483206249,563.992,robot_2_carried_generic_box,0.954,0.893
1789262197,483238060,563.992,robot_0_carried_generic_box,2.022,0.519
1789262197,705828105,564.215,robot_1,0.642,-1.947
1789262197,705889442,564.215,robot_0,2.022,0.519
1789262197,705929230,564.215,robot_2,0.954,0.892
1789262197,705963125,564.215,robot_2_carried_generic_box,0.958,0.890
1789262197,705995034,564.215,robot_0_carried_generic_box,2.022,0.519
1789262197,935705989,564.460,robot_1,0.642,-1.947
1789262197,951291683,564.460,robot_0,2.022,0.519
1789262197,951543913,564.461,robot_2,0.954,0.892
1789262197,951601223,564.461,robot_2_carried_generic_box,0.956,0.890
1789262197,951633827,564.461,robot_0_carried_generic_box,2.022,0.519
1789262198,156209481,564.665,robot_1,0.642,-1.946
1789262198,156283670,564.665,robot_0,2.022,0.519
1789262198,156317445,564.665,robot_2,0.954,0.892
1789262198,156358420,564.665,robot_2_carried_generic_box,0.954,0.892
1789262198,156393816,564.666,robot_0_carried_generic_box,2.022,0.519
1789262198,365767826,564.875,robot_1,0.642,-1.946
1789262198,365832135,564.875,robot_0,2.022,0.519
1789262198,365865793,564.875,robot_2,0.954,0.892
1789262198,365903167,564.875,robot_2_carried_generic_box,0.954,0.892
1789262198,365941193,564.875,robot_0_carried_generic_box,2.022,0.519
1789262198,565775040,565.075,robot_1,0.642,-1.946
1789262198,565843691,565.075,robot_0,2.022,0.519
1789262198,565877517,565.075,robot_2,0.954,0.892
1789262198,565911762,565.075,robot_2_carried_generic_box,0.954,0.892
1789262198,565944462,565.075,robot_0_carried_generic_box,2.022,0.519
1789262198,850915205,565.360,robot_1,0.642,-1.946
1789262198,850996295,565.360,robot_0,2.022,0.519
1789262198,851027041,565.360,robot_2,0.954,0.892
1789262198,851062567,565.360,robot_2_carried_generic_box,0.954,0.892
1789262198,851789279,565.361,robot_0_carried_generic_box,2.022,0.519
1789262199,112909277,565.622,robot_1,0.642,-1.946
1789262199,113017462,565.622,robot_0,2.020,0.522
1789262199,113050427,565.622,robot_2,0.954,0.892
1789262199,113088221,565.622,robot_2_carried_generic_box,0.954,0.892
1789262199,113119255,565.622,robot_0_carried_generic_box,2.022,0.519
1789262199,351734534,565.861,robot_1,0.642,-1.946
1789262199,351799987,565.861,robot_0,2.016,0.526
1789262199,351827531,565.861,robot_2,0.954,0.892
1789262199,351862926,565.861,robot_2_carried_generic_box,0.954,0.892
1789262199,351891694,565.861,robot_0_carried_generic_box,2.021,0.520
1789262199,566638062,566.076,robot_1,0.642,-1.946
1789262199,566702526,566.076,robot_0,2.016,0.526
1789262199,566732492,566.076,robot_2,0.954,0.892
1789262199,566765071,566.076,robot_2_carried_generic_box,0.954,0.892
1789262199,566791584,566.076,robot_0_carried_generic_box,2.017,0.525
1789262199,791333294,566.300,robot_1,0.642,-1.946
1789262199,803427336,566.313,robot_0,2.016,0.526
1789262199,803505454,566.313,robot_2,0.954,0.892
1789262199,803544987,566.313,robot_2_carried_generic_box,0.954,0.892
1789262199,803573435,566.313,robot_0_carried_generic_box,2.016,0.525
1789262199,993064849,566.502,robot_1,0.642,-1.946
1789262199,993132259,566.502,robot_0,2.016,0.526
1789262199,993163905,566.502,robot_2,0.954,0.892
1789262199,993199775,566.502,robot_2_carried_generic_box,0.954,0.892
1789262199,993227878,566.502,robot_0_carried_generic_box,2.016,0.526
1789262200,212329069,566.721,robot_1,0.642,-1.945
1789262200,212398240,566.722,robot_0,2.016,0.526
1789262200,212432706,566.722,robot_2,0.954,0.892
1789262200,212472962,566.722,robot_2_carried_generic_box,0.954,0.892
1789262200,212508857,566.734,robot_0_carried_generic_box,2.016,0.526
1789262200,462112397,566.971,robot_1,0.642,-1.945
1789262200,462181252,566.971,robot_0,2.017,0.526
1789262200,462214863,566.971,robot_2,0.954,0.892
1789262200,462257550,566.971,robot_2_carried_generic_box,0.954,0.892
1789262200,462293440,566.971,robot_0_carried_generic_box,2.016,0.526
1789262200,667277881,567.176,robot_1,0.642,-1.945
1789262200,667348974,567.176,robot_0,2.017,0.526
1789262200,667386193,567.177,robot_2,0.954,0.891
1789262200,667424575,567.177,robot_2_carried_generic_box,0.954,0.892
1789262200,667457812,567.177,robot_0_carried_generic_box,2.017,0.526
1789262200,874903237,567.384,robot_1,0.642,-1.945
1789262200,874984856,567.384,robot_0,2.017,0.526
1789262200,875019227,567.384,robot_2,0.954,0.891
1789262200,875057089,567.384,robot_2_carried_generic_box,0.954,0.892
1789262200,875088462,567.384,robot_0_carried_generic_box,2.017,0.526
1789262201,84137147,567.593,robot_1,0.644,-1.944
1789262201,84199352,567.593,robot_0,2.017,0.526
1789262201,84225460,567.593,robot_2,0.954,0.891
1789262201,84256660,567.593,robot_2_carried_generic_box,0.954,0.891
1789262201,84283027,567.593,robot_0_carried_generic_box,2.017,0.526
1789262201,363555117,567.873,robot_1,0.657,-1.939
1789262201,363639015,567.873,robot_0,2.017,0.526
1789262201,363668438,567.873,robot_2,0.954,0.891
1789262201,363703052,567.873,robot_2_carried_generic_box,0.954,0.891
1789262201,363731216,567.873,robot_0_carried_generic_box,2.017,0.526
1789262201,583199907,568.092,robot_1,0.664,-1.937
1789262201,583256944,568.092,robot_0,2.017,0.526
1789262201,583282159,568.092,robot_2,0.955,0.891
1789262201,583313562,568.092,robot_2_carried_generic_box,0.954,0.891
1789262201,583338273,568.092,robot_0_carried_generic_box,2.017,0.526
1789262201,847685526,568.357,robot_1,0.664,-1.937
1789262201,847753310,568.357,robot_0,2.016,0.526
1789262201,847787510,568.357,robot_2,0.962,0.892
1789262201,847827094,568.357,robot_2_carried_generic_box,0.954,0.891
1789262201,847850737,568.357,robot_0_carried_generic_box,2.017,0.526
1789262202,75332927,568.584,robot_1,0.664,-1.937
1789262202,75389780,568.585,robot_0,2.016,0.526
1789262202,75417662,568.585,robot_2,0.970,0.892
1789262202,75451443,568.585,robot_2_carried_generic_box,0.957,0.891
1789262202,75477217,568.585,robot_0_carried_generic_box,2.016,0.526
1789262202,294811744,568.804,robot_1,0.664,-1.937
1789262202,294875658,568.804,robot_0,2.016,0.526
1789262202,294907201,568.804,robot_2,0.966,0.892
1789262202,303226468,568.812,robot_2_carried_generic_box,0.968,0.892
1789262202,303304086,568.812,robot_0_carried_generic_box,2.016,0.526
1789262202,524121997,569.033,robot_1,0.664,-1.937
1789262202,524209837,569.033,robot_0,2.016,0.526
1789262202,524243659,569.033,robot_2,0.953,0.890
1789262202,524291972,569.033,robot_2_carried_generic_box,0.970,0.892
1789262202,524324985,569.033,robot_0_carried_generic_box,2.016,0.526
1789262202,765495510,569.275,robot_1,0.664,-1.937
1789262202,765569838,569.275,robot_0,2.016,0.525
1789262202,765604403,569.275,robot_2,0.940,0.888
1789262202,765644047,569.275,robot_2_carried_generic_box,0.957,0.890
1789262202,765675485,569.275,robot_0_carried_generic_box,2.016,0.526
1789262202,981344186,569.490,robot_1,0.664,-1.937
1789262202,981404548,569.491,robot_0,2.016,0.525
1789262202,981430410,569.491,robot_2,0.938,0.888
1789262202,981463859,569.491,robot_2_carried_generic_box,0.943,0.888
1789262202,981491479,569.491,robot_0_carried_generic_box,2.016,0.525
1789262203,186065642,569.695,robot_1,0.664,-1.937
1789262203,186136428,569.695,robot_0,2.016,0.525
1789262203,186164884,569.695,robot_2,0.938,0.888
1789262203,186198913,569.695,robot_2_carried_generic_box,0.938,0.888
1789262203,186224900,569.695,robot_0_carried_generic_box,2.016,0.525
1789262203,443021805,569.952,robot_1,0.664,-1.937
1789262203,443082316,569.952,robot_0,2.016,0.525
1789262203,443107320,569.952,robot_2,0.938,0.888
1789262203,443136040,569.952,robot_2_carried_generic_box,0.938,0.888
1789262203,443160168,569.952,robot_0_carried_generic_box,2.016,0.525
1789262203,659972633,570.169,robot_1,0.664,-1.936
1789262203,660070509,570.169,robot_0,2.013,0.526
1789262203,660102643,570.169,robot_2,0.938,0.888
1789262203,660136876,570.169,robot_2_carried_generic_box,0.938,0.888
1789262203,660163687,570.169,robot_0_carried_generic_box,2.016,0.525
1789262203,875416193,570.385,robot_1,0.664,-1.936
1789262203,875485495,570.385,robot_0,2.008,0.528
1789262203,875512870,570.385,robot_2,0.938,0.888
1789262203,875545296,570.385,robot_2_carried_generic_box,0.938,0.888
1789262203,875572199,570.385,robot_0_carried_generic_box,2.013,0.526
1789262204,122199391,570.631,robot_1,0.664,-1.936
1789262204,122276774,570.631,robot_0,2.004,0.530
1789262204,122306996,570.631,robot_2,0.938,0.888
1789262204,122344314,570.631,robot_2_carried_generic_box,0.938,0.888
1789262204,122373453,570.631,robot_0_carried_generic_box,2.008,0.528
1789262204,449843624,570.959,robot_1,0.663,-1.936
1789262204,449924447,570.959,robot_0,2.002,0.531
1789262204,449958053,570.959,robot_2,0.938,0.888
1789262204,449998879,570.959,robot_2_carried_generic_box,0.938,0.888
1789262204,450028230,570.959,robot_0_carried_generic_box,2.004,0.530
1789262204,651452164,571.161,robot_1,0.663,-1.936
1789262204,651551417,571.161,robot_0,2.002,0.531
1789262204,651581413,571.161,robot_2,0.938,0.888
1789262204,651616667,571.161,robot_2_carried_generic_box,0.938,0.888
1789262204,651642450,571.161,robot_0_carried_generic_box,2.004,0.530
1789262204,876855417,571.386,robot_1,0.663,-1.936
1789262204,876933131,571.386,robot_0,2.000,0.532
1789262204,876962567,571.386,robot_2,0.940,0.888
1789262204,876996538,571.386,robot_2_carried_generic_box,0.938,0.888
1789262204,877023037,571.386,robot_0_carried_generic_box,2.002,0.531
1789262205,117837491,571.627,robot_1,0.663,-1.936
1789262205,117918965,571.627,robot_0,1.994,0.534
1789262205,117961219,571.627,robot_2,0.946,0.886
1789262205,117999277,571.627,robot_2_carried_generic_box,0.938,0.888
1789262205,118028561,571.627,robot_0_carried_generic_box,2.002,0.531
1789262205,330654245,571.840,robot_1,0.663,-1.936
1789262205,330722196,571.840,robot_0,1.994,0.534
1789262205,330751062,571.840,robot_2,0.947,0.886
1789262205,330788009,571.840,robot_2_carried_generic_box,0.941,0.887
1789262205,330817729,571.840,robot_0_carried_generic_box,1.998,0.532
1789262205,548212233,572.057,robot_1,0.663,-1.936
1789262205,548273077,572.057,robot_0,1.994,0.534
1789262205,548302128,572.057,robot_2,0.946,0.886
1789262205,548338879,572.057,robot_2_carried_generic_box,0.947,0.886
1789262205,548367511,572.057,robot_0_carried_generic_box,1.994,0.534
1789262205,768653949,572.278,robot_1,0.663,-1.936
1789262205,768728902,572.278,robot_0,1.994,0.534
1789262205,768763751,572.278,robot_2,0.939,0.889
1789262205,768805825,572.278,robot_2_carried_generic_box,0.947,0.886
1789262205,768840412,572.278,robot_0_carried_generic_box,1.994,0.534
1789262205,973468435,572.483,robot_1,0.663,-1.936
1789262205,973534435,572.483,robot_0,1.991,0.535
1789262205,973562348,572.483,robot_2,0.933,0.892
1789262205,973595926,572.483,robot_2_carried_generic_box,0.945,0.887
1789262205,973621205,572.483,robot_0_carried_generic_box,1.994,0.534
1789262206,210937606,572.720,robot_1,0.663,-1.936
1789262206,211022678,572.721,robot_0,1.982,0.539
1789262206,223889167,572.733,robot_2,0.931,0.893
1789262206,224024251,572.733,robot_2_carried_generic_box,0.941,0.889
1789262206,224062735,572.733,robot_0_carried_generic_box,1.994,0.534
1789262206,423192580,572.932,robot_1,0.662,-1.936
1789262206,423274550,572.932,robot_0,1.972,0.543
1789262206,423308915,572.932,robot_2,0.931,0.893
1789262206,423343665,572.932,robot_2_carried_generic_box,0.932,0.893
1789262206,423375019,572.932,robot_0_carried_generic_box,1.990,0.536
1789262206,662038923,573.171,robot_1,0.660,-1.941
1789262206,662103379,573.171,robot_0,1.966,0.545
1789262206,662129783,573.171,robot_2,0.931,0.893
1789262206,662161800,573.171,robot_2_carried_generic_box,0.931,0.893
1789262206,671390812,573.181,robot_0_carried_generic_box,1.976,0.541
1789262206,892376277,573.402,robot_1,0.660,-1.941
1789262206,892444073,573.402,robot_0,1.966,0.546
1789262206,892476915,573.402,robot_2,0.931,0.893
1789262206,892517420,573.402,robot_2_carried_generic_box,0.931,0.893
1789262206,892549517,573.402,robot_0_carried_generic_box,1.967,0.545
1789262207,107172720,573.616,robot_1,0.661,-1.939
1789262207,107241066,573.616,robot_0,1.966,0.546
1789262207,107269830,573.616,robot_2,0.931,0.893
1789262207,107301321,573.616,robot_2_carried_generic_box,0.931,0.893
1789262207,107325197,573.616,robot_0_carried_generic_box,1.966,0.546
1789262207,331736689,573.841,robot_1,0.667,-1.925
1789262207,357281646,573.866,robot_0,1.966,0.546
1789262207,357356723,573.866,robot_2,0.931,0.893
1789262207,357395292,573.867,robot_2_carried_generic_box,0.931,0.893
1789262207,357424034,573.867,robot_0_carried_generic_box,1.966,0.546
1789262207,554907350,574.064,robot_1,0.667,-1.924
1789262207,554980548,574.064,robot_0,1.966,0.546
1789262207,555010824,574.064,robot_2,0.931,0.893
1789262207,555043279,574.064,robot_2_carried_generic_box,0.931,0.893
1789262207,555068731,574.064,robot_0_carried_generic_box,1.966,0.546
1789262207,767490554,574.277,robot_1,0.667,-1.924
1789262207,767557563,574.277,robot_0,1.966,0.546
1789262207,767584610,574.277,robot_2,0.931,0.893
1789262207,767615707,574.277,robot_2_carried_generic_box,0.931,0.893
1789262207,767640266,574.277,robot_0_carried_generic_box,1.966,0.546
1789262207,986236984,574.495,robot_1,0.667,-1.924
1789262207,986299892,574.495,robot_0,1.966,0.546
1789262207,986330366,574.495,robot_2,0.931,0.893
1789262207,986367844,574.495,robot_2_carried_generic_box,0.931,0.893
1789262207,986400588,574.496,robot_0_carried_generic_box,1.966,0.546
1789262208,213819540,574.723,robot_1,0.667,-1.924
1789262208,213882909,574.723,robot_0,1.966,0.546
1789262208,213911267,574.723,robot_2,0.931,0.893
1789262208,213953235,574.723,robot_2_carried_generic_box,0.931,0.893
1789262208,213983644,574.723,robot_0_carried_generic_box,1.966,0.546
1789262208,431473285,574.941,robot_1,0.666,-1.928
1789262208,431543802,574.941,robot_0,1.966,0.546
1789262208,431579451,574.941,robot_2,0.931,0.893
1789262208,449562919,574.959,robot_2_carried_generic_box,0.931,0.893
1789262208,449665698,574.959,robot_0_carried_generic_box,1.966,0.546
1789262208,644718435,575.154,robot_1,0.662,-1.937
1789262208,659088659,575.168,robot_0,1.966,0.547
1789262208,659155649,575.168,robot_2,0.931,0.893
1789262208,659194912,575.168,robot_2_carried_generic_box,0.931,0.893
1789262208,659223214,575.168,robot_0_carried_generic_box,1.966,0.546
1789262208,887199339,575.396,robot_1,0.661,-1.939
1789262208,887263735,575.396,robot_0,1.964,0.549
1789262208,887296841,575.396,robot_2,0.931,0.892
1789262208,887335552,575.396,robot_2_carried_generic_box,0.931,0.893
1789262208,887366998,575.396,robot_0_carried_generic_box,1.966,0.546
1789262209,130278077,575.639,robot_1,0.661,-1.938
1789262209,130346718,575.639,robot_0,1.964,0.549
1789262209,130376798,575.639,robot_2,0.931,0.892
1789262209,130413366,575.640,robot_2_carried_generic_box,0.931,0.892
1789262209,130443575,575.640,robot_0_carried_generic_box,1.964,0.548
1789262209,339626168,575.849,robot_1,0.664,-1.933
1789262209,339691633,575.849,robot_0,1.964,0.549
1789262209,339720733,575.849,robot_2,0.931,0.892
1789262209,339752668,575.849,robot_2_carried_generic_box,0.931,0.892
1789262209,339776341,575.849,robot_0_carried_generic_box,1.964,0.549
1789262209,541893871,576.051,robot_1,0.669,-1.920
1789262209,567836682,576.077,robot_0,1.964,0.549
1789262209,567901628,576.077,robot_2,0.931,0.892
1789262209,567944642,576.077,robot_2_carried_generic_box,0.931,0.892
1789262209,567972657,576.077,robot_0_carried_generic_box,1.964,0.549
1789262209,753720358,576.263,robot_1,0.672,-1.910
1789262209,753790889,576.263,robot_0,1.964,0.549
1789262209,753824616,576.263,robot_2,0.930,0.892
1789262209,753866447,576.263,robot_2_carried_generic_box,0.931,0.892
1789262209,753901182,576.263,robot_0_carried_generic_box,1.964,0.549
1789262209,990802085,576.500,robot_1,0.673,-1.907
1789262209,990863965,576.500,robot_0,1.964,0.549
1789262209,990889357,576.500,robot_2,0.918,0.888
1789262210,7721565,576.517,robot_2_carried_generic_box,0.931,0.892
1789262210,7840261,576.517,robot_0_carried_generic_box,1.964,0.549
1789262210,207086214,576.716,robot_1,0.673,-1.907
1789262210,207151639,576.716,robot_0,1.964,0.549
1789262210,207181559,576.716,robot_2,0.908,0.885
1789262210,207219523,576.716,robot_2_carried_generic_box,0.931,0.892
1789262210,207253197,576.716,robot_0_carried_generic_box,1.964,0.549
1789262210,408607504,576.918,robot_1,0.673,-1.907
1789262210,408672167,576.918,robot_0,1.964,0.549
1789262210,408705959,576.918,robot_2,0.896,0.881
1789262210,408745221,576.918,robot_2_carried_generic_box,0.908,0.885
1789262210,408777994,576.918,robot_0_carried_generic_box,1.964,0.549
1789262210,660793058,577.170,robot_1,0.673,-1.907
1789262210,660893804,577.170,robot_0,1.964,0.549
1789262210,660934258,577.170,robot_2,0.896,0.881
1789262210,660972621,577.170,robot_2_carried_generic_box,0.904,0.883
1789262210,661002045,577.170,robot_0_carried_generic_box,1.964,0.549
1789262210,828782247,577.338,robot_1,0.673,-1.907
1789262210,828847386,577.338,robot_0,1.964,0.549
1789262210,828876097,577.338,robot_2,0.896,0.881
1789262210,828909813,577.338,robot_2_carried_generic_box,0.898,0.881
1789262210,828941613,577.338,robot_0_carried_generic_box,1.964,0.549
1789262211,53470085,577.563,robot_1,0.673,-1.907
1789262211,53546736,577.563,robot_0,1.964,0.549
1789262211,53580165,577.563,robot_2,0.896,0.881
1789262211,53612995,577.563,robot_2_carried_generic_box,0.896,0.881
1789262211,53637142,577.563,robot_0_carried_generic_box,1.964,0.549
1789262211,294345709,577.803,robot_1,0.673,-1.907
1789262211,294415189,577.804,robot_0,1.964,0.549
1789262211,294441229,577.804,robot_2,0.896,0.881
1789262211,294471667,577.804,robot_2_carried_generic_box,0.896,0.881
1789262211,294498022,577.804,robot_0_carried_generic_box,1.964,0.549
1789262211,548510053,578.058,robot_1,0.673,-1.907
1789262211,548576632,578.058,robot_0,1.964,0.549
1789262211,548605180,578.058,robot_2,0.899,0.882
1789262211,548636753,578.058,robot_2_carried_generic_box,0.896,0.881
1789262211,548660680,578.058,robot_0_carried_generic_box,1.964,0.549
1789262211,817785713,578.330,robot_1,0.673,-1.907
1789262211,821399552,578.331,robot_0,1.964,0.549
1789262211,821433569,578.331,robot_2,0.913,0.889
1789262211,821465791,578.331,robot_2_carried_generic_box,0.896,0.881
1789262211,821490673,578.331,robot_0_carried_generic_box,1.964,0.549
1789262212,47201219,578.556,robot_1,0.672,-1.907
1789262212,53214314,578.562,robot_0,1.964,0.549
1789262212,53290543,578.562,robot_2,0.918,0.891
1789262212,53327384,578.562,robot_2_carried_generic_box,0.911,0.888
1789262212,53353374,578.562,robot_0_carried_generic_box,1.964,0.549
1789262212,249209111,578.758,robot_1,0.672,-1.907
1789262212,249279015,578.758,robot_0,1.964,0.549
1789262212,249314506,578.758,robot_2,0.918,0.891
1789262212,249355365,578.758,robot_2_carried_generic_box,0.917,0.890
1789262212,249389236,578.759,robot_0_carried_generic_box,1.964,0.549
1789262212,500809194,579.010,robot_1,0.672,-1.907
1789262212,500872128,579.010,robot_0,1.964,0.549
1789262212,500903152,579.010,robot_2,0.918,0.891
1789262212,512010967,579.021,robot_2_carried_generic_box,0.918,0.891
1789262212,512100975,579.021,robot_0_carried_generic_box,1.964,0.549
1789262212,737808870,579.247,robot_1,0.672,-1.907
1789262212,737876338,579.247,robot_0,1.964,0.548
1789262212,737904647,579.247,robot_2,0.918,0.891
1789262212,737947284,579.247,robot_2_carried_generic_box,0.918,0.891
1789262212,737973712,579.247,robot_0_carried_generic_box,1.964,0.549
1789262212,939513762,579.449,robot_1,0.672,-1.907
1789262212,939578116,579.449,robot_0,1.963,0.548
1789262212,958987689,579.468,robot_2,0.918,0.891
1789262212,959082953,579.468,robot_2_carried_generic_box,0.918,0.891
1789262212,959119520,579.468,robot_0_carried_generic_box,1.964,0.548
1789262213,180966961,579.690,robot_1,0.672,-1.907
1789262213,181036684,579.690,robot_0,1.958,0.551
1789262213,181064404,579.690,robot_2,0.918,0.891
1789262213,181105277,579.690,robot_2_carried_generic_box,0.918,0.891
1789262213,181137816,579.690,robot_0_carried_generic_box,1.964,0.548
1789262213,403571178,579.913,robot_1,0.672,-1.907
1789262213,403643979,579.913,robot_0,1.952,0.553
1789262213,403679070,579.913,robot_2,0.919,0.891
1789262213,403721734,579.913,robot_2_carried_generic_box,0.918,0.891
1789262213,403755302,579.913,robot_0_carried_generic_box,1.963,0.549
1789262213,634962416,580.144,robot_1,0.672,-1.907
1789262213,635032510,580.144,robot_0,1.952,0.553
1789262213,635068889,580.144,robot_2,0.919,0.891
1789262213,635111963,580.144,robot_2_carried_generic_box,0.919,0.891
1789262213,635149370,580.144,robot_0_carried_generic_box,1.955,0.552
1789262213,870840220,580.380,robot_1,0.672,-1.907
1789262213,870917001,580.380,robot_0,1.946,0.555
1789262213,870956321,580.380,robot_2,0.919,0.891
1789262213,870994589,580.380,robot_2_carried_generic_box,0.919,0.891
1789262213,871023430,580.380,robot_0_carried_generic_box,1.952,0.553
1789262214,61801960,580.571,robot_1,0.671,-1.908
1789262214,61878289,580.571,robot_0,1.939,0.558
1789262214,61917834,580.576,robot_2,0.919,0.891
1789262214,68270834,580.577,robot_2_carried_generic_box,0.919,0.891
1789262214,68341777,580.577,robot_0_carried_generic_box,1.952,0.553
1789262214,276258066,580.785,robot_1,0.671,-1.908
1789262214,276327889,580.785,robot_0,1.937,0.558
1789262214,276359433,580.785,robot_2,0.919,0.891
1789262214,276395118,580.786,robot_2_carried_generic_box,0.919,0.891
1789262214,276424320,580.786,robot_0_carried_generic_box,1.946,0.555
1789262214,488541171,580.998,robot_1,0.671,-1.908
1789262214,488609486,580.998,robot_0,1.937,0.558
1789262214,488639681,580.998,robot_2,0.919,0.891
1789262214,488675659,580.998,robot_2_carried_generic_box,0.919,0.891
1789262214,488702574,580.998,robot_0_carried_generic_box,1.938,0.558
1789262214,733475057,581.243,robot_1,0.671,-1.908
1789262214,733543511,581.243,robot_0,1.937,0.558
1789262214,733577249,581.243,robot_2,0.919,0.891
1789262214,733618508,581.243,robot_2_carried_generic_box,0.919,0.891
1789262214,733654122,581.243,robot_0_carried_generic_box,1.937,0.558
1789262214,960545156,581.470,robot_1,0.671,-1.908
1789262214,960614164,581.470,robot_0,1.937,0.558
1789262214,960640865,581.470,robot_2,0.919,0.890
1789262214,960672993,581.470,robot_2_carried_generic_box,0.919,0.891
1789262214,960703019,581.470,robot_0_carried_generic_box,1.937,0.558
1789262215,171196853,581.680,robot_1,0.671,-1.908
1789262215,171266907,581.680,robot_0,1.942,0.557
1789262215,171300728,581.680,robot_2,0.919,0.890
1789262215,171342468,581.680,robot_2_carried_generic_box,0.919,0.891
1789262215,171374913,581.680,robot_0_carried_generic_box,1.937,0.558
1789262215,406035030,581.915,robot_1,0.671,-1.908
1789262215,406099111,581.915,robot_0,1.949,0.555
1789262215,406130057,581.915,robot_2,0.919,0.890
1789262215,406164823,581.915,robot_2_carried_generic_box,0.919,0.890
1789262215,406192116,581.915,robot_0_carried_generic_box,1.938,0.558
1789262215,642963767,582.152,robot_1,0.671,-1.908
1789262215,643032178,582.152,robot_0,1.954,0.554
1789262215,643060371,582.152,robot_2,0.919,0.890
1789262215,643092420,582.152,robot_2_carried_generic_box,0.919,0.890
1789262215,643118606,582.152,robot_0_carried_generic_box,1.945,0.556
1789262215,856832878,582.366,robot_1,0.672,-1.909
1789262215,856897491,582.366,robot_0,1.963,0.551
1789262215,856930475,582.366,robot_2,0.919,0.890
1789262215,856963202,582.366,robot_2_carried_generic_box,0.919,0.890
1789262215,856990156,582.366,robot_0_carried_generic_box,1.950,0.555
1789262216,70453311,582.580,robot_1,0.676,-1.912
1789262216,70522030,582.580,robot_0,1.965,0.551
1789262216,70551209,582.580,robot_2,0.920,0.890
1789262216,70585795,582.580,robot_2_carried_generic_box,0.919,0.890
1789262216,70614228,582.580,robot_0_carried_generic_box,1.959,0.552
1789262216,324285367,582.833,robot_1,0.678,-1.913
1789262216,324391957,582.834,robot_0,1.965,0.551
1789262216,324423187,582.834,robot_2,0.919,0.887
1789262216,324453106,582.834,robot_2_carried_generic_box,0.920,0.890
1789262216,324477696,582.834,robot_0_carried_generic_box,1.965,0.551
1789262216,529741222,583.039,robot_1,0.677,-1.912
1789262216,529808928,583.039,robot_0,1.965,0.551
1789262216,529834763,583.039,robot_2,0.918,0.881
1789262216,529866923,583.039,robot_2_carried_generic_box,0.920,0.890
1789262216,529896170,583.039,robot_0_carried_generic_box,1.965,0.551
1789262216,764239760,583.273,robot_1,0.668,-1.909
1789262216,764315270,583.273,robot_0,1.965,0.551
1789262216,764348049,583.273,robot_2,0.917,0.870
1789262216,764389172,583.274,robot_2_carried_generic_box,0.918,0.883
1789262216,764424273,583.274,robot_0_carried_generic_box,1.965,0.551
1789262217,9248438,583.518,robot_1,0.655,-1.904
1789262217,9314868,583.518,robot_0,1.965,0.551
1789262217,9348294,583.518,robot_2,0.916,0.862
1789262217,9390106,583.519,robot_2_carried_generic_box,0.918,0.881
1789262217,9429161,583.519,robot_0_carried_generic_box,1.965,0.551
1789262217,232448404,583.742,robot_1,0.640,-1.899
1789262217,232508656,583.742,robot_0,1.965,0.551
1789262217,232538508,583.742,robot_2,0.916,0.865
1789262217,232574426,583.742,robot_2_carried_generic_box,0.916,0.863
1789262217,232600704,583.756,robot_0_carried_generic_box,1.965,0.551
1789262217,464941970,583.974,robot_1,0.631,-1.895
1789262217,465001645,583.974,robot_0,1.965,0.551
1789262217,465030707,583.974,robot_2,0.917,0.876
1789262217,465063834,583.974,robot_2_carried_generic_box,0.916,0.862
1789262217,465090063,583.974,robot_0_carried_generic_box,1.965,0.551
1789262217,686242415,584.195,robot_1,0.630,-1.895
1789262217,686302861,584.195,robot_0,1.965,0.550
1789262217,686333828,584.195,robot_2,0.918,0.889
1789262217,686376359,584.196,robot_2_carried_generic_box,0.916,0.866
1789262217,686408665,584.196,robot_0_carried_generic_box,1.965,0.551
1789262217,888491557,584.398,robot_1,0.630,-1.895
1789262217,888554723,584.398,robot_0,1.965,0.550
1789262217,888581835,584.398,robot_2,0.919,0.893
1789262217,888612827,584.398,robot_2_carried_generic_box,0.918,0.884
1789262217,888638880,584.398,robot_0_carried_generic_box,1.965,0.550
1789262218,115429811,584.625,robot_1,0.630,-1.895
1789262218,115496329,584.625,robot_0,1.965,0.550
1789262218,115525236,584.625,robot_2,0.919,0.893
1789262218,115557829,584.625,robot_2_carried_generic_box,0.918,0.889
1789262218,115584590,584.625,robot_0_carried_generic_box,1.965,0.550
1789262218,400062490,584.909,robot_1,0.624,-1.893
1789262218,400112288,584.909,robot_0,1.965,0.550
1789262218,400139107,584.909,robot_2,0.919,0.889
1789262218,400169351,584.909,robot_2_carried_generic_box,0.919,0.893
1789262218,400194188,584.909,robot_0_carried_generic_box,1.965,0.550
1789262218,607577991,585.117,robot_1,0.625,-1.894
1789262218,607657139,585.117,robot_0,1.965,0.550
1789262218,607694920,585.117,robot_2,0.918,0.880
1789262218,607736708,585.117,robot_2_carried_generic_box,0.919,0.892
1789262218,607767677,585.117,robot_0_carried_generic_box,1.965,0.550
1789262218,868063213,585.377,robot_1,0.626,-1.894
1789262218,868138689,585.377,robot_0,1.965,0.550
1789262218,868175438,585.377,robot_2,0.917,0.866
1789262218,868220472,585.377,robot_2_carried_generic_box,0.918,0.882
1789262218,868257327,585.377,robot_0_carried_generic_box,1.965,0.550
1789262219,98971567,585.608,robot_1,0.616,-1.891
1789262219,99035010,585.608,robot_0,1.965,0.550
1789262219,99072257,585.608,robot_2,0.917,0.861
1789262219,99115636,585.608,robot_2_carried_generic_box,0.918,0.878
1789262219,99152709,585.608,robot_0_carried_generic_box,1.965,0.550
1789262219,311800009,585.821,robot_1,0.606,-1.888
1789262219,311865764,585.821,robot_0,1.965,0.550
1789262219,311903245,585.821,robot_2,0.917,0.861
1789262219,316152081,585.825,robot_2_carried_generic_box,0.917,0.864
1789262219,316229044,585.825,robot_0_carried_generic_box,1.965,0.550
1789262219,528435178,586.038,robot_1,0.597,-1.885
1789262219,528500378,586.038,robot_0,1.965,0.549
1789262219,528537005,586.038,robot_2,0.917,0.861
1789262219,528580089,586.038,robot_2_carried_generic_box,0.917,0.861
1789262219,528615773,586.038,robot_0_carried_generic_box,1.965,0.550
1789262219,741625691,586.251,robot_1,0.594,-1.884
1789262219,741687879,586.251,robot_0,1.965,0.549
1789262219,741713835,586.251,robot_2,0.917,0.861
1789262219,741748498,586.251,robot_2_carried_generic_box,0.917,0.861
1789262219,741777471,586.251,robot_0_carried_generic_box,1.965,0.549
1789262219,946984414,586.456,robot_1,0.594,-1.884
1789262219,947044211,586.456,robot_0,1.966,0.550
1789262219,947074276,586.456,robot_2,0.917,0.861
1789262219,947108557,586.456,robot_2_carried_generic_box,0.917,0.861
1789262219,947139777,586.456,robot_0_carried_generic_box,1.965,0.549
1789262220,191702276,586.701,robot_1,0.594,-1.884
1789262220,191789834,586.701,robot_0,1.974,0.555
1789262220,191826715,586.701,robot_2,0.917,0.861
1789262220,191867617,586.701,robot_2_carried_generic_box,0.917,0.861
1789262220,191901743,586.701,robot_0_carried_generic_box,1.965,0.549
1789262220,394406092,586.904,robot_1,0.594,-1.884
1789262220,394491496,586.904,robot_0,1.987,0.565
1789262220,394527926,586.904,robot_2,0.917,0.861
1789262220,394565842,586.904,robot_2_carried_generic_box,0.917,0.861
1789262220,394598262,586.904,robot_0_carried_generic_box,1.966,0.550
1789262220,623499701,587.137,robot_1,0.594,-1.884
1789262220,627802796,587.137,robot_0,1.996,0.572
1789262220,627847817,587.137,robot_2,0.917,0.861
1789262220,627884692,587.137,robot_2_carried_generic_box,0.917,0.861
1789262220,627913283,587.137,robot_0_carried_generic_box,1.982,0.562
1789262220,842941010,587.352,robot_1,0.594,-1.884
1789262220,843007626,587.352,robot_0,2.003,0.578
1789262220,843036414,587.352,robot_2,0.916,0.861
1789262220,843069524,587.352,robot_2_carried_generic_box,0.917,0.861
1789262220,843100568,587.352,robot_0_carried_generic_box,1.993,0.570
1789262221,82163574,587.591,robot_1,0.594,-1.883
1789262221,82242129,587.591,robot_0,2.003,0.577
1789262221,82279209,587.591,robot_2,0.916,0.861
1789262221,82321392,587.591,robot_2_carried_generic_box,0.917,0.861
1789262221,82347406,587.591,robot_0_carried_generic_box,2.002,0.576
1789262221,343597431,587.853,robot_1,0.594,-1.883
1789262221,343667734,587.853,robot_0,1.995,0.571
1789262221,343695326,587.853,robot_2,0.916,0.861
1789262221,343725261,587.853,robot_2_carried_generic_box,0.916,0.861
1789262221,343750205,587.853,robot_0_carried_generic_box,2.003,0.578
1789262221,597081739,588.106,robot_1,0.594,-1.883
1789262221,597147741,588.106,robot_0,1.988,0.565
1789262221,597178593,588.106,robot_2,0.916,0.861
1789262221,597214074,588.106,robot_2_carried_generic_box,0.916,0.861
1789262221,597241939,588.106,robot_0_carried_generic_box,1.998,0.573
1789262221,814990891,588.324,robot_1,0.594,-1.883
1789262221,815043065,588.324,robot_0,1.988,0.565
1789262221,815067367,588.324,robot_2,0.916,0.861
1789262221,815095586,588.324,robot_2_carried_generic_box,0.916,0.861
1789262221,815118440,588.324,robot_0_carried_generic_box,1.988,0.565
1789262222,43707813,588.553,robot_1,0.594,-1.883
1789262222,43757197,588.553,robot_0,1.988,0.565
1789262222,43779311,588.553,robot_2,0.916,0.861
1789262222,43806589,588.553,robot_2_carried_generic_box,0.916,0.861
1789262222,43827924,588.553,robot_0_carried_generic_box,1.988,0.565
1789262222,254544661,588.764,robot_1,0.594,-1.883
1789262222,254608434,588.764,robot_0,1.988,0.565
1789262222,254643028,588.764,robot_2,0.916,0.861
1789262222,254684134,588.764,robot_2_carried_generic_box,0.916,0.861
1789262222,254717063,588.764,robot_0_carried_generic_box,1.988,0.565
1789262222,495644006,589.005,robot_1,0.594,-1.883
1789262222,495698009,589.005,robot_0,1.988,0.565
1789262222,495723605,589.005,robot_2,0.916,0.861
1789262222,495756004,589.005,robot_2_carried_generic_box,0.916,0.861
1789262222,520554351,589.030,robot_0_carried_generic_box,1.988,0.565
1789262222,729045456,589.238,robot_1,0.594,-1.883
1789262222,729109892,589.238,robot_0,1.988,0.565
1789262222,729138203,589.238,robot_2,0.916,0.861
1789262222,729171771,589.238,robot_2_carried_generic_box,0.916,0.861
1789262222,729195567,589.238,robot_0_carried_generic_box,1.988,0.565
1789262222,968496875,589.478,robot_1,0.594,-1.883
1789262222,968554164,589.478,robot_0,1.988,0.565
1789262222,968584618,589.478,robot_2,0.916,0.861
1789262222,968625402,589.478,robot_2_carried_generic_box,0.916,0.861
1789262222,968657568,589.478,robot_0_carried_generic_box,1.988,0.565
1789262223,205554747,589.715,robot_1,0.594,-1.883
1789262223,205616077,589.715,robot_0,1.989,0.565
1789262223,205650954,589.715,robot_2,0.916,0.861
1789262223,205693504,589.715,robot_2_carried_generic_box,0.916,0.861
1789262223,205727535,589.715,robot_0_carried_generic_box,1.988,0.565
1789262223,443834125,589.953,robot_1,0.594,-1.883
1789262223,443902871,589.953,robot_0,1.988,0.563
1789262223,443939570,589.953,robot_2,0.916,0.861
1789262223,443972531,589.953,robot_2_carried_generic_box,0.916,0.861
1789262223,444000102,589.953,robot_0_carried_generic_box,1.989,0.565
1789262223,663975869,590.173,robot_1,0.594,-1.883
1789262223,664054183,590.173,robot_0,1.985,0.557
1789262223,664082500,590.173,robot_2,0.916,0.861
1789262223,664116918,590.173,robot_2_carried_generic_box,0.916,0.861
1789262223,664143996,590.188,robot_0_carried_generic_box,1.989,0.565
1789262223,881201588,590.390,robot_1,0.594,-1.883
1789262223,886104040,590.395,robot_0,1.983,0.551
1789262223,886175555,590.395,robot_2,0.916,0.861
1789262223,886216647,590.395,robot_2_carried_generic_box,0.916,0.861
1789262223,886245575,590.395,robot_0_carried_generic_box,1.986,0.559
1789262224,100481585,590.610,robot_1,0.594,-1.883
1789262224,100549678,590.610,robot_0,1.982,0.551
1789262224,100579440,590.610,robot_2,0.916,0.861
1789262224,100620626,590.610,robot_2_carried_generic_box,0.916,0.861
1789262224,100645896,590.610,robot_0_carried_generic_box,1.984,0.554
1789262224,327077689,590.836,robot_1,0.594,-1.883
1789262224,327134372,590.836,robot_0,1.984,0.557
1789262224,327164059,590.836,robot_2,0.916,0.861
1789262224,327196838,590.836,robot_2_carried_generic_box,0.916,0.861
1789262224,327224146,590.836,robot_0_carried_generic_box,1.982,0.551
1789262224,557958955,591.067,robot_1,0.594,-1.883
1789262224,558018438,591.067,robot_0,1.988,0.568
1789262224,558046789,591.067,robot_2,0.916,0.861
1789262224,558082985,591.067,robot_2_carried_generic_box,0.916,0.861
1789262224,558113321,591.067,robot_0_carried_generic_box,1.984,0.554
1789262224,783298967,591.292,robot_1,0.594,-1.883
1789262224,783371993,591.292,robot_0,1.988,0.569
1789262224,783402227,591.293,robot_2,0.917,0.861
1789262224,783458508,591.293,robot_2_carried_generic_box,0.916,0.861
1789262224,783495348,591.293,robot_0_carried_generic_box,1.986,0.560
1789262224,995804340,591.505,robot_1,0.594,-1.883
1789262224,995867126,591.505,robot_0,1.988,0.568
1789262224,995894527,591.505,robot_2,0.917,0.861
1789262225,7135294,591.516,robot_2_carried_generic_box,0.916,0.861
1789262225,7233679,591.516,robot_0_carried_generic_box,1.988,0.569
1789262225,245572541,591.755,robot_1,0.594,-1.883
1789262225,245630344,591.755,robot_0,1.988,0.562
1789262225,245664491,591.755,robot_2,0.917,0.861
1789262225,245706047,591.755,robot_2_carried_generic_box,0.917,0.861
1789262225,245740159,591.755,robot_0_carried_generic_box,1.988,0.569
1789262225,482585007,591.992,robot_1,0.594,-1.884
1789262225,482647800,591.992,robot_0,1.988,0.561
1789262225,482675731,591.992,robot_2,0.917,0.860
1789262225,482707677,591.992,robot_2_carried_generic_box,0.917,0.861
1789262225,482737304,591.992,robot_0_carried_generic_box,1.988,0.568
1789262225,705508676,592.215,robot_1,0.601,-1.886
1789262225,705605549,592.215,robot_0,1.988,0.563
1789262225,705642272,592.215,robot_2,0.918,0.853
1789262225,705687246,592.215,robot_2_carried_generic_box,0.917,0.861
1789262225,705723594,592.215,robot_0_carried_generic_box,1.988,0.561
1789262225,924394346,592.434,robot_1,0.606,-1.887
1789262225,924454325,592.434,robot_0,1.988,0.566
1789262225,924490208,592.434,robot_2,0.919,0.846
1789262225,924526782,592.449,robot_2_carried_generic_box,0.917,0.860
1789262225,939993451,592.449,robot_0_carried_generic_box,1.988,0.561
1789262226,165515705,592.675,robot_1,0.606,-1.887
1789262226,165572434,592.675,robot_0,1.988,0.564
1789262226,166109582,592.675,robot_2,0.919,0.846
1789262226,166208381,592.675,robot_2_carried_generic_box,0.919,0.849
1789262226,166251871,592.675,robot_0_carried_generic_box,1.988,0.566
1789262226,424326029,592.933,robot_1,0.606,-1.887
1789262226,424393420,592.934,robot_0,1.990,0.553
1789262226,424426454,592.934,robot_2,0.918,0.850
1789262226,424467279,592.934,robot_2_carried_generic_box,0.919,0.846
1789262226,424496271,592.934,robot_0_carried_generic_box,1.988,0.566
1789262226,659135861,593.168,robot_1,0.606,-1.887
1789262226,659193210,593.168,robot_0,1.990,0.549
1789262226,659222550,593.168,robot_2,0.916,0.856
1789262226,659252877,593.168,robot_2_carried_generic_box,0.918,0.848
1789262226,659277685,593.168,robot_0_carried_generic_box,1.989,0.556
1789262226,878519527,593.388,robot_1,0.606,-1.887
1789262226,878577144,593.388,robot_0,1.990,0.549
1789262226,878604283,593.388,robot_2,0.916,0.857
1789262226,878637610,593.388,robot_2_carried_generic_box,0.918,0.850
1789262226,878671957,593.388,robot_0_carried_generic_box,1.990,0.553
1789262227,87370298,593.597,robot_1,0.606,-1.887
1789262227,87431994,593.597,robot_0,1.990,0.549
1789262227,87464408,593.597,robot_2,0.916,0.857
1789262227,87497987,593.597,robot_2_carried_generic_box,0.916,0.857
1789262227,87523704,593.597,robot_0_carried_generic_box,1.990,0.549
1789262227,306669221,593.816,robot_1,0.607,-1.887
1789262227,306728516,593.816,robot_0,1.990,0.549
1789262227,306765757,593.816,robot_2,0.920,0.850
1789262227,306807199,593.816,robot_2_carried_generic_box,0.916,0.857
1789262227,306844615,593.816,robot_0_carried_generic_box,1.990,0.549
1789262227,538568684,594.048,robot_1,0.616,-1.889
1789262227,538629061,594.048,robot_0,1.991,0.549
1789262227,538655641,594.048,robot_2,0.924,0.841
1789262227,538687797,594.048,robot_2_carried_generic_box,0.919,0.852
1789262227,538712724,594.048,robot_0_carried_generic_box,1.990,0.549
1789262227,780227017,594.289,robot_1,0.626,-1.890
1789262227,780289128,594.289,robot_0,1.991,0.549
1789262227,780318117,594.289,robot_2,0.925,0.840
1789262227,780352586,594.289,robot_2_carried_generic_box,0.920,0.848
1789262227,780379203,594.290,robot_0_carried_generic_box,1.991,0.549
1789262228,53463974,594.563,robot_1,0.630,-1.890
1789262228,53518143,594.563,robot_0,1.991,0.550
1789262228,53547208,594.563,robot_2,0.925,0.840
1789262228,53580620,594.563,robot_2_carried_generic_box,0.925,0.840
1789262228,53607487,594.563,robot_0_carried_generic_box,1.991,0.549
1789262228,268014874,594.777,robot_1,0.630,-1.890
1789262228,268076778,594.777,robot_0,1.991,0.550
1789262228,268111892,594.777,robot_2,0.925,0.840
1789262228,268151836,594.777,robot_2_carried_generic_box,0.925,0.840
1789262228,268189580,594.777,robot_0_carried_generic_box,1.991,0.549
1789262228,522896768,595.032,robot_1,0.630,-1.890
1789262228,522964063,595.032,robot_0,1.991,0.550
1789262228,522999473,595.032,robot_2,0.925,0.840
1789262228,523034614,595.032,robot_2_carried_generic_box,0.925,0.840
1789262228,523062540,595.032,robot_0_carried_generic_box,1.991,0.550
1789262228,773658848,595.283,robot_1,0.630,-1.891
1789262228,773729472,595.283,robot_0,1.991,0.550
1789262228,773760949,595.283,robot_2,0.925,0.840
1789262228,773795428,595.283,robot_2_carried_generic_box,0.925,0.840
1789262228,785271958,595.294,robot_0_carried_generic_box,1.991,0.550
1789262228,983226957,595.492,robot_1,0.630,-1.891
1789262228,983288380,595.498,robot_0,1.991,0.550
1789262228,989183089,595.498,robot_2,0.925,0.840
1789262228,989245565,595.498,robot_2_carried_generic_box,0.925,0.840
1789262228,989274803,595.499,robot_0_carried_generic_box,1.991,0.550
1789262229,199055407,595.708,robot_1,0.630,-1.891
1789262229,199128250,595.708,robot_0,1.991,0.550
1789262229,199157923,595.708,robot_2,0.925,0.840
1789262229,199197223,595.708,robot_2_carried_generic_box,0.925,0.840
1789262229,199229626,595.708,robot_0_carried_generic_box,1.991,0.550
1789262229,419914152,595.929,robot_1,0.630,-1.891
1789262229,420039272,595.929,robot_0,1.992,0.550
1789262229,420073989,595.929,robot_2,0.925,0.840
1789262229,420109868,595.929,robot_2_carried_generic_box,0.925,0.840
1789262229,420135221,595.929,robot_0_carried_generic_box,1.991,0.550
1789262229,628788399,596.138,robot_1,0.631,-1.891
1789262229,628847821,596.138,robot_0,1.992,0.550
1789262229,628875974,596.138,robot_2,0.925,0.840
1789262229,628909455,596.138,robot_2_carried_generic_box,0.925,0.840
1789262229,628938238,596.138,robot_0_carried_generic_box,1.991,0.550
1789262229,865582760,596.375,robot_1,0.631,-1.891
1789262229,865646658,596.375,robot_0,1.992,0.550
1789262229,865679661,596.375,robot_2,0.925,0.840
1789262229,865715319,596.375,robot_2_carried_generic_box,0.925,0.840
1789262229,865746982,596.375,robot_0_carried_generic_box,1.992,0.550
1789262230,92484236,596.602,robot_1,0.631,-1.891
1789262230,92549653,596.602,robot_0,1.992,0.550
1789262230,92585391,596.602,robot_2,0.925,0.840
1789262230,92626412,596.602,robot_2_carried_generic_box,0.925,0.840
1789262230,92662058,596.614,robot_0_carried_generic_box,1.992,0.550
1789262230,318915533,596.830,robot_1,0.631,-1.891
1789262230,321388125,596.831,robot_0,1.992,0.550
1789262230,321423770,596.831,robot_2,0.925,0.841
1789262230,321463490,596.831,robot_2_carried_generic_box,0.925,0.840
1789262230,321487266,596.831,robot_0_carried_generic_box,1.992,0.550
1789262230,559128633,597.069,robot_1,0.631,-1.892
1789262230,560204156,597.069,robot_0,2.003,0.545
1789262230,560259368,597.069,robot_2,0.925,0.841
1789262230,560300487,597.069,robot_2_carried_generic_box,0.925,0.840
1789262230,560327610,597.069,robot_0_carried_generic_box,1.992,0.550
1789262230,787721007,597.297,robot_1,0.631,-1.892
1789262230,787782921,597.297,robot_0,2.013,0.540
1789262230,787818011,597.297,robot_2,0.925,0.841
1789262230,787859296,597.297,robot_2_carried_generic_box,0.925,0.841
1789262230,787893961,597.297,robot_0_carried_generic_box,1.999,0.547
1789262231,22813269,597.532,robot_1,0.631,-1.892
1789262231,22877119,597.532,robot_0,2.020,0.536
1789262231,22916963,597.545,robot_2,0.925,0.841
1789262231,35830351,597.545,robot_2_carried_generic_box,0.925,0.841
1789262231,35877254,597.545,robot_0_carried_generic_box,2.001,0.546
1789262231,223491463,597.733,robot_1,0.631,-1.892
1789262231,223555207,597.733,robot_0,2.022,0.536
1789262231,223590454,597.733,robot_2,0.925,0.841
1789262231,223633047,597.733,robot_2_carried_generic_box,0.925,0.841
1789262231,223669786,597.733,robot_0_carried_generic_box,2.015,0.539
1789262231,467945962,597.977,robot_1,0.631,-1.892
1789262231,468012024,597.977,robot_0,2.022,0.536
1789262231,468041308,597.977,robot_2,0.922,0.842
1789262231,468075867,597.977,robot_2_carried_generic_box,0.925,0.841
1789262231,468107680,597.977,robot_0_carried_generic_box,2.021,0.536
1789262231,707115493,598.216,robot_1,0.631,-1.892
1789262231,707176018,598.216,robot_0,2.022,0.536
1789262231,707210095,598.216,robot_2,0.914,0.843
1789262231,707245394,598.216,robot_2_carried_generic_box,0.925,0.841
1789262231,707274427,598.216,robot_0_carried_generic_box,2.022,0.536
1789262231,937695482,598.447,robot_1,0.631,-1.892
1789262231,937758670,598.447,robot_0,2.022,0.536
1789262231,937789374,598.447,robot_2,0.913,0.843
1789262231,937827793,598.447,robot_2_carried_generic_box,0.918,0.842
1789262231,937858292,598.457,robot_0_carried_generic_box,2.022,0.536
1789262232,147125199,598.656,robot_1,0.635,-1.889
1789262232,147187749,598.656,robot_0,2.022,0.536
1789262232,147222448,598.656,robot_2,0.916,0.843
1789262232,147256662,598.656,robot_2_carried_generic_box,0.914,0.843
1789262232,147284317,598.656,robot_0_carried_generic_box,2.022,0.536
1789262232,378416495,598.888,robot_1,0.641,-1.883
1789262232,379150506,598.888,robot_0,2.022,0.536
1789262232,379213174,598.888,robot_2,0.923,0.843
1789262232,379255529,598.888,robot_2_carried_generic_box,0.914,0.843
1789262232,379283424,598.888,robot_0_carried_generic_box,2.022,0.536
1789262232,597629311,599.107,robot_1,0.648,-1.877
1789262232,597698587,599.107,robot_0,2.021,0.535
1789262232,597732782,599.107,robot_2,0.925,0.843
1789262232,597773479,599.107,robot_2_carried_generic_box,0.923,0.843
1789262232,597807270,599.107,robot_0_carried_generic_box,2.022,0.536
1789262232,835513901,599.345,robot_1,0.655,-1.871
1789262232,835576272,599.345,robot_0,2.021,0.535
1789262232,835604440,599.345,robot_2,0.925,0.843
1789262232,835638282,599.345,robot_2_carried_generic_box,0.925,0.843
1789262232,835666069,599.345,robot_0_carried_generic_box,2.021,0.535
1789262233,65154688,599.574,robot_1,0.656,-1.870
1789262233,65225354,599.574,robot_0,2.021,0.535
1789262233,65259967,599.574,robot_2,0.926,0.843
1789262233,65301036,599.574,robot_2_carried_generic_box,0.925,0.843
1789262233,65335891,599.574,robot_0_carried_generic_box,2.021,0.535
1789262233,309833266,599.819,robot_1,0.651,-1.874
1789262233,309911483,599.819,robot_0,2.021,0.535
1789262233,309947282,599.819,robot_2,0.933,0.842
1789262233,309981345,599.819,robot_2_carried_generic_box,0.925,0.843
1789262233,310005754,599.819,robot_0_carried_generic_box,2.021,0.535
1789262233,549573983,600.059,robot_1,0.647,-1.878
1789262233,561385531,600.071,robot_0,2.021,0.535
1789262233,561458604,600.071,robot_2,0.937,0.842
1789262233,561495179,600.071,robot_2_carried_generic_box,0.930,0.842
1789262233,561522027,600.071,robot_0_carried_generic_box,2.021,0.535
1789262233,754512769,600.264,robot_1,0.642,-1.882
1789262233,754585854,600.264,robot_0,2.018,0.538
1789262233,754616692,600.264,robot_2,0.937,0.842
1789262233,754650217,600.264,robot_2_carried_generic_box,0.937,0.842
1789262233,754676190,600.264,robot_0_carried_generic_box,2.021,0.535
