elapsed_s,robot,selected_event,uncontrollable_events,raw_zone
0.464,robot_1,EV_search_object,EV_path_clear,CLEAR
0.648,robot_1,EV_move_forward,EV_path_clear,CLEAR
0.859,robot_1,EV_u_turn,EV_path_clear,CLEAR
4.333,robot_1,EV_rotate_clockwise,EV_path_clear,CLEAR
4.463,robot_1,EV_move_backward,EV_path_clear,CLEAR
4.800,robot_1,EV_rotate_clockwise,EV_path_clear,CLEAR
4.994,robot_1,EV_rotate_clockwise,EV_path_clear,CLEAR
5.174,robot_1,EV_move_backward,EV_path_clear,CLEAR
5.467,robot_1,EV_move_backward,EV_path_clear,CLEAR
5.691,robot_1,EV_rotate_counterclockwise,EV_path_clear,CLEAR
5.889,robot_1,EV_move_backward,EV_path_clear,CLEAR
6.189,robot_1,EV_search_object,EV_path_clear,CLEAR
6.356,robot_1,EV_rotate_clockwise,EV_path_clear,CLEAR
6.569,robot_1,EV_search_object,EV_path_clear,CLEAR
6.756,robot_1,EV_u_turn,EV_path_clear,CLEAR
10.246,robot_1,EV_move_backward,EV_path_clear,CLEAR
10.547,robot_1,EV_rotate_clockwise,EV_path_clear,CLEAR
10.746,robot_1,EV_search_object,EV_path_clear,CLEAR
10.961,robot_1,EV_u_turn,EV_path_clear,CLEAR
11.046,robot_1,EV_u_turn,EV_path_clear,CLEAR
11.149,robot_1,EV_rotate_counterclockwise,EV_path_clear,CLEAR
11.444,robot_1,EV_move_forward,EV_path_clear,CLEAR
11.807,robot_1,EV_rotate_counterclockwise,EV_object_not_visible|EV_path_clear,CLEAR
11.982,robot_1,EV_search_object,EV_path_clear,CLEAR
12.149,robot_1,EV_rotate_clockwise,EV_path_clear,CLEAR
12.355,robot_1,EV_rotate_counterclockwise,EV_path_clear,CLEAR
12.525,robot_1,EV_rotate_counterclockwise,EV_path_clear,CLEAR
12.662,robot_1,EV_move_backward,EV_path_clear,CLEAR
13.009,robot_1,EV_rotate_clockwise,EV_path_clear,CLEAR
13.213,robot_1,EV_rotate_counterclockwise,EV_path_clear,CLEAR
16.093,robot_1,EV_move_forward,EV_object_not_visible|EV_path_clear,CLEAR
16.385,robot_1,EV_u_turn,EV_path_clear,CLEAR
20.221,robot_1,EV_rotate_clockwise,EV_object_not_visible|EV_path_clear,CLEAR
20.486,robot_1,EV_rotate_clockwise,EV_path_clear,CLEAR
20.673,robot_1,EV_rotate_counterclockwise,EV_path_clear,CLEAR
20.790,robot_1,EV_rotate_counterclockwise,EV_path_clear,CLEAR
20.955,robot_1,EV_u_turn,EV_path_clear,CLEAR
21.085,robot_1,EV_rotate_counterclockwise,EV_path_clear,CLEAR
21.333,robot_1,EV_rotate_counterclockwise,EV_path_clear,CLEAR
21.541,robot_1,EV_approach_object,EV_object_visible|EV_path_clear,CLEAR
21.768,robot_1,EV_u_turn,EV_path_clear,CLEAR
21.859,robot_1,EV_move_backward,EV_path_clear,CLEAR
22.120,robot_1,EV_u_turn,EV_path_clear,CLEAR
22.206,robot_1,EV_rotate_counterclockwise,EV_path_clear,CLEAR
22.442,robot_1,EV_rotate_counterclockwise,EV_path_clear,CLEAR
22.623,robot_1,EV_rotate_clockwise,EV_path_clear,CLEAR
22.793,robot_1,EV_u_turn,EV_path_clear,CLEAR
26.615,robot_1,EV_rotate_counterclockwise,EV_object_visible|EV_path_clear,CLEAR
26.808,robot_1,EV_u_turn,EV_path_clear,CLEAR
26.919,robot_1,EV_move_forward,EV_path_clear,CLEAR
27.178,robot_1,EV_rotate_counterclockwise,EV_path_clear,CLEAR
27.354,robot_1,EV_move_backward,EV_path_clear,CLEAR
27.593,robot_1,EV_u_turn,EV_path_clear,CLEAR
27.683,robot_1,EV_move_backward,EV_path_clear,CLEAR
27.966,robot_1,EV_rotate_counterclockwise,EV_path_clear,CLEAR
28.115,robot_1,EV_move_forward,EV_path_clear,CLEAR
28.398,robot_1,EV_rotate_counterclockwise,EV_path_clear,CLEAR
28.503,robot_1,EV_u_turn,EV_path_clear,CLEAR
28.593,robot_1,EV_rotate_counterclockwise,EV_path_clear,CLEAR
28.751,robot_1,EV_approach_object,EV_object_visible|EV_path_clear,CLEAR
28.963,robot_1,EV_move_forward,EV_path_clear,CLEAR
29.190,robot_1,EV_move_forward,EV_path_clear,CLEAR
29.446,robot_1,EV_rotate_clockwise,EV_path_clear,CLEAR
29.675,robot_1,EV_u_turn,EV_path_clear,CLEAR
33.533,robot_1,EV_rotate_clockwise,EV_object_visible|EV_path_clear,CLEAR
33.785,robot_1,EV_rotate_counterclockwise,EV_path_clear,CLEAR
33.918,robot_1,EV_approach_object,EV_path_clear,CLEAR
34.170,robot_1,EV_rotate_clockwise,EV_path_clear,CLEAR
34.386,robot_1,EV_u_turn,EV_path_clear,CLEAR
34.481,robot_1,EV_rotate_counterclockwise,EV_path_clear,CLEAR
34.669,robot_1,EV_rotate_counterclockwise,EV_path_clear,CLEAR
34.866,robot_1,EV_u_turn,EV_path_clear,CLEAR
35.030,robot_1,EV_move_backward,EV_path_clear,CLEAR
35.274,robot_1,EV_u_turn,EV_path_clear,CLEAR
35.370,robot_1,EV_u_turn,EV_path_clear,CLEAR
35.475,robot_1,EV_u_turn,EV_path_clear,CLEAR
35.581,robot_1,EV_rotate_clockwise,EV_object_visible|EV_path_clear,CLEAR
35.784,robot_1,EV_move_forward,EV_path_clear,CLEAR
36.113,robot_1,EV_move_backward,EV_path_clear,CLEAR
36.361,robot_1,EV_approach_object,EV_path_clear,CLEAR
36.618,robot_1,EV_move_backward,EV_path_clear,CLEAR
36.868,robot_1,EV_move_backward,EV_path_clear,CLEAR
37.194,robot_1,EV_approach_object,EV_path_clear,CLEAR
37.470,robot_1,EV_approach_object,EV_path_clear,CLEAR
37.804,robot_1,EV_move_forward,EV_path_clear,CLEAR
38.053,robot_1,EV_u_turn,EV_object_visible|EV_path_clear,CLEAR
41.810,robot_1,EV_rotate_counterclockwise,EV_object_visible|EV_path_clear,CLEAR
41.947,robot_1,EV_approach_object,EV_path_clear,CLEAR
42.170,robot_1,EV_approach_object,EV_path_clear,CLEAR
42.396,robot_1,EV_rotate_clockwise,EV_object_visible|EV_path_clear,CLEAR
42.572,robot_1,EV_approach_object,EV_path_clear,CLEAR
42.921,robot_1,EV_move_forward,EV_path_clear,CLEAR
43.179,robot_1,EV_rotate_clockwise,EV_path_clear,CLEAR
43.361,robot_1,EV_u_turn,EV_path_clear,CLEAR
43.504,robot_1,EV_u_turn,EV_path_clear,CLEAR
43.598,robot_1,EV_move_backward,EV_path_clear,CLEAR
43.863,robot_1,EV_rotate_counterclockwise,EV_path_clear,CLEAR
44.088,robot_1,EV_rotate_clockwise,EV_path_clear,CLEAR
44.307,robot_1,EV_move_backward,EV_path_clear,CLEAR
44.510,robot_1,EV_move_forward,EV_path_clear,CLEAR
44.820,robot_1,EV_rotate_counterclockwise,EV_path_clear,CLEAR
45.007,robot_1,EV_move_backward,EV_object_visible|EV_path_clear,CLEAR
45.273,robot_1,EV_approach_object,EV_path_clear,CLEAR
45.556,robot_1,EV_rotate_clockwise,EV_path_clear,CLEAR
45.774,robot_1,EV_rotate_clockwise,EV_path_clear,CLEAR
45.959,robot_1,EV_rotate_counterclockwise,EV_path_clear,CLEAR
48.878,robot_1,EV_rotate_clockwise,EV_object_visible|EV_path_clear,CLEAR
49.101,robot_1,EV_u_turn,EV_path_clear,CLEAR
53.015,robot_1,EV_approach_object,EV_object_visible|EV_path_clear,CLEAR
53.321,robot_1,EV_approach_object,EV_path_clear,CLEAR
53.552,robot_1,EV_rotate_counterclockwise,EV_path_clear,CLEAR
53.818,robot_1,EV_move_backward,EV_path_clear,CLEAR
54.095,robot_1,EV_move_backward,EV_path_clear,CLEAR
54.381,robot_1,EV_move_backward,EV_object_visible|EV_path_clear,CLEAR
54.682,robot_1,EV_move_forward,EV_path_clear,CLEAR
54.929,robot_1,EV_rotate_clockwise,EV_path_clear,CLEAR
55.069,robot_1,EV_approach_object,EV_path_clear,CLEAR
55.400,robot_1,EV_u_turn,EV_path_clear,CLEAR
59.195,robot_1,EV_move_backward,EV_object_visible|EV_path_clear,CLEAR
59.508,robot_1,EV_rotate_clockwise,EV_path_clear,CLEAR
59.662,robot_1,EV_rotate_clockwise,EV_path_clear,CLEAR
59.848,robot_1,EV_rotate_counterclockwise,EV_path_clear,CLEAR
60.062,robot_1,EV_u_turn,EV_path_clear,CLEAR
60.155,robot_1,EV_move_backward,EV_path_clear,CLEAR
60.493,robot_1,EV_move_forward,EV_path_clear,CLEAR
60.799,robot_1,EV_move_backward,EV_path_clear,CLEAR
61.082,robot_1,EV_move_forward,EV_path_clear,CLEAR
61.346,robot_1,EV_move_forward,EV_object_visible|EV_path_clear,CLEAR
61.609,robot_1,EV_rotate_counterclockwise,EV_path_clear,CLEAR
61.814,robot_1,EV_approach_object,EV_path_clear,CLEAR
62.058,robot_1,EV_move_backward,EV_path_clear,CLEAR
62.316,robot_1,EV_move_backward,EV_path_clear,CLEAR
62.660,robot_1,EV_move_backward,EV_path_clear,CLEAR
62.989,robot_1,EV_rotate_counterclockwise,EV_path_clear,CLEAR
63.160,robot_1,EV_rotate_counterclockwise,EV_path_clear,CLEAR
63.450,robot_1,EV_move_backward,EV_object_visible|EV_path_clear,CLEAR
63.686,robot_1,EV_rotate_clockwise,EV_path_clear,CLEAR
63.887,robot_1,EV_u_turn,EV_path_clear,CLEAR
67.650,robot_1,EV_rotate_clockwise,EV_object_visible|EV_path_clear,CLEAR
67.910,robot_1,EV_move_forward,EV_object_visible|EV_path_clear,CLEAR
68.178,robot_1,EV_move_backward,EV_path_clear,CLEAR
68.475,robot_1,EV_rotate_clockwise,EV_path_clear,CLEAR
68.695,robot_1,EV_u_turn,EV_path_clear,CLEAR
68.811,robot_1,EV_u_turn,EV_path_clear,CLEAR
68.905,robot_1,EV_approach_object,EV_path_clear,CLEAR
69.200,robot_1,EV_u_turn,EV_path_clear,CLEAR
69.289,robot_1,EV_move_forward,EV_path_clear,CLEAR
69.599,robot_1,EV_u_turn,EV_path_clear,CLEAR
69.737,robot_1,EV_rotate_clockwise,EV_path_clear,CLEAR
69.891,robot_1,EV_move_forward,EV_path_clear,CLEAR
70.159,robot_1,EV_move_forward,EV_object_not_visible|EV_path_clear,CLEAR
70.418,robot_1,EV_rotate_clockwise,EV_path_clear,CLEAR
70.568,robot_1,EV_rotate_counterclockwise,EV_path_clear,CLEAR
70.782,robot_1,EV_u_turn,EV_path_clear,CLEAR
74.583,robot_1,EV_rotate_counterclockwise,EV_object_not_visible|EV_path_clear,CLEAR
74.767,robot_1,EV_move_backward,EV_object_not_visible|EV_path_clear,CLEAR
75.019,robot_1,EV_move_backward,EV_path_clear,CLEAR
75.251,robot_1,EV_u_turn,EV_path_clear,CLEAR
75.362,robot_1,EV_move_forward,EV_path_clear,CLEAR
75.685,robot_1,EV_rotate_counterclockwise,EV_path_clear,CLEAR
75.815,robot_1,EV_rotate_counterclockwise,EV_path_clear,CLEAR
75.964,robot_1,EV_rotate_clockwise,EV_path_clear,CLEAR
76.152,robot_1,EV_u_turn,EV_path_clear,CLEAR
76.362,robot_1,EV_rotate_clockwise,EV_path_clear,CLEAR
76.579,robot_1,EV_search_object,EV_path_clear,CLEAR
76.771,robot_1,EV_u_turn,EV_path_clear,CLEAR
80.620,robot_1,EV_move_backward,EV_object_visible|EV_path_clear,CLEAR
80.906,robot_1,EV_approach_object,EV_path_clear,CLEAR
81.199,robot_1,EV_move_forward,EV_path_clear,CLEAR
81.448,robot_1,EV_rotate_clockwise,EV_path_clear,CLEAR
81.726,robot_1,EV_move_backward,EV_path_clear,CLEAR
81.985,robot_1,EV_approach_object,EV_object_visible|EV_path_clear,CLEAR
82.299,robot_1,EV_move_forward,EV_path_clear,CLEAR
82.515,robot_1,EV_move_backward,EV_path_clear,CLEAR
82.782,robot_1,EV_approach_object,EV_path_clear,CLEAR
83.006,robot_1,EV_approach_object,EV_path_clear,CLEAR
83.303,robot_1,EV_u_turn,EV_path_clear,CLEAR
87.202,robot_1,EV_move_forward,EV_object_visible|EV_path_clear,CLEAR
87.495,robot_1,EV_rotate_counterclockwise,EV_path_clear,CLEAR
87.656,robot_1,EV_approach_object,EV_path_clear,CLEAR
87.909,robot_1,EV_u_turn,EV_path_clear,CLEAR
88.001,robot_1,EV_move_backward,EV_path_clear,CLEAR
88.304,robot_1,EV_u_turn,EV_path_clear,CLEAR
88.409,robot_1,EV_rotate_counterclockwise,EV_path_clear,CLEAR
88.553,robot_1,EV_u_turn,EV_object_visible|EV_path_clear,CLEAR
88.731,robot_1,EV_approach_object,EV_path_clear,CLEAR
88.942,robot_1,EV_move_backward,EV_path_clear,CLEAR
89.228,robot_1,EV_approach_object,EV_path_clear,CLEAR
89.580,robot_1,EV_rotate_clockwise,EV_path_clear,CLEAR
89.776,robot_1,EV_rotate_clockwise,EV_path_clear,CLEAR
90.027,robot_1,EV_rotate_counterclockwise,EV_path_clear,CLEAR
90.171,robot_1,EV_rotate_counterclockwise,EV_path_clear,CLEAR
90.373,robot_1,EV_rotate_counterclockwise,EV_path_clear,CLEAR
90.608,robot_1,EV_move_forward,EV_path_clear,CLEAR
90.865,robot_1,EV_u_turn,EV_object_visible|EV_path_clear,CLEAR
94.692,robot_1,EV_move_forward,EV_object_visible|EV_path_clear,CLEAR
94.973,robot_1,EV_u_turn,EV_path_clear,CLEAR
95.077,robot_1,EV_rotate_clockwise,EV_path_clear,CLEAR
95.287,robot_1,EV_rotate_counterclockwise,EV_object_visible|EV_path_clear,CLEAR
95.524,robot_1,EV_approach_object,EV_path_clear,CLEAR
95.779,robot_1,EV_approach_object,EV_path_clear,CLEAR
95.987,robot_1,EV_rotate_counterclockwise,EV_path_clear,CLEAR
96.177,robot_1,EV_u_turn,EV_path_clear,CLEAR
96.280,robot_1,EV_move_forward,EV_path_clear,CLEAR
96.619,robot_1,EV_approach_object,EV_path_clear,CLEAR
96.923,robot_1,EV_move_forward,EV_path_clear,CLEAR
97.260,robot_1,EV_u_turn,EV_path_clear,CLEAR
101.197,robot_1,EV_move_forward,EV_object_visible|EV_path_clear,CLEAR
101.484,robot_1,EV_approach_object,EV_path_clear,CLEAR
101.707,robot_1,EV_rotate_counterclockwise,EV_path_clear,CLEAR
101.839,robot_1,EV_rotate_clockwise,EV_path_clear,CLEAR
102.032,robot_1,EV_approach_object,EV_path_clear,CLEAR
102.267,robot_1,EV_move_forward,EV_object_visible|EV_path_clear,CLEAR
102.572,robot_1,EV_rotate_clockwise,EV_path_clear,CLEAR
102.795,robot_1,EV_approach_object,EV_path_clear,CLEAR
103.072,robot_1,EV_move_forward,EV_path_clear,CLEAR
103.334,robot_1,EV_u_turn,EV_path_clear,CLEAR
107.107,robot_1,EV_rotate_counterclockwise,EV_object_visible|EV_path_clear,CLEAR
107.292,robot_1,EV_approach_object,EV_path_clear,CLEAR
107.568,robot_1,EV_move_forward,EV_path_clear,CLEAR
107.914,robot_1,EV_rotate_counterclockwise,EV_path_clear,CLEAR
108.072,robot_1,EV_move_backward,EV_path_clear,CLEAR
108.423,robot_1,EV_rotate_clockwise,EV_path_clear,CLEAR
108.558,robot_1,EV_move_backward,EV_path_clear,CLEAR
108.778,robot_1,EV_rotate_counterclockwise,EV_path_clear,CLEAR
108.996,robot_1,EV_rotate_counterclockwise,EV_path_clear,CLEAR
109.138,robot_1,EV_rotate_counterclockwise,EV_path_clear,CLEAR
109.275,robot_1,EV_rotate_counterclockwise,EV_object_visible|EV_path_clear,CLEAR
109.478,robot_1,EV_rotate_clockwise,EV_path_clear,CLEAR
109.670,robot_1,EV_approach_object,EV_path_clear,CLEAR
109.973,robot_1,EV_approach_object,EV_path_clear,CLEAR
110.215,robot_1,EV_rotate_clockwise,EV_path_clear,CLEAR
110.388,robot_1,EV_move_forward,EV_path_clear,CLEAR
110.614,robot_1,EV_rotate_clockwise,EV_path_clear,CLEAR
110.806,robot_1,EV_move_forward,EV_path_clear,CLEAR
111.079,robot_1,EV_rotate_counterclockwise,EV_path_clear,CLEAR
113.863,robot_1,EV_u_turn,EV_object_visible|EV_path_clear,CLEAR
117.718,robot_1,EV_move_forward,EV_object_visible|EV_path_clear,CLEAR
118.024,robot_1,EV_approach_object,EV_path_clear,CLEAR
118.266,robot_1,EV_rotate_clockwise,EV_path_clear,CLEAR
118.408,robot_1,EV_approach_object,EV_path_clear,CLEAR
118.622,robot_1,EV_u_turn,EV_path_clear,CLEAR
118.715,robot_1,EV_move_backward,EV_object_visible|EV_path_clear,CLEAR
118.998,robot_1,EV_move_backward,EV_path_clear,CLEAR
119.316,robot_1,EV_approach_object,EV_path_clear,CLEAR
119.571,robot_1,EV_rotate_clockwise,EV_path_clear,CLEAR
119.693,robot_1,EV_move_forward,EV_path_clear,CLEAR
120.000,robot_1,EV_move_forward,EV_path_clear,CLEAR
120.311,robot_1,EV_rotate_counterclockwise,EV_path_clear,CLEAR
120.500,robot_1,EV_move_backward,EV_path_clear,CLEAR
120.822,robot_1,EV_move_forward,EV_path_clear,CLEAR
121.088,robot_1,EV_rotate_clockwise,EV_object_visible|EV_path_clear,CLEAR
121.228,robot_1,EV_approach_object,EV_path_clear,CLEAR
121.499,robot_1,EV_approach_object,EV_path_clear,CLEAR
121.769,robot_1,EV_approach_object,EV_path_clear,CLEAR
122.076,robot_1,EV_approach_object,EV_path_clear,CLEAR
122.323,robot_1,EV_rotate_clockwise,EV_path_clear,CLEAR
122.460,robot_1,EV_approach_object,EV_path_clear,CLEAR
122.710,robot_1,EV_rotate_counterclockwise,EV_path_clear,CLEAR
122.897,robot_1,EV_approach_object,EV_object_visible|EV_path_clear,CLEAR
123.169,robot_1,EV_rotate_counterclockwise,EV_path_clear,CLEAR
123.292,robot_1,EV_u_turn,EV_path_clear,CLEAR
127.046,robot_1,EV_rotate_counterclockwise,EV_object_visible|EV_path_clear,CLEAR
127.286,robot_1,EV_u_turn,EV_path_clear,CLEAR
127.370,robot_1,EV_approach_object,EV_path_clear,CLEAR
127.664,robot_1,EV_rotate_counterclockwise,EV_object_not_visible|EV_path_clear,CLEAR
127.855,robot_1,EV_move_forward,EV_path_clear,CLEAR
128.187,robot_1,EV_rotate_counterclockwise,EV_path_clear,CLEAR
128.404,robot_1,EV_move_forward,EV_path_clear,CLEAR
128.669,robot_1,EV_rotate_counterclockwise,EV_path_clear,CLEAR
128.861,robot_1,EV_search_object,EV_path_clear,CLEAR
129.046,robot_1,EV_rotate_clockwise,EV_path_clear,CLEAR
129.265,robot_1,EV_rotate_clockwise,EV_path_clear,CLEAR
129.435,robot_1,EV_move_forward,EV_path_clear,CLEAR
129.808,robot_1,EV_move_backward,EV_path_clear,CLEAR
130.090,robot_1,EV_rotate_counterclockwise,EV_object_not_visible|EV_path_clear,CLEAR
130.281,robot_1,EV_move_forward,EV_path_clear,CLEAR
130.629,robot_1,EV_move_backward,EV_path_clear,CLEAR
130.907,robot_1,EV_search_object,EV_path_clear,CLEAR
131.105,robot_1,EV_u_turn,EV_path_clear,CLEAR
134.897,robot_1,EV_move_forward,EV_object_not_visible|EV_path_clear,CLEAR
135.152,robot_1,EV_rotate_clockwise,EV_path_clear,CLEAR
135.398,robot_1,EV_rotate_counterclockwise,EV_path_clear,CLEAR
135.603,robot_1,EV_move_backward,EV_path_clear,CLEAR
135.853,robot_1,EV_rotate_clockwise,EV_path_clear,CLEAR
135.976,robot_1,EV_move_backward,EV_path_clear,CLEAR
136.259,robot_1,EV_u_turn,EV_path_clear,CLEAR
136.380,robot_1,EV_rotate_clockwise,EV_path_clear,CLEAR
136.627,robot_1,EV_rotate_counterclockwise,EV_path_clear,CLEAR
136.769,robot_1,EV_move_forward,EV_path_clear,CLEAR
137.097,robot_1,EV_rotate_counterclockwise,EV_path_clear,CLEAR
137.252,robot_1,EV_rotate_counterclockwise,EV_object_not_visible|EV_path_clear,CLEAR
137.474,robot_1,EV_move_backward,EV_path_clear,CLEAR
137.789,robot_1,EV_rotate_counterclockwise,EV_path_clear,CLEAR
137.955,robot_1,EV_search_object,EV_path_clear,CLEAR
138.075,robot_1,EV_move_backward,EV_path_clear,CLEAR
138.379,robot_1,EV_rotate_counterclockwise,EV_path_clear,CLEAR
141.167,robot_1,EV_approach_object,EV_object_visible|EV_path_clear,CLEAR
141.499,robot_1,EV_rotate_clockwise,EV_path_clear,CLEAR
141.694,robot_1,EV_rotate_clockwise,EV_path_clear,CLEAR
141.860,robot_1,EV_approach_object,EV_object_visible|EV_path_clear,CLEAR
142.183,robot_1,EV_move_backward,EV_path_clear,CLEAR
142.402,robot_1,EV_u_turn,EV_path_clear,CLEAR
146.283,robot_1,EV_u_turn,EV_object_visible|EV_path_clear,CLEAR
146.377,robot_1,EV_approach_object,EV_path_clear,CLEAR
146.702,robot_1,EV_move_backward,EV_path_clear,CLEAR
146.961,robot_1,EV_u_turn,EV_path_clear,CLEAR
147.075,robot_1,EV_move_forward,EV_path_clear,CLEAR
147.411,robot_1,EV_approach_object,EV_path_clear,CLEAR
147.709,robot_1,EV_rotate_counterclockwise,EV_path_clear,CLEAR
147.909,robot_1,EV_move_forward,EV_path_clear,CLEAR
148.157,robot_1,EV_move_forward,EV_path_clear,CLEAR
148.426,robot_1,EV_move_backward,EV_object_visible|EV_path_clear,CLEAR
148.765,robot_1,EV_approach_object,EV_path_clear,CLEAR
149.138,robot_1,EV_move_forward,EV_path_clear,CLEAR
149.479,robot_1,EV_rotate_counterclockwise,EV_path_clear,CLEAR
149.675,robot_1,EV_move_backward,EV_path_clear,CLEAR
150.024,robot_1,EV_u_turn,EV_path_clear,CLEAR
153.805,robot_1,EV_move_backward,EV_object_visible|EV_path_clear,CLEAR
154.049,robot_1,EV_move_forward,EV_path_clear,CLEAR
154.287,robot_1,EV_move_forward,EV_path_clear,CLEAR
154.602,robot_1,EV_approach_object,EV_path_clear,CLEAR
154.876,robot_1,EV_approach_object,EV_path_clear,CLEAR
155.121,robot_1,EV_move_backward,EV_path_clear,CLEAR
155.389,robot_1,EV_approach_object,EV_object_visible|EV_path_clear,CLEAR
155.687,robot_1,EV_rotate_clockwise,EV_path_clear,CLEAR
155.900,robot_1,EV_u_turn,EV_path_clear,CLEAR
155.981,robot_1,EV_move_backward,EV_path_clear,CLEAR
156.296,robot_1,EV_approach_object,EV_path_clear,CLEAR
156.594,robot_1,EV_rotate_clockwise,EV_path_clear,CLEAR
156.778,robot_1,EV_rotate_clockwise,EV_path_clear,CLEAR
156.976,robot_1,EV_move_backward,EV_path_clear,CLEAR
157.249,robot_1,EV_u_turn,EV_path_clear,CLEAR
161.091,robot_1,EV_rotate_clockwise,EV_object_visible|EV_path_clear,CLEAR
161.296,robot_1,EV_approach_object,EV_path_clear,CLEAR
161.565,robot_1,EV_u_turn,EV_path_clear,CLEAR
161.649,robot_1,EV_approach_object,EV_path_clear,CLEAR
161.985,robot_1,EV_move_backward,EV_path_clear,CLEAR
162.258,robot_1,EV_rotate_clockwise,EV_object_visible|EV_path_clear,CLEAR
162.365,robot_1,EV_move_backward,EV_path_clear,CLEAR
162.574,robot_1,EV_rotate_counterclockwise,EV_path_clear,CLEAR
162.789,robot_1,EV_rotate_clockwise,EV_path_clear,CLEAR
162.971,robot_1,EV_rotate_clockwise,EV_path_clear,CLEAR
163.151,robot_1,EV_rotate_counterclockwise,EV_path_clear,CLEAR
163.296,robot_1,EV_rotate_clockwise,EV_path_clear,CLEAR
163.487,robot_1,EV_move_backward,EV_path_clear,CLEAR
163.759,robot_1,EV_move_backward,EV_path_clear,CLEAR
164.082,robot_1,EV_u_turn,EV_path_clear,CLEAR
167.902,robot_1,EV_move_forward,EV_object_visible|EV_path_clear,CLEAR
168.288,robot_1,EV_move_forward,EV_path_clear,CLEAR
168.555,robot_1,EV_move_backward,EV_path_clear,CLEAR
168.808,robot_1,EV_move_backward,EV_path_clear,CLEAR
169.087,robot_1,EV_rotate_clockwise,EV_object_visible|EV_path_clear,CLEAR
169.249,robot_1,EV_approach_object,EV_path_clear,CLEAR
169.484,robot_1,EV_rotate_counterclockwise,EV_path_clear,CLEAR
169.634,robot_1,EV_move_backward,EV_path_clear,CLEAR
169.867,robot_1,EV_u_turn,EV_path_clear,CLEAR
169.977,robot_1,EV_u_turn,EV_path_clear,CLEAR
173.762,robot_1,EV_rotate_counterclockwise,EV_object_visible|EV_path_clear,CLEAR
174.021,robot_1,EV_u_turn,EV_path_clear,CLEAR
174.138,robot_1,EV_rotate_counterclockwise,EV_path_clear,CLEAR
174.314,robot_1,EV_rotate_clockwise,EV_path_clear,CLEAR
174.468,robot_1,EV_rotate_clockwise,EV_path_clear,CLEAR
174.674,robot_1,EV_rotate_clockwise,EV_path_clear,CLEAR
174.853,robot_1,EV_move_backward,EV_path_clear,CLEAR
175.251,robot_1,EV_u_turn,EV_path_clear,CLEAR
175.356,robot_1,EV_rotate_counterclockwise,EV_path_clear,CLEAR
175.629,robot_1,EV_move_backward,EV_path_clear,CLEAR
175.891,robot_1,EV_rotate_counterclockwise,EV_object_visible|EV_path_clear,CLEAR
176.106,robot_1,EV_rotate_clockwise,EV_path_clear,CLEAR
176.306,robot_1,EV_move_forward,EV_path_clear,CLEAR
176.614,robot_1,EV_move_backward,EV_path_clear,CLEAR
176.861,robot_1,EV_rotate_clockwise,EV_path_clear,CLEAR
177.096,robot_1,EV_move_forward,EV_path_clear,CLEAR
177.360,robot_1,EV_rotate_counterclockwise,EV_path_clear,CLEAR
177.624,robot_1,EV_move_backward,EV_path_clear,CLEAR
177.893,robot_1,EV_move_backward,EV_path_clear,CLEAR
178.158,robot_1,EV_rotate_counterclockwise,EV_path_clear,CLEAR
178.318,robot_1,EV_rotate_clockwise,EV_object_visible|EV_path_clear,CLEAR
178.519,robot_1,EV_approach_object,EV_path_clear,CLEAR
178.810,robot_1,EV_rotate_counterclockwise,EV_path_clear,CLEAR
181.652,robot_1,EV_rotate_clockwise,EV_object_visible|EV_path_clear,CLEAR
181.878,robot_1,EV_u_turn,EV_path_clear,CLEAR
185.725,robot_1,EV_rotate_counterclockwise,EV_object_visible|EV_path_clear,CLEAR
185.921,robot_1,EV_rotate_counterclockwise,EV_path_clear,CLEAR
186.083,robot_1,EV_move_backward,EV_path_clear,CLEAR
186.315,robot_1,EV_u_turn,EV_path_clear,CLEAR
186.425,robot_1,EV_rotate_counterclockwise,EV_path_clear,CLEAR
186.587,robot_1,EV_move_backward,EV_path_clear,CLEAR
186.857,robot_1,EV_rotate_clockwise,EV_path_clear,CLEAR
187.092,robot_1,EV_approach_object,EV_path_clear,CLEAR
187.386,robot_1,EV_move_forward,EV_object_visible|EV_path_clear,CLEAR
187.694,robot_1,EV_move_backward,EV_path_clear,CLEAR
187.995,robot_1,EV_move_backward,EV_path_clear,CLEAR
188.272,robot_1,EV_move_backward,EV_path_clear,CLEAR
188.558,robot_1,EV_rotate_clockwise,EV_path_clear,CLEAR
188.721,robot_1,EV_approach_object,EV_path_clear,CLEAR
189.020,robot_1,EV_move_backward,EV_path_clear,CLEAR
189.255,robot_1,EV_rotate_clockwise,EV_object_visible|EV_path_clear,CLEAR
189.460,robot_1,EV_rotate_counterclockwise,EV_path_clear,CLEAR
189.617,robot_1,EV_u_turn,EV_path_clear,CLEAR
193.378,robot_1,EV_move_forward,EV_object_visible|EV_path_clear,CLEAR
193.663,robot_1,EV_move_backward,EV_path_clear,CLEAR
194.011,robot_1,EV_move_forward,EV_object_visible|EV_path_clear,CLEAR
194.295,robot_1,EV_rotate_counterclockwise,EV_path_clear,CLEAR
194.455,robot_1,EV_approach_object,EV_path_clear,CLEAR
194.682,robot_1,EV_u_turn,EV_path_clear,CLEAR
194.772,robot_1,EV_approach_object,EV_path_clear,CLEAR
195.065,robot_1,EV_u_turn,EV_path_clear,CLEAR
195.171,robot_1,EV_u_turn,EV_path_clear,CLEAR
195.332,robot_1,EV_approach_object,EV_path_clear,CLEAR
195.587,robot_1,EV_u_turn,EV_path_clear,CLEAR
199.381,robot_1,EV_u_turn,EV_object_visible|EV_path_clear,CLEAR
199.508,robot_1,EV_rotate_counterclockwise,EV_path_clear,CLEAR
199.732,robot_1,EV_move_forward,EV_path_clear,CLEAR
199.957,robot_1,EV_rotate_clockwise,EV_path_clear,CLEAR
200.266,robot_1,EV_u_turn,EV_path_clear,CLEAR
200.354,robot_1,EV_move_backward,EV_path_clear,CLEAR
200.612,robot_1,EV_u_turn,EV_object_visible|EV_path_clear,CLEAR
200.746,robot_1,EV_move_backward,EV_path_clear,CLEAR
201.105,robot_1,EV_rotate_counterclockwise,EV_path_clear,CLEAR
201.279,robot_1,EV_move_forward,EV_path_clear,CLEAR
201.547,robot_1,EV_u_turn,EV_path_clear,CLEAR
205.296,robot_1,EV_move_forward,EV_object_visible|EV_path_clear,CLEAR
205.597,robot_1,EV_move_forward,EV_path_clear,CLEAR
205.919,robot_1,EV_rotate_clockwise,EV_path_clear,CLEAR
206.102,robot_1,EV_u_turn,EV_path_clear,CLEAR
206.176,robot_1,EV_move_backward,EV_path_clear,CLEAR
206.464,robot_1,EV_rotate_counterclockwise,EV_path_clear,CLEAR
206.596,robot_1,EV_rotate_counterclockwise,EV_path_clear,CLEAR
206.778,robot_1,EV_move_forward,EV_path_clear,CLEAR
206.980,robot_1,EV_move_forward,EV_path_clear,CLEAR
207.282,robot_1,EV_u_turn,EV_path_clear,CLEAR
207.380,robot_1,EV_move_backward,EV_path_clear,CLEAR
207.656,robot_1,EV_approach_object,EV_object_visible|EV_path_clear,CLEAR
207.966,robot_1,EV_move_backward,EV_path_clear,CLEAR
208.285,robot_1,EV_move_forward,EV_path_clear,CLEAR
208.579,robot_1,EV_rotate_counterclockwise,EV_path_clear,CLEAR
208.775,robot_1,EV_u_turn,EV_path_clear,CLEAR
212.660,robot_1,EV_move_forward,EV_object_visible|EV_path_clear,CLEAR
212.951,robot_1,EV_approach_object,EV_path_clear,CLEAR
213.178,robot_1,EV_rotate_clockwise,EV_path_clear,CLEAR
213.358,robot_1,EV_move_forward,EV_path_clear,CLEAR
213.613,robot_1,EV_move_backward,EV_path_clear,CLEAR
213.857,robot_1,EV_move_backward,EV_path_clear,CLEAR
214.113,robot_1,EV_move_backward,EV_path_clear,CLEAR
214.349,robot_1,EV_move_backward,EV_object_visible|EV_path_clear,CLEAR
214.579,robot_1,EV_rotate_counterclockwise,EV_path_clear,CLEAR
214.767,robot_1,EV_move_backward,EV_path_clear,CLEAR
214.978,robot_1,EV_rotate_clockwise,EV_path_clear,CLEAR
215.216,robot_1,EV_u_turn,EV_path_clear,CLEAR
218.998,robot_1,EV_rotate_clockwise,EV_object_visible|EV_path_clear,CLEAR
219.129,robot_1,EV_rotate_counterclockwise,EV_path_clear,CLEAR
219.319,robot_1,EV_rotate_clockwise,EV_path_clear,CLEAR
219.477,robot_1,EV_approach_object,EV_path_clear,CLEAR
219.757,robot_1,EV_u_turn,EV_path_clear,CLEAR
219.847,robot_1,EV_move_forward,EV_path_clear,CLEAR
220.052,robot_1,EV_rotate_clockwise,EV_path_clear,CLEAR
220.174,robot_1,EV_approach_object,EV_path_clear,CLEAR
220.467,robot_1,EV_move_backward,EV_path_clear,CLEAR
220.686,robot_1,EV_rotate_clockwise,EV_path_clear,CLEAR
220.857,robot_1,EV_move_backward,EV_path_clear,CLEAR
221.183,robot_1,EV_rotate_counterclockwise,EV_object_visible|EV_path_clear,CLEAR
221.368,robot_1,EV_move_backward,EV_path_clear,CLEAR
221.628,robot_1,EV_move_backward,EV_path_clear,CLEAR
221.974,robot_1,EV_approach_object,EV_path_clear,CLEAR
222.263,robot_1,EV_move_forward,EV_path_clear,CLEAR
222.604,robot_1,EV_approach_object,EV_path_clear,CLEAR
222.854,robot_1,EV_rotate_clockwise,EV_path_clear,CLEAR
223.088,robot_1,EV_move_backward,EV_path_clear,CLEAR
223.399,robot_1,EV_approach_object,EV_path_clear,CLEAR
223.704,robot_1,EV_rotate_clockwise,EV_object_visible|EV_path_clear,CLEAR
223.901,robot_1,EV_rotate_counterclockwise,EV_path_clear,CLEAR
224.083,robot_1,EV_approach_object,EV_path_clear,CLEAR
224.327,robot_1,EV_u_turn,EV_path_clear,CLEAR
228.183,robot_1,EV_rotate_clockwise,EV_object_visible|EV_path_clear,CLEAR
228.394,robot_1,EV_rotate_counterclockwise,EV_path_clear,CLEAR
228.576,robot_1,EV_move_forward,EV_path_clear,CLEAR
228.862,robot_1,EV_rotate_clockwise,EV_path_clear,CLEAR
229.079,robot_1,EV_rotate_clockwise,EV_path_clear,CLEAR
229.283,robot_1,EV_move_forward,EV_path_clear,CLEAR
229.567,robot_1,EV_approach_object,EV_path_clear,CLEAR
229.892,robot_1,EV_u_turn,EV_path_clear,CLEAR
229.991,robot_1,EV_rotate_counterclockwise,EV_path_clear,CLEAR
230.157,robot_1,EV_u_turn,EV_path_clear,CLEAR
230.277,robot_1,EV_approach_object,EV_object_visible|EV_path_clear,CLEAR
230.569,robot_1,EV_rotate_counterclockwise,EV_path_clear,CLEAR
230.810,robot_1,EV_approach_object,EV_path_clear,CLEAR
231.079,robot_1,EV_move_forward,EV_path_clear,CLEAR
231.299,robot_1,EV_move_backward,EV_path_clear,CLEAR
231.562,robot_1,EV_move_forward,EV_path_clear,CLEAR
231.852,robot_1,EV_rotate_clockwise,EV_path_clear,CLEAR
234.664,robot_1,EV_move_forward,EV_object_visible|EV_path_clear,CLEAR
234.882,robot_1,EV_approach_object,EV_object_visible|EV_path_clear,CLEAR
235.153,robot_1,EV_rotate_clockwise,EV_path_clear,CLEAR
235.368,robot_1,EV_rotate_counterclockwise,EV_path_clear,CLEAR
235.608,robot_1,EV_rotate_counterclockwise,EV_path_clear,CLEAR
235.791,robot_1,EV_approach_object,EV_path_clear,CLEAR
236.076,robot_1,EV_move_forward,EV_path_clear,CLEAR
236.366,robot_1,EV_move_backward,EV_path_clear,CLEAR
236.720,robot_1,EV_move_backward,EV_path_clear,CLEAR
236.962,robot_1,EV_move_forward,EV_path_clear,CLEAR
237.198,robot_1,EV_rotate_counterclockwise,EV_object_visible|EV_path_clear,CLEAR
237.361,robot_1,EV_approach_object,EV_path_clear,CLEAR
237.679,robot_1,EV_move_backward,EV_path_clear,CLEAR
237.895,robot_1,EV_move_forward,EV_path_clear,CLEAR
238.168,robot_1,EV_rotate_clockwise,EV_path_clear,CLEAR
238.359,robot_1,EV_rotate_counterclockwise,EV_path_clear,CLEAR
238.599,robot_1,EV_move_backward,EV_path_clear,CLEAR
238.893,robot_1,EV_move_forward,EV_path_clear,CLEAR
239.131,robot_1,EV_approach_object,EV_path_clear,CLEAR
239.449,robot_1,EV_rotate_counterclockwise,EV_object_visible|EV_path_clear,CLEAR
239.661,robot_1,EV_rotate_counterclockwise,EV_path_clear,CLEAR
239.864,robot_1,EV_approach_object,EV_path_clear,CLEAR
240.155,robot_1,EV_move_forward,EV_path_clear,CLEAR
240.378,robot_1,EV_move_forward,EV_path_clear,CLEAR
240.629,robot_1,EV_move_forward,EV_path_clear,CLEAR
240.979,robot_1,EV_move_backward,EV_path_clear,CLEAR
241.286,robot_1,EV_approach_object,EV_path_clear,CLEAR
241.579,robot_1,EV_move_backward,EV_path_clear,CLEAR
241.871,robot_1,EV_rotate_counterclockwise,EV_object_visible|EV_path_clear,CLEAR
242.108,robot_1,EV_rotate_clockwise,EV_path_clear,CLEAR
242.286,robot_1,EV_approach_object,EV_path_clear,CLEAR
242.564,robot_1,EV_approach_object,EV_path_clear,CLEAR
242.811,robot_1,EV_rotate_counterclockwise,EV_path_clear,CLEAR
243.022,robot_1,EV_move_backward,EV_path_clear,CLEAR
243.264,robot_1,EV_u_turn,EV_path_clear,CLEAR
247.179,robot_1,EV_move_backward,EV_object_visible|EV_path_clear,CLEAR
247.464,robot_1,EV_approach_object,EV_path_clear,CLEAR
247.688,robot_1,EV_move_forward,EV_path_clear,CLEAR
247.950,robot_1,EV_rotate_counterclockwise,EV_path_clear,CLEAR
248.233,robot_1,EV_rotate_clockwise,EV_path_clear,CLEAR
248.506,robot_1,EV_move_forward,EV_path_clear,CLEAR
248.753,robot_1,EV_approach_object,EV_object_visible|EV_path_clear,CLEAR
249.076,robot_1,EV_move_forward,EV_path_clear,CLEAR
249.379,robot_1,EV_rotate_counterclockwise,EV_path_clear,CLEAR
249.597,robot_1,EV_approach_object,EV_path_clear,CLEAR
249.881,robot_1,EV_move_forward,EV_path_clear,CLEAR
250.111,robot_1,EV_move_backward,EV_path_clear,CLEAR
250.378,robot_1,EV_rotate_counterclockwise,EV_path_clear,CLEAR
250.550,robot_1,EV_move_backward,EV_path_clear,CLEAR
250.886,robot_1,EV_rotate_counterclockwise,EV_object_visible|EV_path_clear,CLEAR
251.099,robot_1,EV_rotate_counterclockwise,EV_path_clear,CLEAR
251.300,robot_1,EV_u_turn,EV_path_clear,CLEAR
255.111,robot_1,EV_move_backward,EV_object_visible|EV_path_clear,CLEAR
255.367,robot_1,EV_move_backward,EV_path_clear,CLEAR
255.703,robot_1,EV_rotate_clockwise,EV_path_clear,CLEAR
255.887,robot_1,EV_approach_object,EV_object_visible|EV_path_clear,CLEAR
256.194,robot_1,EV_rotate_clockwise,EV_path_clear,CLEAR
256.366,robot_1,EV_move_backward,EV_path_clear,CLEAR
256.595,robot_1,EV_move_forward,EV_path_clear,CLEAR
256.880,robot_1,EV_u_turn,EV_path_clear,CLEAR
256.968,robot_1,EV_u_turn,EV_path_clear,CLEAR
257.074,robot_1,EV_u_turn,EV_path_clear,CLEAR
257.161,robot_1,EV_approach_object,EV_path_clear,CLEAR
257.380,robot_1,EV_rotate_counterclockwise,EV_path_clear,CLEAR
257.572,robot_1,EV_rotate_clockwise,EV_path_clear,CLEAR
257.752,robot_1,EV_u_turn,EV_path_clear,CLEAR
261.649,robot_1,EV_u_turn,EV_object_visible|EV_path_clear,CLEAR
261.770,robot_1,EV_rotate_counterclockwise,EV_path_clear,CLEAR
262.014,robot_1,EV_approach_object,EV_path_clear,CLEAR
262.285,robot_1,EV_rotate_clockwise,EV_path_clear,CLEAR
262.404,robot_1,EV_move_backward,EV_path_clear,CLEAR
262.677,robot_1,EV_move_forward,EV_path_clear,CLEAR
262.960,robot_1,EV_u_turn,EV_object_visible|EV_path_clear,CLEAR
263.055,robot_1,EV_u_turn,EV_path_clear,CLEAR
263.191,robot_1,EV_u_turn,EV_path_clear,CLEAR
263.321,robot_1,EV_u_turn,EV_path_clear,CLEAR
263.417,robot_1,EV_rotate_clockwise,EV_path_clear,CLEAR
263.563,robot_1,EV_move_backward,EV_path_clear,CLEAR
263.820,robot_1,EV_rotate_counterclockwise,EV_path_clear,CLEAR
264.092,robot_1,EV_approach_object,EV_path_clear,CLEAR
264.364,robot_1,EV_u_turn,EV_path_clear,CLEAR
268.211,robot_1,EV_approach_object,EV_object_visible|EV_path_clear,CLEAR
268.502,robot_1,EV_u_turn,EV_path_clear,CLEAR
268.600,robot_1,EV_approach_object,EV_path_clear,CLEAR
268.871,robot_1,EV_move_backward,EV_path_clear,CLEAR
269.148,robot_1,EV_u_turn,EV_path_clear,CLEAR
269.271,robot_1,EV_u_turn,EV_path_clear,CLEAR
269.371,robot_1,EV_approach_object,EV_path_clear,CLEAR
269.615,robot_1,EV_move_backward,EV_object_visible|EV_path_clear,CLEAR
269.913,robot_1,EV_rotate_counterclockwise,EV_path_clear,CLEAR
270.081,robot_1,EV_approach_object,EV_path_clear,CLEAR
270.296,robot_1,EV_approach_object,EV_path_clear,CLEAR
270.551,robot_1,EV_rotate_clockwise,EV_path_clear,CLEAR
270.710,robot_1,EV_rotate_clockwise,EV_path_clear,CLEAR
270.833,robot_1,EV_rotate_clockwise,EV_path_clear,CLEAR
270.966,robot_1,EV_rotate_counterclockwise,EV_path_clear,CLEAR
271.134,robot_1,EV_rotate_counterclockwise,EV_path_clear,CLEAR
271.299,robot_1,EV_approach_object,EV_path_clear,CLEAR
271.567,robot_1,EV_approach_object,EV_path_clear,CLEAR
271.856,robot_1,EV_u_turn,EV_path_clear,CLEAR
275.740,robot_1,EV_rotate_clockwise,EV_object_visible|EV_path_clear,CLEAR
275.949,robot_1,EV_rotate_counterclockwise,EV_path_clear,CLEAR
276.151,robot_1,EV_rotate_clockwise,EV_path_clear,CLEAR
276.271,robot_1,EV_u_turn,EV_path_clear,CLEAR
276.399,robot_1,EV_move_backward,EV_path_clear,CLEAR
276.673,robot_1,EV_u_turn,EV_object_visible|EV_path_clear,CLEAR
276.794,robot_1,EV_u_turn,EV_path_clear,CLEAR
276.909,robot_1,EV_move_forward,EV_path_clear,CLEAR
277.170,robot_1,EV_move_backward,EV_path_clear,CLEAR
277.474,robot_1,EV_u_turn,EV_path_clear,CLEAR
277.564,robot_1,EV_rotate_counterclockwise,EV_path_clear,CLEAR
277.768,robot_1,EV_move_backward,EV_path_clear,CLEAR
278.100,robot_1,EV_rotate_clockwise,EV_path_clear,CLEAR
280.924,robot_1,EV_move_forward,EV_object_visible|EV_path_clear,CLEAR
281.177,robot_1,EV_u_turn,EV_object_visible|EV_path_clear,CLEAR
285.061,robot_1,EV_rotate_counterclockwise,EV_object_visible|EV_path_clear,CLEAR
285.270,robot_1,EV_approach_object,EV_path_clear,CLEAR
285.600,robot_1,EV_rotate_counterclockwise,EV_object_visible|EV_path_clear,CLEAR
285.791,robot_1,EV_u_turn,EV_path_clear,CLEAR
285.895,robot_1,EV_rotate_clockwise,EV_path_clear,CLEAR
286.058,robot_1,EV_rotate_counterclockwise,EV_path_clear,CLEAR
286.203,robot_1,EV_move_backward,EV_path_clear,CLEAR
286.518,robot_1,EV_approach_object,EV_path_clear,CLEAR
286.774,robot_1,EV_rotate_clockwise,EV_path_clear,CLEAR
286.894,robot_1,EV_move_forward,EV_path_clear,CLEAR
287.199,robot_1,EV_move_backward,EV_path_clear,CLEAR
287.448,robot_1,EV_move_backward,EV_path_clear,CLEAR
287.681,robot_1,EV_rotate_clockwise,EV_path_clear,CLEAR
287.857,robot_1,EV_rotate_counterclockwise,EV_path_clear,CLEAR
290.664,robot_1,EV_rotate_counterclockwise,EV_object_visible|EV_path_clear,CLEAR
290.862,robot_1,EV_rotate_clockwise,EV_path_clear,CLEAR
291.101,robot_1,EV_approach_object,EV_path_clear,CLEAR
291.401,robot_1,EV_rotate_clockwise,EV_path_clear,CLEAR
291.595,robot_1,EV_rotate_clockwise,EV_path_clear,CLEAR
291.749,robot_1,EV_approach_object,EV_path_clear,CLEAR
291.981,robot_1,EV_rotate_counterclockwise,EV_path_clear,CLEAR
292.228,robot_1,EV_move_backward,EV_path_clear,CLEAR
292.560,robot_1,EV_move_forward,EV_path_clear,CLEAR
292.821,robot_1,EV_approach_object,EV_object_visible|EV_path_clear,CLEAR
293.075,robot_1,EV_rotate_clockwise,EV_path_clear,CLEAR
293.326,robot_1,EV_rotate_clockwise,EV_path_clear,CLEAR
293.520,robot_1,EV_move_backward,EV_path_clear,CLEAR
293.753,robot_1,EV_move_backward,EV_path_clear,CLEAR
294.102,robot_1,EV_rotate_counterclockwise,EV_path_clear,CLEAR
294.279,robot_1,EV_rotate_counterclockwise,EV_path_clear,CLEAR
294.488,robot_1,EV_u_turn,EV_path_clear,CLEAR
298.347,robot_1,EV_approach_object,EV_object_visible|EV_path_clear,CLEAR
298.648,robot_1,EV_move_backward,EV_path_clear,CLEAR
298.893,robot_1,EV_move_forward,EV_path_clear,CLEAR
299.208,robot_1,EV_move_forward,EV_path_clear,CLEAR
299.482,robot_1,EV_move_backward,EV_path_clear,CLEAR
299.714,robot_1,EV_move_backward,EV_object_visible|EV_path_clear,CLEAR
299.954,robot_1,EV_rotate_counterclockwise,EV_path_clear,CLEAR
300.226,robot_1,EV_u_turn,EV_path_clear,CLEAR
300.323,robot_1,EV_move_backward,EV_path_clear,CLEAR
300.595,robot_1,EV_move_forward,EV_path_clear,CLEAR
300.912,robot_1,EV_u_turn,EV_path_clear,CLEAR
304.653,robot_1,EV_rotate_counterclockwise,EV_object_visible|EV_path_clear,CLEAR
304.909,robot_1,EV_u_turn,EV_path_clear,CLEAR
304.990,robot_1,EV_move_backward,EV_path_clear,CLEAR
305.260,robot_1,EV_move_forward,EV_path_clear,CLEAR
305.570,robot_1,EV_rotate_counterclockwise,EV_path_clear,CLEAR
305.772,robot_1,EV_approach_object,EV_path_clear,CLEAR
306.099,robot_1,EV_rotate_clockwise,EV_path_clear,CLEAR
306.283,robot_1,EV_u_turn,EV_path_clear,CLEAR
306.422,robot_1,EV_approach_object,EV_path_clear,CLEAR
306.669,robot_1,EV_rotate_clockwise,EV_path_clear,CLEAR
306.912,robot_1,EV_u_turn,EV_object_visible|EV_path_clear,CLEAR
310.803,robot_1,EV_rotate_clockwise,EV_object_visible|EV_path_clear,CLEAR
310.977,robot_1,EV_move_forward,EV_path_clear,CLEAR
311.270,robot_1,EV_rotate_counterclockwise,EV_path_clear,CLEAR
311.471,robot_1,EV_approach_object,EV_path_clear,CLEAR
311.730,robot_1,EV_move_backward,EV_object_visible|EV_path_clear,CLEAR
311.965,robot_1,EV_rotate_counterclockwise,EV_path_clear,CLEAR
312.215,robot_1,EV_rotate_counterclockwise,EV_path_clear,CLEAR
312.370,robot_1,EV_rotate_counterclockwise,EV_path_clear,CLEAR
312.596,robot_1,EV_rotate_counterclockwise,EV_path_clear,CLEAR
312.791,robot_1,EV_u_turn,EV_path_clear,CLEAR
312.862,robot_1,EV_rotate_counterclockwise,EV_path_clear,CLEAR
313.049,robot_1,EV_move_forward,EV_path_clear,CLEAR
313.362,robot_1,EV_move_forward,EV_path_clear,CLEAR
313.609,robot_1,EV_move_backward,EV_path_clear,CLEAR
313.938,robot_1,EV_u_turn,EV_object_visible|EV_path_clear,CLEAR
317.694,robot_1,EV_move_forward,EV_object_visible|EV_path_clear,CLEAR
317.959,robot_1,EV_approach_object,EV_path_clear,CLEAR
318.260,robot_1,EV_move_forward,EV_path_clear,CLEAR
318.561,robot_1,EV_rotate_counterclockwise,EV_object_visible|EV_path_clear,CLEAR
318.770,robot_1,EV_rotate_counterclockwise,EV_path_clear,CLEAR
318.992,robot_1,EV_move_backward,EV_path_clear,CLEAR
319.312,robot_1,EV_approach_object,EV_path_clear,CLEAR
319.560,robot_1,EV_move_backward,EV_path_clear,CLEAR
319.798,robot_1,EV_rotate_clockwise,EV_path_clear,CLEAR
319.961,robot_1,EV_rotate_clockwise,EV_path_clear,CLEAR
320.233,robot_1,EV_move_forward,EV_path_clear,CLEAR
320.487,robot_1,EV_approach_object,EV_path_clear,CLEAR
320.772,robot_1,EV_move_forward,EV_path_clear,CLEAR
321.125,robot_1,EV_u_turn,EV_object_visible|EV_path_clear,CLEAR
324.963,robot_1,EV_rotate_clockwise,EV_object_visible|EV_path_clear,CLEAR
325.152,robot_1,EV_u_turn,EV_path_clear,CLEAR
325.334,robot_1,EV_move_backward,EV_path_clear,CLEAR
325.598,robot_1,EV_move_forward,EV_object_visible|EV_path_clear,CLEAR
325.843,robot_1,EV_move_backward,EV_path_clear,CLEAR
326.095,robot_1,EV_rotate_counterclockwise,EV_path_clear,CLEAR
326.269,robot_1,EV_move_backward,EV_path_clear,CLEAR
326.559,robot_1,EV_u_turn,EV_path_clear,CLEAR
326.709,robot_1,EV_move_backward,EV_path_clear,CLEAR
327.134,robot_1,EV_rotate_clockwise,EV_path_clear,CLEAR
327.337,robot_1,EV_move_forward,EV_path_clear,CLEAR
327.684,robot_1,EV_rotate_counterclockwise,EV_object_not_visible|EV_path_clear,CLEAR
327.906,robot_1,EV_search_object,EV_path_clear,CLEAR
328.069,robot_1,EV_rotate_clockwise,EV_path_clear,CLEAR
328.237,robot_1,EV_move_forward,EV_path_clear,CLEAR
328.506,robot_1,EV_rotate_clockwise,EV_path_clear,CLEAR
328.682,robot_1,EV_move_forward,EV_path_clear,CLEAR
328.915,robot_1,EV_rotate_counterclockwise,EV_path_clear,CLEAR
331.798,robot_1,EV_move_forward,EV_object_not_visible|EV_path_clear,CLEAR
332.074,robot_1,EV_rotate_clockwise,EV_path_clear,CLEAR
332.259,robot_1,EV_rotate_counterclockwise,EV_path_clear,CLEAR
332.451,robot_1,EV_u_turn,EV_object_not_visible|EV_path_clear,CLEAR
336.229,robot_1,EV_move_backward,EV_object_visible|EV_path_clear,CLEAR
336.514,robot_1,EV_rotate_counterclockwise,EV_path_clear,CLEAR
336.684,robot_1,EV_rotate_clockwise,EV_path_clear,CLEAR
336.850,robot_1,EV_u_turn,EV_path_clear,CLEAR
337.056,robot_1,EV_move_backward,EV_path_clear,CLEAR
337.290,robot_1,EV_u_turn,EV_object_visible|EV_path_clear,CLEAR
337.408,robot_1,EV_move_forward,EV_path_clear,CLEAR
337.717,robot_1,EV_move_forward,EV_path_clear,CLEAR
337.974,robot_1,EV_approach_object,EV_path_clear,CLEAR
338.262,robot_1,EV_rotate_clockwise,EV_path_clear,CLEAR
338.397,robot_1,EV_rotate_counterclockwise,EV_path_clear,CLEAR
338.564,robot_1,EV_approach_object,EV_path_clear,CLEAR
338.796,robot_1,EV_rotate_counterclockwise,EV_path_clear,CLEAR
338.963,robot_1,EV_u_turn,EV_path_clear,CLEAR
342.954,robot_1,EV_move_backward,EV_object_visible|EV_path_clear,CLEAR
343.291,robot_1,EV_u_turn,EV_path_clear,CLEAR
343.400,robot_1,EV_u_turn,EV_path_clear,CLEAR
343.505,robot_1,EV_approach_object,EV_path_clear,CLEAR
343.751,robot_1,EV_move_backward,EV_path_clear,CLEAR
343.961,robot_1,EV_approach_object,EV_object_visible|EV_path_clear,CLEAR
344.187,robot_1,EV_approach_object,EV_path_clear,CLEAR
344.544,robot_1,EV_approach_object,EV_path_clear,CLEAR
344.778,robot_1,EV_u_turn,EV_path_clear,CLEAR
344.882,robot_1,EV_move_backward,EV_path_clear,CLEAR
345.155,robot_1,EV_move_backward,EV_path_clear,CLEAR
345.391,robot_1,EV_rotate_counterclockwise,EV_path_clear,CLEAR
345.591,robot_1,EV_rotate_clockwise,EV_path_clear,CLEAR
345.772,robot_1,EV_rotate_counterclockwise,EV_path_clear,CLEAR
345.908,robot_1,EV_u_turn,EV_path_clear,CLEAR
349.678,robot_1,EV_rotate_counterclockwise,EV_object_visible|EV_path_clear,CLEAR
349.876,robot_1,EV_move_backward,EV_path_clear,CLEAR
350.181,robot_1,EV_u_turn,EV_path_clear,CLEAR
350.293,robot_1,EV_u_turn,EV_path_clear,CLEAR
350.383,robot_1,EV_rotate_clockwise,EV_path_clear,CLEAR
350.512,robot_1,EV_move_forward,EV_path_clear,CLEAR
350.786,robot_1,EV_rotate_clockwise,EV_path_clear,CLEAR
351.006,robot_1,EV_rotate_counterclockwise,EV_path_clear,CLEAR
351.138,robot_1,EV_rotate_clockwise,EV_path_clear,CLEAR
351.293,robot_1,EV_rotate_counterclockwise,EV_object_visible|EV_path_clear,CLEAR
351.464,robot_1,EV_rotate_counterclockwise,EV_path_clear,CLEAR
351.694,robot_1,EV_approach_object,EV_path_clear,CLEAR
351.985,robot_1,EV_rotate_clockwise,EV_path_clear,CLEAR
354.760,robot_1,EV_rotate_clockwise,EV_object_visible|EV_path_clear,CLEAR
354.973,robot_1,EV_move_forward,EV_path_clear,CLEAR
355.253,robot_1,EV_rotate_counterclockwise,EV_path_clear,CLEAR
355.418,robot_1,EV_rotate_counterclockwise,EV_path_clear,CLEAR
355.570,robot_1,EV_move_backward,EV_path_clear,CLEAR
355.861,robot_1,EV_move_forward,EV_object_visible|EV_path_clear,CLEAR
356.088,robot_1,EV_rotate_clockwise,EV_path_clear,CLEAR
356.312,robot_1,EV_rotate_clockwise,EV_path_clear,CLEAR
356.477,robot_1,EV_u_turn,EV_path_clear,CLEAR
360.279,robot_1,EV_approach_object,EV_object_visible|EV_path_clear,CLEAR
360.598,robot_1,EV_move_forward,EV_path_clear,CLEAR
360.864,robot_1,EV_rotate_counterclockwise,EV_path_clear,CLEAR
361.031,robot_1,EV_approach_object,EV_path_clear,CLEAR
361.294,robot_1,EV_rotate_counterclockwise,EV_path_clear,CLEAR
361.466,robot_1,EV_move_forward,EV_path_clear,CLEAR
361.822,robot_1,EV_rotate_clockwise,EV_path_clear,CLEAR
361.992,robot_1,EV_u_turn,EV_path_clear,CLEAR
362.090,robot_1,EV_u_turn,EV_path_clear,CLEAR
362.229,robot_1,EV_move_backward,EV_path_clear,CLEAR
362.545,robot_1,EV_u_turn,EV_path_clear,CLEAR
366.463,robot_1,EV_move_backward,EV_object_visible|EV_path_clear,CLEAR
366.764,robot_1,EV_approach_object,EV_path_clear,CLEAR
367.049,robot_1,EV_u_turn,EV_path_clear,CLEAR
367.206,robot_1,EV_rotate_counterclockwise,EV_path_clear,CLEAR
367.400,robot_1,EV_approach_object,EV_object_visible|EV_path_clear,CLEAR
367.672,robot_1,EV_rotate_clockwise,EV_path_clear,CLEAR
367.790,robot_1,EV_move_forward,EV_path_clear,CLEAR
368.078,robot_1,EV_rotate_clockwise,EV_path_clear,CLEAR
368.198,robot_1,EV_approach_object,EV_path_clear,CLEAR
368.449,robot_1,EV_u_turn,EV_path_clear,CLEAR
368.551,robot_1,EV_move_forward,EV_path_clear,CLEAR
368.783,robot_1,EV_move_backward,EV_path_clear,CLEAR
369.037,robot_1,EV_approach_object,EV_path_clear,CLEAR
369.329,robot_1,EV_rotate_clockwise,EV_path_clear,CLEAR
369.468,robot_1,EV_move_forward,EV_path_clear,CLEAR
369.755,robot_1,EV_rotate_counterclockwise,EV_path_clear,CLEAR
370.008,robot_1,EV_rotate_clockwise,EV_object_visible|EV_path_clear,CLEAR
370.176,robot_1,EV_move_backward,EV_path_clear,CLEAR
370.475,robot_1,EV_rotate_clockwise,EV_path_clear,CLEAR
370.709,robot_1,EV_rotate_clockwise,EV_path_clear,CLEAR
370.868,robot_1,EV_u_turn,EV_path_clear,CLEAR
374.604,robot_1,EV_move_forward,EV_object_visible|EV_path_clear,CLEAR
374.856,robot_1,EV_move_backward,EV_path_clear,CLEAR
375.156,robot_1,EV_approach_object,EV_path_clear,CLEAR
375.402,robot_1,EV_approach_object,EV_path_clear,CLEAR
375.740,robot_1,EV_rotate_clockwise,EV_path_clear,CLEAR
375.895,robot_1,EV_move_backward,EV_path_clear,CLEAR
376.165,robot_1,EV_rotate_counterclockwise,EV_path_clear,CLEAR
376.422,robot_1,EV_approach_object,EV_path_clear,CLEAR
376.656,robot_1,EV_rotate_clockwise,EV_object_visible|EV_path_clear,CLEAR
376.794,robot_1,EV_rotate_counterclockwise,EV_path_clear,CLEAR
376.955,robot_1,EV_move_backward,EV_path_clear,CLEAR
377.258,robot_1,EV_rotate_clockwise,EV_path_clear,CLEAR
377.410,robot_1,EV_approach_object,EV_path_clear,CLEAR
377.664,robot_1,EV_u_turn,EV_path_clear,CLEAR
381.496,robot_1,EV_move_backward,EV_obstacle_right|EV_object_visible,RIGHT
384.339,robot_1,EV_rotate_clockwise,EV_object_visible|EV_path_clear,CLEAR
384.489,robot_1,EV_move_backward,EV_path_clear,CLEAR
384.776,robot_1,EV_approach_object,EV_path_clear,CLEAR
385.012,robot_1,EV_rotate_clockwise,EV_path_clear,CLEAR
385.213,robot_1,EV_move_forward,EV_path_clear,CLEAR
385.513,robot_1,EV_move_forward,EV_path_clear,CLEAR
385.844,robot_1,EV_move_forward,EV_path_clear,CLEAR
386.089,robot_1,EV_move_forward,EV_obstacle_right,RIGHT
386.367,robot_1,EV_u_turn,EV_obstacle_right|EV_object_visible,RIGHT
390.168,robot_1,EV_u_turn,EV_obstacle_right|EV_object_visible,RIGHT
390.246,robot_1,EV_u_turn,EV_obstacle_right,RIGHT
390.397,robot_1,EV_move_forward,EV_obstacle_right,RIGHT
390.689,robot_1,EV_move_backward,EV_path_clear,CLEAR
390.960,robot_1,EV_rotate_counterclockwise,EV_object_visible|EV_path_clear,CLEAR
391.180,robot_1,EV_rotate_counterclockwise,EV_path_clear,CLEAR
391.415,robot_1,EV_move_forward,EV_path_clear,CLEAR
391.698,robot_1,EV_u_turn,EV_path_clear,CLEAR
391.781,robot_1,EV_u_turn,EV_path_clear,CLEAR
391.904,robot_1,EV_approach_object,EV_path_clear,CLEAR
392.169,robot_1,EV_move_forward,EV_path_clear,CLEAR
392.419,robot_1,EV_move_forward,EV_path_clear,CLEAR
392.669,robot_1,EV_u_turn,EV_path_clear,CLEAR
396.492,robot_1,EV_move_forward,EV_object_visible|EV_path_clear,CLEAR
396.780,robot_1,EV_move_forward,EV_path_clear,CLEAR
397.073,robot_1,EV_move_backward,EV_path_clear,CLEAR
397.365,robot_1,EV_approach_object,EV_path_clear,CLEAR
397.696,robot_1,EV_u_turn,EV_path_clear,CLEAR
397.774,robot_1,EV_u_turn,EV_object_visible|EV_path_clear,CLEAR
397.923,robot_1,EV_rotate_counterclockwise,EV_path_clear,CLEAR
398.081,robot_1,EV_approach_object,EV_path_clear,CLEAR
398.367,robot_1,EV_move_forward,EV_path_clear,CLEAR
398.696,robot_1,EV_rotate_clockwise,EV_path_clear,CLEAR
398.856,robot_1,EV_u_turn,EV_path_clear,CLEAR
402.593,robot_1,EV_rotate_counterclockwise,EV_object_not_visible|EV_path_clear,CLEAR
402.782,robot_1,EV_rotate_clockwise,EV_path_clear,CLEAR
402.988,robot_1,EV_u_turn,EV_path_clear,CLEAR
403.072,robot_1,EV_move_forward,EV_path_clear,CLEAR
403.398,robot_1,EV_move_backward,EV_path_clear,CLEAR
403.682,robot_1,EV_u_turn,EV_path_clear,CLEAR
403.804,robot_1,EV_u_turn,EV_path_clear,CLEAR
403.901,robot_1,EV_u_turn,EV_path_clear,CLEAR
404.001,robot_1,EV_rotate_clockwise,EV_path_clear,CLEAR
404.248,robot_1,EV_search_object,EV_path_clear,CLEAR
404.389,robot_1,EV_search_object,EV_path_clear,CLEAR
404.572,robot_1,EV_move_backward,EV_path_clear,CLEAR
404.867,robot_1,EV_move_backward,EV_path_clear,CLEAR
405.118,robot_1,EV_rotate_clockwise,EV_object_visible|EV_path_clear,CLEAR
405.388,robot_1,EV_approach_object,EV_path_clear,CLEAR
405.703,robot_1,EV_u_turn,EV_path_clear,CLEAR
409.615,robot_1,EV_move_forward,EV_object_visible|EV_path_clear,CLEAR
409.882,robot_1,EV_rotate_clockwise,EV_object_visible|EV_path_clear,CLEAR
410.052,robot_1,EV_rotate_clockwise,EV_path_clear,CLEAR
410.215,robot_1,EV_approach_object,EV_path_clear,CLEAR
410.513,robot_1,EV_approach_object,EV_path_clear,CLEAR
410.798,robot_1,EV_move_backward,EV_path_clear,CLEAR
411.054,robot_1,EV_u_turn,EV_path_clear,CLEAR
411.151,robot_1,EV_approach_object,EV_path_clear,CLEAR
411.537,robot_1,EV_u_turn,EV_path_clear,CLEAR
411.642,robot_1,EV_rotate_clockwise,EV_path_clear,CLEAR
411.772,robot_1,EV_move_forward,EV_path_clear,CLEAR
412.070,robot_1,EV_approach_object,EV_object_visible|EV_path_clear,CLEAR
412.350,robot_1,EV_move_backward,EV_path_clear,CLEAR
412.681,robot_1,EV_move_backward,EV_path_clear,CLEAR
412.976,robot_1,EV_approach_object,EV_path_clear,CLEAR
413.197,robot_1,EV_u_turn,EV_path_clear,CLEAR
416.969,robot_1,EV_rotate_counterclockwise,EV_object_visible|EV_path_clear,CLEAR
417.161,robot_1,EV_rotate_clockwise,EV_path_clear,CLEAR
417.273,robot_1,EV_move_backward,EV_path_clear,CLEAR
417.538,robot_1,EV_move_backward,EV_path_clear,CLEAR
417.831,robot_1,EV_approach_object,EV_path_clear,CLEAR
418.068,robot_1,EV_move_backward,EV_path_clear,CLEAR
418.350,robot_1,EV_approach_object,EV_path_clear,CLEAR
418.670,robot_1,EV_rotate_counterclockwise,EV_path_clear,CLEAR
418.860,robot_1,EV_u_turn,EV_object_visible|EV_path_clear,CLEAR
418.979,robot_1,EV_rotate_clockwise,EV_path_clear,CLEAR
419.156,robot_1,EV_approach_object,EV_path_clear,CLEAR
419.472,robot_1,EV_u_turn,EV_path_clear,CLEAR
423.281,robot_1,EV_approach_object,EV_object_visible|EV_path_clear,CLEAR
423.595,robot_1,EV_approach_object,EV_path_clear,CLEAR
423.853,robot_1,EV_rotate_clockwise,EV_object_visible|EV_path_clear,CLEAR
424.061,robot_1,EV_u_turn,EV_path_clear,CLEAR
424.146,robot_1,EV_u_turn,EV_path_clear,CLEAR
424.319,robot_1,EV_rotate_clockwise,EV_path_clear,CLEAR
424.485,robot_1,EV_rotate_clockwise,EV_path_clear,CLEAR
424.655,robot_1,EV_rotate_clockwise,EV_path_clear,CLEAR
424.758,robot_1,EV_rotate_counterclockwise,EV_path_clear,CLEAR
424.997,robot_1,EV_u_turn,EV_path_clear,CLEAR
425.055,robot_1,EV_rotate_counterclockwise,EV_path_clear,CLEAR
425.249,robot_1,EV_move_backward,EV_path_clear,CLEAR
425.590,robot_1,EV_approach_object,EV_path_clear,CLEAR
425.876,robot_1,EV_rotate_counterclockwise,EV_path_clear,CLEAR
426.078,robot_1,EV_move_forward,EV_path_clear,CLEAR
426.371,robot_1,EV_u_turn,EV_object_visible|EV_path_clear,CLEAR
430.096,robot_1,EV_rotate_counterclockwise,EV_object_visible|EV_path_clear,CLEAR
430.284,robot_1,EV_move_backward,EV_path_clear,CLEAR
430.499,robot_1,EV_rotate_counterclockwise,EV_obstacle_left,LEFT
433.318,robot_1,EV_u_turn,EV_object_visible|EV_path_clear,CLEAR
437.294,robot_1,EV_rotate_clockwise,EV_object_visible|EV_path_clear,CLEAR
437.456,robot_1,EV_move_backward,EV_path_clear,CLEAR
437.672,robot_1,EV_rotate_counterclockwise,EV_obstacle_right|EV_object_visible,RIGHT
437.892,robot_1,EV_u_turn,EV_obstacle_right,RIGHT
437.980,robot_1,EV_u_turn,EV_obstacle_right,RIGHT
438.087,robot_1,EV_approach_object,EV_obstacle_right,RIGHT
438.277,robot_1,EV_move_forward,EV_obstacle_right,RIGHT
438.559,robot_1,EV_u_turn,EV_obstacle_right,RIGHT
438.657,robot_1,EV_approach_object,EV_obstacle_right,RIGHT
438.911,robot_1,EV_approach_object,EV_obstacle_right,RIGHT
439.123,robot_1,EV_move_backward,EV_obstacle_right,RIGHT
439.409,robot_1,EV_rotate_clockwise,EV_obstacle_right,RIGHT
439.598,robot_1,EV_move_forward,EV_obstacle_right,RIGHT
439.913,robot_1,EV_rotate_clockwise,EV_path_clear,CLEAR
440.080,robot_1,EV_move_forward,EV_object_visible|EV_path_clear,CLEAR
440.449,robot_1,EV_rotate_clockwise,EV_path_clear,CLEAR
440.612,robot_1,EV_u_turn,EV_path_clear,CLEAR
444.400,robot_1,EV_u_turn,EV_object_visible|EV_path_clear,CLEAR
444.490,robot_1,EV_rotate_counterclockwise,EV_object_visible|EV_path_clear,CLEAR
444.729,robot_1,EV_rotate_counterclockwise,EV_path_clear,CLEAR
444.860,robot_1,EV_rotate_counterclockwise,EV_path_clear,CLEAR
444.986,robot_1,EV_approach_object,EV_path_clear,CLEAR
445.339,robot_1,EV_u_turn,EV_path_clear,CLEAR
445.407,robot_1,EV_move_backward,EV_path_clear,CLEAR
445.747,robot_1,EV_rotate_clockwise,EV_path_clear,CLEAR
445.940,robot_1,EV_u_turn,EV_path_clear,CLEAR
446.039,robot_1,EV_approach_object,EV_path_clear,CLEAR
446.285,robot_1,EV_approach_object,EV_path_clear,CLEAR
446.511,robot_1,EV_approach_object,EV_path_clear,CLEAR
446.764,robot_1,EV_approach_object,EV_object_visible|EV_path_clear,CLEAR
447.021,robot_1,EV_rotate_counterclockwise,EV_path_clear,CLEAR
447.199,robot_1,EV_rotate_clockwise,EV_path_clear,CLEAR
447.311,robot_1,EV_u_turn,EV_path_clear,CLEAR
451.110,robot_1,EV_rotate_clockwise,EV_object_not_visible|EV_path_clear,CLEAR
451.268,robot_1,EV_search_object,EV_path_clear,CLEAR
451.552,robot_1,EV_search_object,EV_object_not_visible|EV_path_clear,CLEAR
451.846,robot_1,EV_rotate_clockwise,EV_path_clear,CLEAR
451.957,robot_1,EV_move_forward,EV_path_clear,CLEAR
452.195,robot_1,EV_move_backward,EV_path_clear,CLEAR
452.469,robot_1,EV_search_object,EV_path_clear,CLEAR
452.605,robot_1,EV_rotate_clockwise,EV_path_clear,CLEAR
452.759,robot_1,EV_rotate_clockwise,EV_path_clear,CLEAR
452.986,robot_1,EV_rotate_counterclockwise,EV_path_clear,CLEAR
453.187,robot_1,EV_u_turn,EV_path_clear,CLEAR
453.287,robot_1,EV_rotate_counterclockwise,EV_path_clear,CLEAR
453.467,robot_1,EV_u_turn,EV_path_clear,CLEAR
457.308,robot_1,EV_approach_object,EV_object_visible|EV_path_clear,CLEAR
457.572,robot_1,EV_u_turn,EV_path_clear,CLEAR
457.688,robot_1,EV_rotate_clockwise,EV_path_clear,CLEAR
457.908,robot_1,EV_u_turn,EV_path_clear,CLEAR
458.033,robot_1,EV_rotate_clockwise,EV_path_clear,CLEAR
458.296,robot_1,EV_rotate_counterclockwise,EV_object_visible|EV_path_clear,CLEAR
458.422,robot_1,EV_move_backward,EV_path_clear,CLEAR
458.698,robot_1,EV_approach_object,EV_path_clear,CLEAR
458.956,robot_1,EV_u_turn,EV_path_clear,CLEAR
459.058,robot_1,EV_move_backward,EV_path_clear,CLEAR
459.375,robot_1,EV_approach_object,EV_path_clear,CLEAR
459.713,robot_1,EV_rotate_clockwise,EV_path_clear,CLEAR
459.971,robot_1,EV_u_turn,EV_path_clear,CLEAR
463.711,robot_1,EV_move_backward,EV_object_visible|EV_path_clear,CLEAR
463.951,robot_1,EV_rotate_clockwise,EV_path_clear,CLEAR
464.108,robot_1,EV_move_backward,EV_path_clear,CLEAR
464.403,robot_1,EV_rotate_counterclockwise,EV_path_clear,CLEAR
464.554,robot_1,EV_approach_object,EV_path_clear,CLEAR
464.825,robot_1,EV_rotate_clockwise,EV_path_clear,CLEAR
465.019,robot_1,EV_approach_object,EV_object_visible|EV_path_clear,CLEAR
465.322,robot_1,EV_approach_object,EV_path_clear,CLEAR
465.571,robot_1,EV_move_forward,EV_path_clear,CLEAR
465.891,robot_1,EV_rotate_counterclockwise,EV_path_clear,CLEAR
466.065,robot_1,EV_u_turn,EV_path_clear,CLEAR
470.014,robot_1,EV_u_turn,EV_object_visible|EV_path_clear,CLEAR
470.114,robot_1,EV_move_backward,EV_path_clear,CLEAR
470.411,robot_1,EV_u_turn,EV_path_clear,CLEAR
470.539,robot_1,EV_rotate_clockwise,EV_path_clear,CLEAR
470.786,robot_1,EV_move_backward,EV_path_clear,CLEAR
471.135,robot_1,EV_move_backward,EV_path_clear,CLEAR
471.413,robot_1,EV_rotate_counterclockwise,EV_path_clear,CLEAR
471.658,robot_1,EV_u_turn,EV_object_visible|EV_path_clear,CLEAR
471.782,robot_1,EV_move_forward,EV_path_clear,CLEAR
472.099,robot_1,EV_move_forward,EV_path_clear,CLEAR
472.379,robot_1,EV_rotate_counterclockwise,EV_path_clear,CLEAR
472.578,robot_1,EV_rotate_clockwise,EV_path_clear,CLEAR
472.814,robot_1,EV_move_backward,EV_path_clear,CLEAR
473.061,robot_1,EV_move_backward,EV_path_clear,CLEAR
473.374,robot_1,EV_rotate_clockwise,EV_path_clear,CLEAR
473.582,robot_1,EV_rotate_counterclockwise,EV_path_clear,CLEAR
473.707,robot_1,EV_u_turn,EV_path_clear,CLEAR
477.650,robot_1,EV_rotate_clockwise,EV_object_visible|EV_path_clear,CLEAR
477.911,robot_1,EV_u_turn,EV_path_clear,CLEAR
478.013,robot_1,EV_u_turn,EV_path_clear,CLEAR
478.094,robot_1,EV_rotate_counterclockwise,EV_path_clear,CLEAR
478.269,robot_1,EV_move_forward,EV_path_clear,CLEAR
478.555,robot_1,EV_move_forward,EV_object_visible|EV_path_clear,CLEAR
478.793,robot_1,EV_rotate_clockwise,EV_path_clear,CLEAR
479.010,robot_1,EV_rotate_counterclockwise,EV_path_clear,CLEAR
479.190,robot_1,EV_approach_object,EV_path_clear,CLEAR
479.417,robot_1,EV_approach_object,EV_path_clear,CLEAR
479.669,robot_1,EV_u_turn,EV_path_clear,CLEAR
479.783,robot_1,EV_rotate_counterclockwise,EV_path_clear,CLEAR
479.962,robot_1,EV_rotate_clockwise,EV_path_clear,CLEAR
482.883,robot_1,EV_rotate_counterclockwise,EV_object_visible|EV_path_clear,CLEAR
483.048,robot_1,EV_u_turn,EV_path_clear,CLEAR
486.901,robot_1,EV_rotate_clockwise,EV_object_visible|EV_path_clear,CLEAR
487.078,robot_1,EV_move_forward,EV_path_clear,CLEAR
487.311,robot_1,EV_rotate_clockwise,EV_path_clear,CLEAR
487.498,robot_1,EV_move_forward,EV_path_clear,CLEAR
487.816,robot_1,EV_rotate_counterclockwise,EV_object_visible|EV_path_clear,CLEAR
488.011,robot_1,EV_move_forward,EV_path_clear,CLEAR
488.233,robot_1,EV_rotate_clockwise,EV_path_clear,CLEAR
488.403,robot_1,EV_u_turn,EV_path_clear,CLEAR
488.540,robot_1,EV_rotate_clockwise,EV_path_clear,CLEAR
488.742,robot_1,EV_rotate_clockwise,EV_path_clear,CLEAR
488.924,robot_1,EV_move_forward,EV_path_clear,CLEAR
489.153,robot_1,EV_u_turn,EV_path_clear,CLEAR
492.895,robot_1,EV_approach_object,EV_object_visible|EV_obstacle_left,LEFT
495.626,robot_1,EV_rotate_clockwise,EV_object_visible|EV_path_clear,CLEAR
495.842,robot_1,EV_move_backward,EV_path_clear,CLEAR
496.106,robot_1,EV_approach_object,EV_path_clear,CLEAR
496.412,robot_1,EV_u_turn,EV_path_clear,CLEAR
500.226,robot_1,EV_u_turn,EV_object_visible|EV_path_clear,CLEAR
500.320,robot_1,EV_move_forward,EV_path_clear,CLEAR
500.593,robot_1,EV_approach_object,EV_path_clear,CLEAR
500.839,robot_1,EV_rotate_clockwise,EV_path_clear,CLEAR
501.057,robot_1,EV_move_forward,EV_path_clear,CLEAR
501.298,robot_1,EV_rotate_clockwise,EV_path_clear,CLEAR
501.534,robot_1,EV_rotate_clockwise,EV_path_clear,CLEAR
501.692,robot_1,EV_rotate_counterclockwise,EV_object_visible|EV_path_clear,CLEAR
501.848,robot_1,EV_move_forward,EV_path_clear,CLEAR
502.093,robot_1,EV_move_backward,EV_path_clear,CLEAR
502.361,robot_1,EV_move_forward,EV_path_clear,CLEAR
502.666,robot_1,EV_u_turn,EV_path_clear,CLEAR
506.421,robot_1,EV_u_turn,EV_object_visible|EV_path_clear,CLEAR
506.496,robot_1,EV_u_turn,EV_path_clear,CLEAR
506.568,robot_1,EV_move_forward,EV_path_clear,CLEAR
506.879,robot_1,EV_move_backward,EV_path_clear,CLEAR
507.106,robot_1,EV_rotate_counterclockwise,EV_path_clear,CLEAR
507.241,robot_1,EV_move_forward,EV_path_clear,CLEAR
507.517,robot_1,EV_rotate_counterclockwise,EV_path_clear,CLEAR
507.660,robot_1,EV_approach_object,EV_path_clear,CLEAR
507.916,robot_1,EV_move_backward,EV_path_clear,CLEAR
508.233,robot_1,EV_move_backward,EV_obstacle_right,RIGHT
511.071,robot_1,EV_rotate_clockwise,EV_obstacle_right|EV_object_visible,RIGHT
511.251,robot_1,EV_rotate_clockwise,EV_obstacle_right,RIGHT
511.500,robot_1,EV_rotate_counterclockwise,EV_obstacle_right,RIGHT
511.714,robot_1,EV_rotate_counterclockwise,EV_obstacle_right,RIGHT
511.920,robot_1,EV_move_forward,EV_obstacle_right,RIGHT
512.201,robot_1,EV_rotate_clockwise,EV_obstacle_right,RIGHT
512.398,robot_1,EV_move_forward,EV_obstacle_right,RIGHT
512.704,robot_1,EV_move_forward,EV_path_clear,CLEAR
513.045,robot_1,EV_rotate_counterclockwise,EV_object_visible|EV_path_clear,CLEAR
513.168,robot_1,EV_approach_object,EV_path_clear,CLEAR
513.468,robot_1,EV_move_backward,EV_path_clear,CLEAR
513.808,robot_1,EV_u_turn,EV_path_clear,CLEAR
517.516,robot_1,EV_u_turn,EV_object_reached|EV_obstacle_right,RIGHT
517.614,robot_1,EV_move_forward,EV_obstacle_right,RIGHT
520.368,robot_1,EV_move_forward,EV_obstacle_right|EV_object_visible,RIGHT
520.656,robot_1,EV_rotate_clockwise,EV_obstacle_right,RIGHT
520.903,robot_1,EV_rotate_counterclockwise,EV_obstacle_right,RIGHT
521.108,robot_1,EV_move_forward,EV_obstacle_right,RIGHT
521.438,robot_1,EV_u_turn,EV_obstacle_right,RIGHT
525.210,robot_1,EV_u_turn,EV_object_reached|EV_obstacle_right,RIGHT
525.316,robot_1,EV_rotate_counterclockwise,EV_obstacle_right,RIGHT
525.498,robot_1,EV_u_turn,EV_obstacle_right,RIGHT
525.577,robot_1,EV_move_backward,EV_obstacle_right,RIGHT
525.820,robot_1,EV_u_turn,EV_obstacle_right,RIGHT
525.950,robot_1,EV_pick_up_object,EV_obstacle_right,RIGHT
526.272,robot_1,EV_u_turn,EV_path_clear,CLEAR
526.353,robot_1,EV_rotate_clockwise,EV_red_not_visible|EV_path_clear,CLEAR
526.597,robot_1,EV_u_turn,EV_blue_not_visible|EV_path_clear,CLEAR
526.712,robot_1,EV_rotate_clockwise,EV_path_clear,CLEAR
526.868,robot_1,EV_u_turn,EV_path_clear,CLEAR
527.009,robot_1,EV_search_color,EV_path_clear,CLEAR
527.210,robot_1,EV_u_turn,EV_path_clear,CLEAR
527.253,robot_1,EV_move_backward,EV_path_clear,CLEAR
527.480,robot_1,EV_u_turn,EV_path_clear,CLEAR
531.297,robot_1,EV_rotate_clockwise,EV_blue_not_visible|EV_red_not_visible|EV_path_clear,CLEAR
531.517,robot_1,EV_u_turn,EV_path_clear,CLEAR
531.616,robot_1,EV_rotate_counterclockwise,EV_path_clear,CLEAR
531.820,robot_1,EV_move_forward,EV_red_not_visible|EV_path_clear,CLEAR
532.082,robot_1,EV_move_backward,EV_blue_not_visible|EV_path_clear,CLEAR
532.375,robot_1,EV_search_color,EV_path_clear,CLEAR
532.588,robot_1,EV_search_color,EV_path_clear,CLEAR
532.726,robot_1,EV_u_turn,EV_path_clear,CLEAR
532.815,robot_1,EV_u_turn,EV_path_clear,CLEAR
532.919,robot_1,EV_rotate_clockwise,EV_path_clear,CLEAR
533.085,robot_1,EV_u_turn,EV_path_clear,CLEAR
533.175,robot_1,EV_move_forward,EV_path_clear,CLEAR
533.431,robot_1,EV_search_color,EV_path_clear,CLEAR
533.579,robot_1,EV_u_turn,EV_path_clear,CLEAR
537.311,robot_1,EV_rotate_clockwise,EV_blue_not_visible|EV_red_not_visible|EV_path_clear,CLEAR
537.500,robot_1,EV_move_forward,EV_path_clear,CLEAR
537.750,robot_1,EV_rotate_clockwise,EV_path_clear,CLEAR
537.875,robot_1,EV_search_color,EV_path_clear,CLEAR
538.095,robot_1,EV_rotate_clockwise,EV_path_clear,CLEAR
538.310,robot_1,EV_move_forward,EV_path_clear,CLEAR
538.573,robot_1,EV_rotate_counterclockwise,EV_path_clear,CLEAR
538.732,robot_1,EV_move_forward,EV_path_clear,CLEAR
538.955,robot_1,EV_u_turn,EV_red_not_visible|EV_path_clear,CLEAR
539.081,robot_1,EV_search_color,EV_path_clear,CLEAR
539.284,robot_1,EV_u_turn,EV_blue_not_visible|EV_path_clear,CLEAR
539.404,robot_1,EV_u_turn,EV_path_clear,CLEAR
539.525,robot_1,EV_move_forward,EV_path_clear,CLEAR
539.869,robot_1,EV_search_color,EV_path_clear,CLEAR
540.035,robot_1,EV_u_turn,EV_path_clear,CLEAR
543.853,robot_1,EV_search_color,EV_blue_not_visible|EV_red_not_visible|EV_path_clear,CLEAR
544.080,robot_1,EV_move_forward,EV_path_clear,CLEAR
544.349,robot_1,EV_move_forward,EV_path_clear,CLEAR
544.589,robot_1,EV_u_turn,EV_path_clear,CLEAR
544.720,robot_1,EV_u_turn,EV_path_clear,CLEAR
544.822,robot_1,EV_move_backward,EV_path_clear,CLEAR
545.045,robot_1,EV_move_backward,EV_path_clear,CLEAR
545.298,robot_1,EV_search_color,EV_path_clear,CLEAR
545.510,robot_1,EV_rotate_clockwise,EV_path_clear,CLEAR
545.688,robot_1,EV_move_backward,EV_path_clear,CLEAR
545.967,robot_1,EV_move_backward,EV_red_not_visible|EV_path_clear,CLEAR
546.278,robot_1,EV_rotate_counterclockwise,EV_blue_not_visible|EV_path_clear,CLEAR
546.489,robot_1,EV_move_forward,EV_path_clear,CLEAR
546.827,robot_1,EV_rotate_counterclockwise,EV_path_clear,CLEAR
546.989,robot_1,EV_rotate_counterclockwise,EV_path_clear,CLEAR
547.184,robot_1,EV_move_forward,EV_path_clear,CLEAR
547.412,robot_1,EV_move_backward,EV_path_clear,CLEAR
547.714,robot_1,EV_move_forward,EV_path_clear,CLEAR
548.038,robot_1,EV_u_turn,EV_path_clear,CLEAR
551.870,robot_1,EV_u_turn,EV_blue_not_visible|EV_red_not_visible|EV_path_clear,CLEAR
552.010,robot_1,EV_move_backward,EV_path_clear,CLEAR
552.315,robot_1,EV_rotate_clockwise,EV_path_clear,CLEAR
552.541,robot_1,EV_move_backward,EV_path_clear,CLEAR
552.761,robot_1,EV_rotate_counterclockwise,EV_path_clear,CLEAR
553.095,robot_1,EV_rotate_clockwise,EV_red_not_visible|EV_path_clear,CLEAR
553.305,robot_1,EV_rotate_clockwise,EV_blue_not_visible|EV_path_clear,CLEAR
553.522,robot_1,EV_u_turn,EV_path_clear,CLEAR
553.587,robot_1,EV_move_forward,EV_path_clear,CLEAR
553.810,robot_1,EV_u_turn,EV_path_clear,CLEAR
553.898,robot_1,EV_rotate_counterclockwise,EV_path_clear,CLEAR
554.069,robot_1,EV_move_backward,EV_path_clear,CLEAR
554.442,robot_1,EV_u_turn,EV_path_clear,CLEAR
558.196,robot_1,EV_move_forward,EV_blue_not_visible|EV_path_clear|EV_red_visible,CLEAR
558.465,robot_1,EV_move_backward,EV_path_clear,CLEAR
558.756,robot_1,EV_rotate_clockwise,EV_path_clear,CLEAR
558.867,robot_1,EV_rotate_counterclockwise,EV_path_clear,CLEAR
558.975,robot_1,EV_approach_color,EV_path_clear,CLEAR
559.187,robot_1,EV_move_forward,EV_path_clear,CLEAR
559.411,robot_1,EV_u_turn,EV_path_clear,CLEAR
559.539,robot_1,EV_u_turn,EV_path_clear,CLEAR
559.696,robot_1,EV_move_forward,EV_path_clear,CLEAR
559.929,robot_1,EV_rotate_clockwise,EV_path_clear,CLEAR
560.038,robot_1,EV_move_forward,EV_path_clear,CLEAR
560.319,robot_1,EV_u_turn,EV_path_clear,CLEAR
560.420,robot_1,EV_rotate_counterclockwise,EV_path_clear|EV_red_visible,CLEAR
560.650,robot_1,EV_move_backward,EV_blue_not_visible|EV_path_clear,CLEAR
560.967,robot_1,EV_move_forward,EV_path_clear,CLEAR
561.178,robot_1,EV_move_backward,EV_path_clear,CLEAR
561.418,robot_1,EV_move_forward,EV_path_clear,CLEAR
561.655,robot_1,EV_rotate_clockwise,EV_path_clear,CLEAR
564.405,robot_1,EV_rotate_clockwise,EV_path_clear|EV_red_visible|EV_blue_visible,CLEAR
564.641,robot_1,EV_rotate_counterclockwise,EV_path_clear,CLEAR
564.773,robot_1,EV_approach_color,EV_path_clear,CLEAR
565.123,robot_1,EV_rotate_counterclockwise,EV_path_clear,CLEAR
565.262,robot_1,EV_rotate_counterclockwise,EV_path_clear,CLEAR
565.404,robot_1,EV_approach_color,EV_path_clear,CLEAR
565.709,robot_1,EV_move_backward,EV_path_clear|EV_red_visible|EV_blue_visible,CLEAR
566.010,robot_1,EV_rotate_counterclockwise,EV_path_clear,CLEAR
566.243,robot_1,EV_move_backward,EV_path_clear,CLEAR
566.559,robot_1,EV_approach_color,EV_path_clear,CLEAR
566.914,robot_1,EV_u_turn,EV_path_clear,CLEAR
570.713,robot_1,EV_rotate_counterclockwise,EV_path_clear|EV_red_visible|EV_blue_visible,CLEAR
570.939,robot_1,EV_rotate_counterclockwise,EV_path_clear,CLEAR
571.088,robot_1,EV_u_turn,EV_path_clear,CLEAR
571.158,robot_1,EV_rotate_counterclockwise,EV_path_clear,CLEAR
571.346,robot_1,EV_u_turn,EV_path_clear,CLEAR
571.447,robot_1,EV_approach_color,EV_path_clear,CLEAR
571.691,robot_1,EV_move_backward,EV_path_clear,CLEAR
571.979,robot_1,EV_move_forward,EV_path_clear,CLEAR
572.292,robot_1,EV_move_backward,EV_path_clear,CLEAR
572.614,robot_1,EV_move_forward,EV_path_clear,CLEAR
572.847,robot_1,EV_rotate_clockwise,EV_path_clear,CLEAR
573.073,robot_1,EV_move_backward,EV_path_clear|EV_red_visible,CLEAR
573.462,robot_1,EV_move_forward,EV_path_clear|EV_blue_visible,CLEAR
573.743,robot_1,EV_rotate_counterclockwise,EV_path_clear,CLEAR
574.028,robot_1,EV_rotate_clockwise,EV_path_clear,CLEAR
574.191,robot_1,EV_rotate_clockwise,EV_path_clear,CLEAR
574.334,robot_1,EV_approach_color,EV_path_clear,CLEAR
574.553,robot_1,EV_rotate_clockwise,EV_path_clear,CLEAR
574.714,robot_1,EV_move_backward,EV_path_clear,CLEAR
574.947,robot_1,EV_u_turn,EV_path_clear,CLEAR
578.774,robot_1,EV_move_forward,EV_path_clear|EV_red_visible|EV_blue_visible,CLEAR
579.139,robot_1,EV_rotate_counterclockwise,EV_path_clear,CLEAR
579.339,robot_1,EV_rotate_clockwise,EV_path_clear,CLEAR
579.444,robot_1,EV_u_turn,EV_path_clear,CLEAR
579.559,robot_1,EV_move_forward,EV_path_clear,CLEAR
579.786,robot_1,EV_rotate_counterclockwise,EV_path_clear,CLEAR
579.998,robot_1,EV_approach_color,EV_obstacle_left,LEFT
582.819,robot_1,EV_move_forward,EV_red_not_visible|EV_obstacle_left|EV_red_visible|EV_blue_visible,LEFT
583.260,robot_1,EV_u_turn,EV_obstacle_left,LEFT
587.136,robot_1,EV_rotate_counterclockwise,EV_red_not_visible|EV_path_clear|EV_blue_visible,CLEAR
587.338,robot_1,EV_approach_color,EV_red_not_visible|EV_obstacle_left,LEFT
587.619,robot_1,EV_move_forward,EV_obstacle_left|EV_blue_visible,LEFT
587.966,robot_1,EV_rotate_clockwise,EV_obstacle_left,LEFT
588.205,robot_1,EV_rotate_counterclockwise,EV_obstacle_left,LEFT
588.411,robot_1,EV_move_forward,EV_obstacle_left,LEFT
588.727,robot_1,EV_rotate_clockwise,EV_obstacle_left,LEFT
588.875,robot_1,EV_u_turn,EV_obstacle_left,LEFT
589.061,robot_1,EV_u_turn,EV_obstacle_left,LEFT
589.181,robot_1,EV_rotate_clockwise,EV_obstacle_left,LEFT
589.384,robot_1,EV_move_forward,EV_path_clear,CLEAR
589.629,robot_1,EV_approach_color,EV_red_not_visible|EV_path_clear,CLEAR
589.963,robot_1,EV_move_backward,EV_path_clear|EV_blue_visible,CLEAR
590.226,robot_1,EV_u_turn,EV_path_clear,CLEAR
593.997,robot_1,EV_move_backward,EV_red_not_visible|EV_path_clear|EV_blue_visible,CLEAR
594.373,robot_1,EV_move_backward,EV_path_clear,CLEAR
594.628,robot_1,EV_u_turn,EV_path_clear,CLEAR
594.770,robot_1,EV_approach_color,EV_path_clear,CLEAR
