success,duration_s,completed_robots,total_robots,completed_targets,total_targets,progress_pct
false,59.203,0,3,0,9,0.000
