elapsed_s,robot,selected_event,uncontrollable_events,raw_zone
0.159,robot_1,EV_move_forward,EV_path_clear,CLEAR
0.438,robot_1,EV_move_forward,EV_path_clear,CLEAR
0.648,robot_1,EV_move_backward,EV_path_clear,CLEAR
0.853,robot_1,EV_search_color,EV_path_clear,CLEAR
1.049,robot_1,EV_search_color,EV_path_clear,CLEAR
1.241,robot_1,EV_search_color,EV_path_clear,CLEAR
1.342,robot_1,EV_rotate_clockwise,EV_path_clear,CLEAR
1.450,robot_1,EV_move_backward,EV_path_clear,CLEAR
1.652,robot_1,EV_search_color,EV_path_clear,CLEAR
1.850,robot_1,EV_u_turn,EV_path_clear,CLEAR
5.244,robot_1,EV_move_forward,EV_blue_not_visible|EV_green_not_visible|EV_red_reached|EV_obstacle_left,LEFT
8.042,robot_1,EV_move_forward,EV_blue_visible|EV_path_clear|EV_red_visible|EV_green_visible,CLEAR
8.350,robot_1,EV_rotate_counterclockwise,EV_path_clear,CLEAR
8.540,robot_1,EV_u_turn,EV_blue_visible|EV_path_clear|EV_red_visible|EV_green_visible,CLEAR
12.141,robot_1,EV_move_backward,EV_blue_visible|EV_path_clear|EV_red_visible|EV_green_visible,CLEAR
12.446,robot_1,EV_move_forward,EV_path_clear,CLEAR
12.742,robot_1,EV_rotate_counterclockwise,EV_blue_not_visible|EV_path_clear|EV_red_visible|EV_green_visible,CLEAR
12.943,robot_1,EV_approach_color,EV_path_clear,CLEAR
13.144,robot_1,EV_approach_color,EV_blue_not_visible|EV_path_clear|EV_red_visible|EV_green_visible,CLEAR
13.351,robot_1,EV_rotate_counterclockwise,EV_path_clear,CLEAR
13.452,robot_1,EV_move_backward,EV_path_clear,CLEAR
13.741,robot_1,EV_rotate_counterclockwise,EV_blue_not_visible|EV_red_visible|EV_green_visible|EV_obstacle_right,RIGHT
13.942,robot_1,EV_move_forward,EV_obstacle_right,RIGHT
14.144,robot_1,EV_move_forward,EV_blue_not_visible|EV_path_clear|EV_red_visible|EV_green_visible,CLEAR
14.440,robot_1,EV_u_turn,EV_path_clear,CLEAR
18.245,robot_1,EV_search_color,EV_blue_not_visible|EV_path_clear|EV_green_not_visible|EV_red_reached,CLEAR
18.441,robot_1,EV_move_forward,EV_path_clear,CLEAR
18.646,robot_1,EV_search_color,EV_path_clear,CLEAR
18.853,robot_1,EV_rotate_clockwise,EV_blue_not_visible|EV_path_clear|EV_green_not_visible|EV_red_reached,CLEAR
19.045,robot_1,EV_move_backward,EV_path_clear,CLEAR
19.339,robot_1,EV_u_turn,EV_blue_not_visible|EV_path_clear|EV_green_not_visible|EV_red_not_visible,CLEAR
19.444,robot_1,EV_u_turn,EV_path_clear,CLEAR
19.550,robot_1,EV_rotate_clockwise,EV_path_clear,CLEAR
19.744,robot_1,EV_rotate_counterclockwise,EV_blue_not_visible|EV_path_clear|EV_green_not_visible|EV_red_reached,CLEAR
19.848,robot_1,EV_move_forward,EV_path_clear,CLEAR
20.151,robot_1,EV_move_forward,EV_path_clear,CLEAR
20.448,robot_1,EV_u_turn,EV_blue_not_visible|EV_path_clear|EV_green_not_visible|EV_red_not_visible,CLEAR
24.142,robot_1,EV_u_turn,EV_blue_visible|EV_path_clear|EV_green_not_visible|EV_red_not_visible,CLEAR
24.249,robot_1,EV_move_backward,EV_blue_visible|EV_path_clear|EV_red_visible|EV_green_visible,CLEAR
24.546,robot_1,EV_move_forward,EV_path_clear,CLEAR
24.751,robot_1,EV_rotate_clockwise,EV_blue_visible|EV_path_clear|EV_red_visible|EV_green_visible,CLEAR
24.938,robot_1,EV_u_turn,EV_path_clear,CLEAR
25.041,robot_1,EV_rotate_counterclockwise,EV_path_clear,CLEAR
25.144,robot_1,EV_rotate_counterclockwise,EV_path_clear,CLEAR
25.342,robot_1,EV_move_backward,EV_blue_visible|EV_path_clear|EV_red_visible|EV_green_visible,CLEAR
25.549,robot_1,EV_u_turn,EV_path_clear,CLEAR
25.642,robot_1,EV_rotate_counterclockwise,EV_path_clear,CLEAR
25.750,robot_1,EV_u_turn,EV_path_clear,CLEAR
25.841,robot_1,EV_rotate_counterclockwise,EV_blue_not_visible|EV_path_clear|EV_red_visible|EV_green_visible,CLEAR
26.043,robot_1,EV_move_backward,EV_path_clear,CLEAR
26.344,robot_1,EV_rotate_clockwise,EV_path_clear,CLEAR
26.542,robot_1,EV_move_forward,EV_blue_not_visible|EV_path_clear|EV_red_visible|EV_green_visible,CLEAR
26.849,robot_1,EV_approach_color,EV_blue_not_visible|EV_path_clear|EV_red_visible|EV_green_visible,CLEAR
27.139,robot_1,EV_move_forward,EV_path_clear,CLEAR
27.346,robot_1,EV_move_backward,EV_path_clear,CLEAR
27.643,robot_1,EV_rotate_counterclockwise,EV_blue_not_visible|EV_path_clear|EV_red_visible|EV_green_visible,CLEAR
27.845,robot_1,EV_move_backward,EV_path_clear,CLEAR
28.145,robot_1,EV_rotate_counterclockwise,EV_blue_not_visible|EV_path_clear|EV_red_visible|EV_green_visible,CLEAR
28.343,robot_1,EV_move_forward,EV_path_clear,CLEAR
28.546,robot_1,EV_move_forward,EV_blue_not_visible|EV_path_clear|EV_red_visible|EV_green_visible,CLEAR
28.849,robot_1,EV_approach_color,EV_path_clear,CLEAR
29.144,robot_1,EV_rotate_counterclockwise,EV_blue_not_visible|EV_path_clear|EV_red_visible|EV_green_visible,CLEAR
29.343,robot_1,EV_rotate_counterclockwise,EV_path_clear,CLEAR
29.447,robot_1,EV_rotate_counterclockwise,EV_path_clear,CLEAR
29.553,robot_1,EV_move_backward,EV_blue_not_visible|EV_path_clear|EV_green_visible|EV_red_reached,CLEAR
29.850,robot_1,EV_rotate_counterclockwise,EV_path_clear,CLEAR
30.039,robot_1,EV_move_backward,EV_path_clear,CLEAR
30.242,robot_1,EV_rotate_counterclockwise,EV_blue_not_visible|EV_path_clear|EV_red_visible|EV_green_visible,CLEAR
30.352,robot_1,EV_move_backward,EV_path_clear,CLEAR
30.642,robot_1,EV_rotate_clockwise,EV_blue_not_visible|EV_path_clear|EV_red_visible|EV_green_visible,CLEAR
30.842,robot_1,EV_rotate_counterclockwise,EV_path_clear,CLEAR
30.947,robot_1,EV_rotate_counterclockwise,EV_path_clear,CLEAR
31.051,robot_1,EV_approach_color,EV_path_clear,CLEAR
31.343,robot_1,EV_approach_color,EV_blue_not_visible|EV_path_clear|EV_red_visible|EV_green_visible,CLEAR
31.551,robot_1,EV_u_turn,EV_path_clear,CLEAR
35.351,robot_1,EV_rotate_counterclockwise,EV_blue_not_visible|EV_path_clear|EV_red_visible|EV_green_visible,CLEAR
35.542,robot_1,EV_move_forward,EV_blue_not_visible|EV_path_clear|EV_green_not_visible|EV_red_not_visible,CLEAR
35.743,robot_1,EV_rotate_counterclockwise,EV_path_clear,CLEAR
35.845,robot_1,EV_rotate_counterclockwise,EV_path_clear,CLEAR
36.043,robot_1,EV_search_color,EV_blue_not_visible|EV_path_clear|EV_green_not_visible|EV_red_not_visible,CLEAR
36.243,robot_1,EV_rotate_counterclockwise,EV_path_clear,CLEAR
36.349,robot_1,EV_search_color,EV_path_clear,CLEAR
36.542,robot_1,EV_rotate_counterclockwise,EV_blue_not_visible|EV_path_clear|EV_green_not_visible|EV_red_not_visible,CLEAR
36.644,robot_1,EV_search_color,EV_path_clear,CLEAR
39.448,robot_1,EV_move_backward,EV_blue_not_visible|EV_path_clear|EV_green_not_visible|EV_red_reached,CLEAR
39.741,robot_1,EV_rotate_clockwise,EV_blue_not_visible|EV_path_clear|EV_green_not_visible|EV_red_reached,CLEAR
39.947,robot_1,EV_u_turn,EV_path_clear,CLEAR
43.842,robot_1,EV_move_backward,EV_blue_not_visible|EV_path_clear|EV_green_not_visible|EV_red_reached,CLEAR
44.152,robot_1,EV_move_backward,EV_blue_visible|EV_path_clear|EV_green_not_visible|EV_red_reached,CLEAR
44.442,robot_1,EV_search_color,EV_path_clear,CLEAR
44.551,robot_1,EV_rotate_clockwise,EV_path_clear,CLEAR
44.746,robot_1,EV_search_color,EV_blue_visible|EV_path_clear|EV_green_not_visible|EV_red_reached,CLEAR
44.953,robot_1,EV_move_backward,EV_path_clear,CLEAR
45.240,robot_1,EV_move_forward,EV_blue_visible|EV_path_clear|EV_green_not_visible|EV_red_reached,CLEAR
45.544,robot_1,EV_rotate_counterclockwise,EV_path_clear,CLEAR
45.650,robot_1,EV_move_forward,EV_path_clear,CLEAR
45.940,robot_1,EV_move_backward,EV_blue_visible|EV_path_clear|EV_green_not_visible|EV_red_reached,CLEAR
46.257,robot_1,EV_search_color,EV_path_clear,CLEAR
46.454,robot_1,EV_rotate_counterclockwise,EV_blue_visible|EV_path_clear|EV_green_not_visible|EV_red_not_visible,CLEAR
46.642,robot_1,EV_rotate_counterclockwise,EV_path_clear,CLEAR
46.752,robot_1,EV_rotate_clockwise,EV_path_clear,CLEAR
49.540,robot_1,EV_move_forward,EV_blue_visible|EV_path_clear|EV_green_not_visible|EV_red_reached,CLEAR
49.840,robot_1,EV_u_turn,EV_path_clear,CLEAR
53.545,robot_1,EV_rotate_clockwise,EV_blue_visible|EV_path_clear|EV_green_not_visible|EV_red_reached,CLEAR
53.743,robot_1,EV_move_backward,EV_path_clear,CLEAR
53.948,robot_1,EV_rotate_counterclockwise,EV_blue_visible|EV_path_clear|EV_green_not_visible|EV_red_reached,CLEAR
54.141,robot_1,EV_move_forward,EV_path_clear,CLEAR
54.355,robot_1,EV_move_backward,EV_blue_visible|EV_path_clear|EV_green_not_visible|EV_red_not_visible,CLEAR
54.646,robot_1,EV_rotate_clockwise,EV_path_clear,CLEAR
54.844,robot_1,EV_u_turn,EV_path_clear,CLEAR
54.944,robot_1,EV_u_turn,EV_blue_visible|EV_path_clear|EV_green_not_visible|EV_red_not_visible,CLEAR
55.043,robot_1,EV_rotate_counterclockwise,EV_path_clear,CLEAR
55.245,robot_1,EV_rotate_counterclockwise,EV_path_clear,CLEAR
55.347,robot_1,EV_rotate_clockwise,EV_path_clear,CLEAR
58.147,robot_1,EV_move_forward,EV_blue_visible|EV_path_clear|EV_green_not_visible|EV_red_not_visible,CLEAR
58.439,robot_1,EV_move_backward,EV_path_clear,CLEAR
58.744,robot_1,EV_rotate_counterclockwise,EV_blue_visible|EV_path_clear|EV_green_not_visible|EV_red_not_visible,CLEAR
58.949,robot_1,EV_move_backward,EV_path_clear,CLEAR
59.241,robot_1,EV_search_color,EV_blue_visible|EV_path_clear|EV_green_not_visible|EV_red_not_visible,CLEAR
59.448,robot_1,EV_move_forward,EV_path_clear,CLEAR
59.745,robot_1,EV_u_turn,EV_blue_visible|EV_path_clear|EV_green_not_visible|EV_red_not_visible,CLEAR
63.542,robot_1,EV_rotate_counterclockwise,EV_blue_visible|EV_path_clear|EV_red_visible|EV_green_visible,CLEAR
63.739,robot_1,EV_u_turn,EV_blue_visible|EV_path_clear|EV_red_visible|EV_green_visible,CLEAR
63.842,robot_1,EV_u_turn,EV_path_clear,CLEAR
63.939,robot_1,EV_move_forward,EV_path_clear,CLEAR
64.144,robot_1,EV_rotate_clockwise,EV_path_clear,CLEAR
64.339,robot_1,EV_rotate_counterclockwise,EV_blue_visible|EV_path_clear|EV_red_visible|EV_green_visible,CLEAR
64.446,robot_1,EV_rotate_counterclockwise,EV_path_clear,CLEAR
64.550,robot_1,EV_approach_color,EV_path_clear,CLEAR
64.844,robot_1,EV_move_forward,EV_blue_not_visible|EV_path_clear|EV_red_visible|EV_green_visible,CLEAR
65.146,robot_1,EV_move_backward,EV_path_clear,CLEAR
65.446,robot_1,EV_move_backward,EV_blue_not_visible|EV_path_clear|EV_red_visible|EV_green_visible,CLEAR
65.651,robot_1,EV_rotate_clockwise,EV_path_clear,CLEAR
65.841,robot_1,EV_u_turn,EV_path_clear,CLEAR
69.640,robot_1,EV_rotate_clockwise,EV_blue_not_visible|EV_path_clear|EV_green_not_visible|EV_red_not_visible,CLEAR
69.742,robot_1,EV_u_turn,EV_path_clear,CLEAR
69.846,robot_1,EV_u_turn,EV_path_clear,CLEAR
69.943,robot_1,EV_rotate_clockwise,EV_path_clear,CLEAR
70.139,robot_1,EV_u_turn,EV_blue_not_visible|EV_path_clear|EV_green_not_visible|EV_red_not_visible,CLEAR
70.247,robot_1,EV_move_backward,EV_path_clear,CLEAR
70.544,robot_1,EV_u_turn,EV_blue_not_visible|EV_path_clear|EV_green_not_visible|EV_red_not_visible,CLEAR
70.640,robot_1,EV_search_color,EV_path_clear,CLEAR
70.743,robot_1,EV_u_turn,EV_path_clear,CLEAR
70.849,robot_1,EV_search_color,EV_path_clear,CLEAR
71.048,robot_1,EV_rotate_clockwise,EV_blue_not_visible|EV_path_clear|EV_green_not_visible|EV_red_not_visible,CLEAR
71.242,robot_1,EV_search_color,EV_path_clear,CLEAR
71.444,robot_1,EV_rotate_counterclockwise,EV_path_clear,CLEAR
71.548,robot_1,EV_move_backward,EV_path_clear,CLEAR
71.852,robot_1,EV_u_turn,EV_blue_not_visible|EV_path_clear|EV_green_not_visible|EV_red_not_visible,CLEAR
75.449,robot_1,EV_rotate_clockwise,EV_blue_visible|EV_path_clear|EV_green_not_visible|EV_red_reached,CLEAR
75.651,robot_1,EV_rotate_counterclockwise,EV_blue_visible|EV_path_clear|EV_green_not_visible|EV_red_reached,CLEAR
75.852,robot_1,EV_u_turn,EV_path_clear,CLEAR
75.943,robot_1,EV_u_turn,EV_path_clear,CLEAR
76.046,robot_1,EV_u_turn,EV_blue_visible|EV_path_clear|EV_green_not_visible|EV_red_reached,CLEAR
76.142,robot_1,EV_rotate_clockwise,EV_path_clear,CLEAR
76.245,robot_1,EV_move_forward,EV_path_clear,CLEAR
76.446,robot_1,EV_rotate_clockwise,EV_path_clear,CLEAR
76.643,robot_1,EV_move_backward,EV_blue_visible|EV_path_clear|EV_green_not_visible|EV_red_reached,CLEAR
76.940,robot_1,EV_u_turn,EV_path_clear,CLEAR
77.050,robot_1,EV_move_backward,EV_path_clear,CLEAR
77.344,robot_1,EV_move_forward,EV_blue_visible|EV_path_clear|EV_green_not_visible|EV_red_reached,CLEAR
77.549,robot_1,EV_rotate_counterclockwise,EV_path_clear,CLEAR
77.744,robot_1,EV_u_turn,EV_blue_visible|EV_path_clear|EV_green_not_visible|EV_red_not_visible,CLEAR
81.343,robot_1,EV_rotate_clockwise,EV_blue_not_visible|EV_path_clear|EV_red_visible|EV_green_visible,CLEAR
81.541,robot_1,EV_rotate_clockwise,EV_path_clear,CLEAR
81.642,robot_1,EV_approach_color,EV_path_clear,CLEAR
81.849,robot_1,EV_move_backward,EV_blue_not_visible|EV_path_clear|EV_red_visible|EV_green_visible,CLEAR
82.140,robot_1,EV_rotate_counterclockwise,EV_path_clear,CLEAR
82.240,robot_1,EV_rotate_clockwise,EV_path_clear,CLEAR
82.344,robot_1,EV_move_forward,EV_blue_not_visible|EV_path_clear|EV_green_not_visible|EV_red_not_visible,CLEAR
82.646,robot_1,EV_rotate_counterclockwise,EV_path_clear,CLEAR
82.750,robot_1,EV_search_color,EV_path_clear,CLEAR
82.945,robot_1,EV_search_color,EV_blue_not_visible|EV_path_clear|EV_green_not_visible|EV_red_not_visible,CLEAR
83.047,robot_1,EV_move_forward,EV_path_clear,CLEAR
83.342,robot_1,EV_rotate_counterclockwise,EV_blue_not_visible|EV_path_clear|EV_green_not_visible|EV_red_not_visible,CLEAR
86.043,robot_1,EV_search_color,EV_blue_not_visible|EV_path_clear|EV_green_not_visible|EV_red_not_visible,CLEAR
86.146,robot_1,EV_rotate_clockwise,EV_path_clear,CLEAR
86.347,robot_1,EV_move_backward,EV_path_clear,CLEAR
86.644,robot_1,EV_rotate_clockwise,EV_blue_not_visible|EV_path_clear|EV_green_not_visible|EV_red_not_visible,CLEAR
86.748,robot_1,EV_rotate_clockwise,EV_path_clear,CLEAR
86.945,robot_1,EV_search_color,EV_path_clear,CLEAR
87.146,robot_1,EV_rotate_counterclockwise,EV_blue_not_visible|EV_path_clear|EV_green_not_visible|EV_red_not_visible,CLEAR
87.346,robot_1,EV_move_forward,EV_path_clear,CLEAR
87.641,robot_1,EV_u_turn,EV_blue_not_visible|EV_path_clear|EV_green_not_visible|EV_red_not_visible,CLEAR
91.444,robot_1,EV_move_backward,EV_blue_visible|EV_path_clear|EV_red_visible|EV_green_visible,CLEAR
91.741,robot_1,EV_rotate_counterclockwise,EV_blue_visible|EV_path_clear|EV_red_visible|EV_green_visible,CLEAR
91.848,robot_1,EV_u_turn,EV_path_clear,CLEAR
91.939,robot_1,EV_rotate_clockwise,EV_path_clear,CLEAR
92.045,robot_1,EV_approach_color,EV_path_clear,CLEAR
92.342,robot_1,EV_rotate_counterclockwise,EV_blue_visible|EV_path_clear|EV_red_visible|EV_green_visible,CLEAR
92.541,robot_1,EV_move_forward,EV_path_clear,CLEAR
92.840,robot_1,EV_rotate_counterclockwise,EV_blue_visible|EV_path_clear|EV_red_visible|EV_green_visible,CLEAR
93.040,robot_1,EV_rotate_counterclockwise,EV_path_clear,CLEAR
93.238,robot_1,EV_approach_color,EV_path_clear,CLEAR
93.443,robot_1,EV_u_turn,EV_blue_not_visible|EV_path_clear|EV_red_visible|EV_green_visible,CLEAR
93.550,robot_1,EV_approach_color,EV_path_clear,CLEAR
93.842,robot_1,EV_rotate_clockwise,EV_path_clear,CLEAR
94.044,robot_1,EV_move_backward,EV_blue_not_visible|EV_green_visible|EV_red_reached|EV_obstacle_right,RIGHT
94.344,robot_1,EV_u_turn,EV_obstacle_right,RIGHT
98.154,robot_1,EV_move_forward,EV_blue_not_visible|EV_path_clear|EV_green_not_visible|EV_red_not_visible,CLEAR
98.446,robot_1,EV_rotate_clockwise,EV_path_clear,CLEAR
98.645,robot_1,EV_move_backward,EV_path_clear,CLEAR
98.954,robot_1,EV_search_color,EV_blue_not_visible|EV_path_clear|EV_green_not_visible|EV_red_not_visible,CLEAR
99.143,robot_1,EV_move_forward,EV_path_clear,CLEAR
99.346,robot_1,EV_move_backward,EV_blue_not_visible|EV_path_clear|EV_green_not_visible|EV_red_not_visible,CLEAR
99.548,robot_1,EV_move_backward,EV_path_clear,CLEAR
99.843,robot_1,EV_u_turn,EV_blue_not_visible|EV_path_clear|EV_green_not_visible|EV_red_not_visible,CLEAR
99.938,robot_1,EV_rotate_counterclockwise,EV_path_clear,CLEAR
100.045,robot_1,EV_rotate_clockwise,EV_path_clear,CLEAR
100.243,robot_1,EV_u_turn,EV_blue_not_visible|EV_path_clear|EV_green_not_visible|EV_red_not_visible,CLEAR
100.339,robot_1,EV_move_forward,EV_path_clear,CLEAR
100.547,robot_1,EV_rotate_clockwise,EV_path_clear,CLEAR
100.746,robot_1,EV_search_color,EV_blue_not_visible|EV_path_clear|EV_green_not_visible|EV_red_not_visible,CLEAR
100.941,robot_1,EV_u_turn,EV_path_clear,CLEAR
104.651,robot_1,EV_move_forward,EV_blue_visible|EV_path_clear|EV_green_not_visible|EV_red_not_visible,CLEAR
104.938,robot_1,EV_rotate_counterclockwise,EV_blue_visible|EV_path_clear|EV_green_not_visible|EV_red_not_visible,CLEAR
105.046,robot_1,EV_move_backward,EV_path_clear,CLEAR
105.338,robot_1,EV_rotate_clockwise,EV_path_clear,CLEAR
105.539,robot_1,EV_move_forward,EV_blue_visible|EV_path_clear|EV_green_not_visible|EV_red_not_visible,CLEAR
105.744,robot_1,EV_search_color,EV_path_clear,CLEAR
105.945,robot_1,EV_move_forward,EV_blue_visible|EV_path_clear|EV_green_not_visible|EV_red_not_visible,CLEAR
106.244,robot_1,EV_move_forward,EV_path_clear,CLEAR
106.446,robot_1,EV_search_color,EV_blue_visible|EV_path_clear|EV_green_not_visible|EV_red_reached,CLEAR
106.645,robot_1,EV_move_backward,EV_path_clear,CLEAR
106.938,robot_1,EV_rotate_counterclockwise,EV_path_clear,CLEAR
107.041,robot_1,EV_move_backward,EV_blue_visible|EV_path_clear|EV_green_not_visible|EV_red_reached,CLEAR
107.246,robot_1,EV_move_backward,EV_path_clear,CLEAR
107.542,robot_1,EV_search_color,EV_blue_visible|EV_path_clear|EV_green_not_visible|EV_red_not_visible,CLEAR
107.646,robot_1,EV_search_color,EV_path_clear,CLEAR
107.840,robot_1,EV_move_backward,EV_path_clear,CLEAR
108.043,robot_1,EV_move_backward,EV_path_clear,CLEAR
108.247,robot_1,EV_search_color,EV_blue_visible|EV_path_clear|EV_green_not_visible|EV_red_not_visible,CLEAR
108.444,robot_1,EV_u_turn,EV_path_clear,CLEAR
112.245,robot_1,EV_rotate_counterclockwise,EV_blue_visible|EV_path_clear|EV_red_visible|EV_green_visible,CLEAR
112.442,robot_1,EV_move_forward,EV_path_clear,CLEAR
112.649,robot_1,EV_rotate_clockwise,EV_path_clear,CLEAR
112.847,robot_1,EV_move_forward,EV_blue_not_visible|EV_path_clear|EV_red_visible|EV_green_visible,CLEAR
113.147,robot_1,EV_rotate_clockwise,EV_path_clear,CLEAR
113.252,robot_1,EV_approach_color,EV_path_clear|EV_red_visible|EV_green_visible,CLEAR
113.548,robot_1,EV_u_turn,EV_blue_not_visible|EV_path_clear,CLEAR
113.642,robot_1,EV_move_forward,EV_path_clear,CLEAR
113.942,robot_1,EV_move_backward,EV_blue_not_visible|EV_path_clear|EV_green_not_visible|EV_red_not_visible,CLEAR
114.245,robot_1,EV_search_color,EV_path_clear,CLEAR
114.350,robot_1,EV_rotate_counterclockwise,EV_path_clear,CLEAR
114.544,robot_1,EV_rotate_counterclockwise,EV_blue_not_visible|EV_path_clear|EV_green_not_visible|EV_red_not_visible,CLEAR
114.738,robot_1,EV_search_color,EV_path_clear,CLEAR
114.844,robot_1,EV_move_forward,EV_path_clear,CLEAR
115.143,robot_1,EV_move_backward,EV_blue_not_visible|EV_path_clear|EV_green_not_visible|EV_red_not_visible,CLEAR
115.439,robot_1,EV_move_backward,EV_path_clear,CLEAR
115.741,robot_1,EV_rotate_clockwise,EV_blue_not_visible|EV_path_clear|EV_green_not_visible|EV_red_not_visible,CLEAR
115.846,robot_1,EV_move_backward,EV_path_clear,CLEAR
116.050,robot_1,EV_rotate_counterclockwise,EV_blue_not_visible|EV_path_clear|EV_green_not_visible|EV_red_not_visible,CLEAR
116.241,robot_1,EV_move_backward,EV_path_clear,CLEAR
116.444,robot_1,EV_search_color,EV_path_clear,CLEAR
116.641,robot_1,EV_rotate_counterclockwise,EV_blue_not_visible|EV_path_clear|EV_green_not_visible|EV_red_not_visible,CLEAR
116.747,robot_1,EV_u_turn,EV_path_clear,CLEAR
120.543,robot_1,EV_move_backward,EV_blue_not_visible|EV_path_clear|EV_green_not_visible|EV_red_not_visible,CLEAR
120.842,robot_1,EV_rotate_clockwise,EV_blue_visible|EV_path_clear|EV_green_not_visible|EV_red_not_visible,CLEAR
121.040,robot_1,EV_rotate_clockwise,EV_path_clear,CLEAR
121.143,robot_1,EV_rotate_counterclockwise,EV_path_clear,CLEAR
121.344,robot_1,EV_move_forward,EV_blue_visible|EV_path_clear|EV_green_not_visible|EV_red_not_visible,CLEAR
121.641,robot_1,EV_rotate_clockwise,EV_path_clear,CLEAR
121.749,robot_1,EV_u_turn,EV_path_clear,CLEAR
121.846,robot_1,EV_rotate_counterclockwise,EV_blue_visible|EV_path_clear|EV_green_not_visible|EV_red_not_visible,CLEAR
122.042,robot_1,EV_move_forward,EV_path_clear,CLEAR
122.247,robot_1,EV_move_forward,EV_path_clear,CLEAR
122.542,robot_1,EV_u_turn,EV_blue_visible|EV_path_clear|EV_green_not_visible|EV_red_not_visible,CLEAR
122.647,robot_1,EV_move_forward,EV_path_clear,CLEAR
122.852,robot_1,EV_move_backward,EV_path_clear,CLEAR
123.142,robot_1,EV_rotate_clockwise,EV_blue_visible|EV_path_clear|EV_green_not_visible|EV_red_not_visible,CLEAR
123.243,robot_1,EV_rotate_counterclockwise,EV_path_clear,CLEAR
123.350,robot_1,EV_u_turn,EV_path_clear,CLEAR
127.149,robot_1,EV_rotate_counterclockwise,EV_blue_visible|EV_path_clear|EV_red_visible|EV_green_visible,CLEAR
127.343,robot_1,EV_rotate_clockwise,EV_blue_not_visible|EV_path_clear|EV_red_visible|EV_green_visible,CLEAR
127.539,robot_1,EV_rotate_clockwise,EV_path_clear,CLEAR
127.642,robot_1,EV_rotate_counterclockwise,EV_path_clear,CLEAR
127.853,robot_1,EV_move_backward,EV_blue_not_visible|EV_path_clear|EV_red_visible|EV_green_visible,CLEAR
128.146,robot_1,EV_move_backward,EV_path_clear,CLEAR
128.443,robot_1,EV_rotate_counterclockwise,EV_blue_not_visible|EV_path_clear|EV_red_visible|EV_green_visible,CLEAR
128.642,robot_1,EV_approach_color,EV_path_clear,CLEAR
128.844,robot_1,EV_u_turn,EV_blue_not_visible|EV_path_clear|EV_green_not_visible|EV_red_not_visible,CLEAR
128.947,robot_1,EV_u_turn,EV_path_clear,CLEAR
129.041,robot_1,EV_move_forward,EV_path_clear,CLEAR
129.255,robot_1,EV_search_color,EV_path_clear,CLEAR
129.444,robot_1,EV_move_forward,EV_blue_not_visible|EV_path_clear|EV_green_not_visible|EV_red_not_visible,CLEAR
129.742,robot_1,EV_move_backward,EV_path_clear,CLEAR
129.944,robot_1,EV_search_color,EV_blue_not_visible|EV_path_clear|EV_green_not_visible|EV_red_not_visible,CLEAR
130.045,robot_1,EV_search_color,EV_path_clear,CLEAR
130.244,robot_1,EV_move_forward,EV_path_clear,CLEAR
130.544,robot_1,EV_move_forward,EV_blue_not_visible|EV_path_clear|EV_green_not_visible|EV_red_not_visible,CLEAR
130.852,robot_1,EV_rotate_clockwise,EV_path_clear,CLEAR
131.043,robot_1,EV_move_backward,EV_blue_not_visible|EV_path_clear|EV_green_not_visible|EV_red_not_visible,CLEAR
131.342,robot_1,EV_move_forward,EV_path_clear,CLEAR
131.547,robot_1,EV_search_color,EV_blue_not_visible|EV_path_clear|EV_green_not_visible|EV_red_not_visible,CLEAR
131.744,robot_1,EV_rotate_clockwise,EV_path_clear,CLEAR
131.849,robot_1,EV_rotate_counterclockwise,EV_path_clear,CLEAR
132.044,robot_1,EV_move_backward,EV_blue_not_visible|EV_path_clear|EV_green_not_visible|EV_red_not_visible,CLEAR
132.342,robot_1,EV_rotate_counterclockwise,EV_path_clear,CLEAR
132.443,robot_1,EV_move_forward,EV_path_clear,CLEAR
132.742,robot_1,EV_search_color,EV_blue_not_visible|EV_path_clear|EV_green_not_visible|EV_red_not_visible,CLEAR
132.950,robot_1,EV_rotate_counterclockwise,EV_path_clear,CLEAR
133.143,robot_1,EV_rotate_counterclockwise,EV_blue_not_visible|EV_path_clear|EV_green_not_visible|EV_red_not_visible,CLEAR
133.340,robot_1,EV_rotate_clockwise,EV_path_clear,CLEAR
136.243,robot_1,EV_rotate_clockwise,EV_blue_not_visible|EV_path_clear|EV_red_visible|EV_green_visible,CLEAR
136.442,robot_1,EV_rotate_counterclockwise,EV_path_clear,CLEAR
136.555,robot_1,EV_u_turn,EV_path_clear,CLEAR
140.349,robot_1,EV_move_forward,EV_blue_not_visible|EV_path_clear|EV_red_visible|EV_green_visible,CLEAR
140.647,robot_1,EV_move_forward,EV_path_clear,CLEAR
140.848,robot_1,EV_approach_color,EV_path_clear,CLEAR
141.141,robot_1,EV_approach_color,EV_blue_not_visible|EV_path_clear|EV_red_visible|EV_green_visible,CLEAR
141.442,robot_1,EV_move_forward,EV_path_clear,CLEAR
141.645,robot_1,EV_u_turn,EV_blue_not_visible|EV_path_clear|EV_red_not_visible|EV_green_visible,CLEAR
141.743,robot_1,EV_approach_color,EV_path_clear,CLEAR
141.946,robot_1,EV_move_forward,EV_path_clear,CLEAR
142.245,robot_1,EV_rotate_clockwise,EV_blue_not_visible|EV_path_clear|EV_green_not_visible|EV_red_not_visible,CLEAR
142.352,robot_1,EV_move_backward,EV_path_clear,CLEAR
142.639,robot_1,EV_move_forward,EV_blue_not_visible|EV_path_clear|EV_green_not_visible|EV_red_not_visible,CLEAR
142.844,robot_1,EV_rotate_counterclockwise,EV_path_clear,CLEAR
142.955,robot_1,EV_move_forward,EV_path_clear,CLEAR
143.241,robot_1,EV_rotate_counterclockwise,EV_blue_not_visible|EV_path_clear|EV_green_not_visible|EV_red_not_visible,CLEAR
143.440,robot_1,EV_u_turn,EV_path_clear,CLEAR
147.048,robot_1,EV_rotate_counterclockwise,EV_blue_not_visible|EV_path_clear|EV_green_not_visible|EV_red_not_visible,CLEAR
147.242,robot_1,EV_rotate_counterclockwise,EV_blue_not_visible|EV_path_clear|EV_green_not_visible|EV_red_not_visible,CLEAR
147.443,robot_1,EV_rotate_clockwise,EV_path_clear,CLEAR
147.550,robot_1,EV_move_backward,EV_path_clear,CLEAR
147.841,robot_1,EV_rotate_clockwise,EV_blue_visible|EV_path_clear|EV_green_not_visible|EV_red_not_visible,CLEAR
148.052,robot_1,EV_rotate_counterclockwise,EV_path_clear,CLEAR
148.153,robot_1,EV_search_color,EV_path_clear,CLEAR
148.346,robot_1,EV_u_turn,EV_blue_visible|EV_path_clear|EV_green_not_visible|EV_red_not_visible,CLEAR
148.439,robot_1,EV_rotate_counterclockwise,EV_path_clear,CLEAR
148.551,robot_1,EV_u_turn,EV_path_clear,CLEAR
148.651,robot_1,EV_search_color,EV_path_clear,CLEAR
151.360,robot_1,EV_search_color,EV_blue_visible|EV_green_not_visible|EV_red_not_visible|EV_obstacle_right,RIGHT
151.544,robot_1,EV_rotate_counterclockwise,EV_blue_visible|EV_green_not_visible|EV_red_not_visible|EV_obstacle_right,RIGHT
151.750,robot_1,EV_rotate_counterclockwise,EV_obstacle_right,RIGHT
151.942,robot_1,EV_rotate_counterclockwise,EV_obstacle_right,RIGHT
152.047,robot_1,EV_move_backward,EV_blue_visible|EV_path_clear|EV_green_not_visible|EV_red_not_visible,CLEAR
152.347,robot_1,EV_move_backward,EV_path_clear,CLEAR
152.553,robot_1,EV_rotate_counterclockwise,EV_blue_not_visible|EV_green_not_visible|EV_red_not_visible|EV_obstacle_right,RIGHT
152.747,robot_1,EV_search_color,EV_obstacle_right,RIGHT
152.947,robot_1,EV_rotate_clockwise,EV_obstacle_right,RIGHT
153.144,robot_1,EV_u_turn,EV_blue_not_visible|EV_green_not_visible|EV_red_not_visible|EV_obstacle_right,RIGHT
156.947,robot_1,EV_u_turn,EV_blue_visible|EV_path_clear|EV_red_visible|EV_green_visible,CLEAR
157.047,robot_1,EV_approach_color,EV_path_clear,CLEAR
157.340,robot_1,EV_move_backward,EV_path_clear,CLEAR
157.551,robot_1,EV_move_forward,EV_blue_visible|EV_path_clear|EV_red_visible|EV_green_visible,CLEAR
157.846,robot_1,EV_rotate_counterclockwise,EV_path_clear,CLEAR
158.041,robot_1,EV_move_forward,EV_blue_visible|EV_path_clear|EV_red_visible|EV_green_visible,CLEAR
158.349,robot_1,EV_approach_color,EV_path_clear,CLEAR
158.646,robot_1,EV_rotate_counterclockwise,EV_blue_not_visible|EV_path_clear|EV_red_visible|EV_green_visible,CLEAR
158.842,robot_1,EV_rotate_counterclockwise,EV_path_clear,CLEAR
158.946,robot_1,EV_u_turn,EV_path_clear,CLEAR
159.047,robot_1,EV_approach_color,EV_blue_not_visible|EV_path_clear|EV_red_visible|EV_green_visible,CLEAR
159.352,robot_1,EV_u_turn,EV_path_clear,CLEAR
163.244,robot_1,EV_rotate_clockwise,EV_blue_not_visible|EV_path_clear|EV_green_not_visible|EV_red_not_visible,CLEAR
163.439,robot_1,EV_u_turn,EV_path_clear,CLEAR
163.547,robot_1,EV_search_color,EV_path_clear,CLEAR
163.740,robot_1,EV_move_backward,EV_blue_not_visible|EV_path_clear|EV_green_not_visible|EV_red_not_visible,CLEAR
163.943,robot_1,EV_move_forward,EV_path_clear,CLEAR
164.238,robot_1,EV_move_forward,EV_blue_not_visible|EV_path_clear|EV_green_not_visible|EV_red_not_visible,CLEAR
164.443,robot_1,EV_rotate_counterclockwise,EV_path_clear,CLEAR
164.544,robot_1,EV_move_backward,EV_path_clear,CLEAR
164.756,robot_1,EV_move_backward,EV_blue_not_visible|EV_path_clear|EV_green_not_visible|EV_red_not_visible,CLEAR
165.047,robot_1,EV_move_forward,EV_path_clear,CLEAR
165.247,robot_1,EV_move_forward,EV_blue_not_visible|EV_path_clear|EV_green_not_visible|EV_red_not_visible,CLEAR
165.560,robot_1,EV_move_forward,EV_path_clear,CLEAR
165.847,robot_1,EV_rotate_clockwise,EV_blue_not_visible|EV_path_clear|EV_green_not_visible|EV_red_not_visible,CLEAR
166.038,robot_1,EV_u_turn,EV_path_clear,CLEAR
169.847,robot_1,EV_rotate_clockwise,EV_blue_visible|EV_path_clear|EV_green_not_visible|EV_red_not_visible,CLEAR
169.959,robot_1,EV_rotate_clockwise,EV_blue_visible|EV_path_clear|EV_green_not_visible|EV_red_visible,CLEAR
170.146,robot_1,EV_move_forward,EV_path_clear,CLEAR
170.446,robot_1,EV_u_turn,EV_blue_visible|EV_path_clear|EV_red_visible|EV_green_visible,CLEAR
170.538,robot_1,EV_move_backward,EV_path_clear,CLEAR
170.744,robot_1,EV_approach_color,EV_path_clear,CLEAR
170.954,robot_1,EV_move_forward,EV_path_clear,CLEAR
171.244,robot_1,EV_u_turn,EV_blue_visible|EV_path_clear|EV_red_visible|EV_green_visible,CLEAR
171.341,robot_1,EV_rotate_counterclockwise,EV_path_clear,CLEAR
171.443,robot_1,EV_u_turn,EV_path_clear,CLEAR
171.539,robot_1,EV_approach_color,EV_blue_visible|EV_path_clear|EV_red_visible|EV_green_visible,CLEAR
171.842,robot_1,EV_rotate_counterclockwise,EV_path_clear,CLEAR
171.948,robot_1,EV_rotate_counterclockwise,EV_path_clear|EV_red_visible,CLEAR
172.144,robot_1,EV_rotate_counterclockwise,EV_blue_visible|EV_path_clear|EV_green_visible,CLEAR
172.346,robot_1,EV_approach_color,EV_path_clear,CLEAR
172.643,robot_1,EV_rotate_clockwise,EV_blue_visible|EV_green_visible|EV_red_reached|EV_obstacle_right,RIGHT
172.844,robot_1,EV_approach_color,EV_obstacle_right,RIGHT
172.945,robot_1,EV_move_forward,EV_obstacle_right,RIGHT
173.246,robot_1,EV_move_backward,EV_blue_visible|EV_path_clear|EV_green_visible|EV_red_reached,CLEAR
173.544,robot_1,EV_move_forward,EV_path_clear,CLEAR
173.845,robot_1,EV_rotate_clockwise,EV_blue_visible|EV_path_clear|EV_green_visible|EV_red_reached,CLEAR
174.038,robot_1,EV_u_turn,EV_path_clear,CLEAR
177.848,robot_1,EV_move_forward,EV_blue_not_visible|EV_path_clear|EV_green_not_visible|EV_red_reached,CLEAR
178.145,robot_1,EV_rotate_clockwise,EV_blue_not_visible|EV_path_clear|EV_green_not_visible|EV_red_reached,CLEAR
178.346,robot_1,EV_move_backward,EV_path_clear,CLEAR
178.641,robot_1,EV_search_color,EV_blue_not_visible|EV_path_clear|EV_green_not_visible|EV_red_reached,CLEAR
178.747,robot_1,EV_move_forward,EV_path_clear,CLEAR
179.041,robot_1,EV_move_backward,EV_blue_not_visible|EV_path_clear|EV_green_not_visible|EV_red_reached,CLEAR
179.245,robot_1,EV_rotate_counterclockwise,EV_path_clear,CLEAR
179.441,robot_1,EV_rotate_clockwise,EV_path_clear|EV_red_reached,CLEAR
179.643,robot_1,EV_rotate_counterclockwise,EV_blue_not_visible|EV_path_clear|EV_green_not_visible,CLEAR
179.846,robot_1,EV_rotate_counterclockwise,EV_path_clear,CLEAR
180.046,robot_1,EV_u_turn,EV_blue_not_visible|EV_path_clear|EV_green_not_visible|EV_red_reached,CLEAR
183.548,robot_1,EV_approach_color,EV_blue_visible|EV_green_visible|EV_red_reached|EV_obstacle_right,RIGHT
186.243,robot_1,EV_move_backward,EV_blue_not_visible|EV_path_clear|EV_red_not_visible|EV_green_visible,CLEAR
186.447,robot_1,EV_rotate_clockwise,EV_path_clear,CLEAR
186.645,robot_1,EV_move_forward,EV_path_clear,CLEAR
186.848,robot_1,EV_move_forward,EV_blue_not_visible|EV_path_clear|EV_red_not_visible|EV_green_visible,CLEAR
187.144,robot_1,EV_move_forward,EV_path_clear,CLEAR
187.345,robot_1,EV_u_turn,EV_blue_not_visible|EV_path_clear|EV_red_not_visible|EV_green_visible,CLEAR
191.144,robot_1,EV_search_color,EV_blue_not_visible|EV_path_clear|EV_green_not_visible|EV_red_not_visible,CLEAR
191.245,robot_1,EV_u_turn,EV_path_clear,CLEAR
191.338,robot_1,EV_rotate_counterclockwise,EV_path_clear,CLEAR
191.447,robot_1,EV_u_turn,EV_blue_visible|EV_path_clear|EV_green_not_visible|EV_red_not_visible,CLEAR
191.547,robot_1,EV_search_color,EV_path_clear,CLEAR
191.747,robot_1,EV_rotate_clockwise,EV_path_clear,CLEAR
191.849,robot_1,EV_rotate_clockwise,EV_path_clear,CLEAR
192.043,robot_1,EV_rotate_counterclockwise,EV_blue_visible|EV_path_clear|EV_green_not_visible|EV_red_visible,CLEAR
192.256,robot_1,EV_rotate_counterclockwise,EV_path_clear,CLEAR
192.440,robot_1,EV_move_forward,EV_path_clear,CLEAR
192.646,robot_1,EV_move_forward,EV_blue_visible|EV_path_clear|EV_green_not_visible|EV_red_visible,CLEAR
192.941,robot_1,EV_rotate_clockwise,EV_blue_visible|EV_path_clear|EV_green_not_visible|EV_red_visible,CLEAR
195.848,robot_1,EV_search_color,EV_blue_visible|EV_path_clear|EV_green_not_visible|EV_red_not_visible,CLEAR
196.044,robot_1,EV_rotate_counterclockwise,EV_path_clear,CLEAR
196.241,robot_1,EV_rotate_clockwise,EV_blue_visible|EV_path_clear|EV_green_not_visible|EV_red_not_visible,CLEAR
196.344,robot_1,EV_search_color,EV_path_clear,CLEAR
196.445,robot_1,EV_rotate_clockwise,EV_path_clear,CLEAR
196.648,robot_1,EV_rotate_counterclockwise,EV_path_clear,CLEAR
196.840,robot_1,EV_rotate_clockwise,EV_blue_not_visible|EV_path_clear|EV_green_not_visible|EV_red_not_visible,CLEAR
196.952,robot_1,EV_search_color,EV_path_clear,CLEAR
197.143,robot_1,EV_move_backward,EV_obstacle_left,LEFT
197.346,robot_1,EV_move_backward,EV_blue_not_visible|EV_green_not_visible|EV_red_not_visible|EV_obstacle_left,LEFT
197.640,robot_1,EV_rotate_clockwise,EV_obstacle_left,LEFT
197.741,robot_1,EV_move_backward,EV_blue_not_visible|EV_path_clear|EV_green_not_visible|EV_red_not_visible,CLEAR
197.941,robot_1,EV_search_color,EV_path_clear,CLEAR
198.056,robot_1,EV_u_turn,EV_path_clear,CLEAR
201.938,robot_1,EV_search_color,EV_blue_not_visible|EV_path_clear|EV_green_not_visible|EV_red_not_visible,CLEAR
202.039,robot_1,EV_move_forward,EV_path_clear,CLEAR
202.248,robot_1,EV_move_backward,EV_path_clear,CLEAR
202.539,robot_1,EV_rotate_clockwise,EV_blue_visible|EV_path_clear|EV_green_not_visible|EV_red_not_visible,CLEAR
202.647,robot_1,EV_u_turn,EV_path_clear,CLEAR
202.752,robot_1,EV_rotate_clockwise,EV_path_clear,CLEAR
202.944,robot_1,EV_search_color,EV_blue_visible|EV_path_clear|EV_green_not_visible|EV_red_not_visible,CLEAR
203.141,robot_1,EV_rotate_counterclockwise,EV_path_clear,CLEAR
203.242,robot_1,EV_rotate_counterclockwise,EV_path_clear,CLEAR
203.446,robot_1,EV_u_turn,EV_blue_visible|EV_path_clear|EV_green_not_visible|EV_red_not_visible,CLEAR
203.544,robot_1,EV_move_backward,EV_path_clear,CLEAR
203.758,robot_1,EV_rotate_clockwise,EV_path_clear,CLEAR
203.942,robot_1,EV_move_forward,EV_path_clear|EV_green_not_visible|EV_red_not_visible,CLEAR
204.148,robot_1,EV_search_color,EV_blue_visible|EV_path_clear,CLEAR
204.346,robot_1,EV_u_turn,EV_path_clear,CLEAR
208.141,robot_1,EV_rotate_clockwise,EV_blue_visible|EV_path_clear|EV_red_visible|EV_green_visible,CLEAR
208.340,robot_1,EV_move_forward,EV_path_clear,CLEAR
208.548,robot_1,EV_move_forward,EV_path_clear,CLEAR
208.850,robot_1,EV_approach_color,EV_blue_visible|EV_path_clear|EV_red_visible|EV_green_visible,CLEAR
209.142,robot_1,EV_u_turn,EV_path_clear,CLEAR
209.245,robot_1,EV_move_forward,EV_blue_not_visible|EV_path_clear|EV_red_visible|EV_green_visible,CLEAR
209.450,robot_1,EV_move_forward,EV_path_clear,CLEAR
209.739,robot_1,EV_move_backward,EV_blue_not_visible|EV_path_clear|EV_red_visible|EV_green_visible,CLEAR
210.045,robot_1,EV_rotate_counterclockwise,EV_path_clear,CLEAR
210.240,robot_1,EV_rotate_counterclockwise,EV_blue_not_visible|EV_path_clear|EV_green_visible|EV_red_reached,CLEAR
210.346,robot_1,EV_approach_color,EV_path_clear,CLEAR
210.549,robot_1,EV_move_forward,EV_path_clear,CLEAR
210.842,robot_1,EV_move_backward,EV_blue_not_visible|EV_path_clear|EV_green_visible|EV_red_reached,CLEAR
211.148,robot_1,EV_approach_color,EV_path_clear,CLEAR
211.448,robot_1,EV_rotate_clockwise,EV_blue_not_visible|EV_path_clear|EV_green_visible|EV_red_reached,CLEAR
211.643,robot_1,EV_move_forward,EV_path_clear,CLEAR
211.941,robot_1,EV_rotate_clockwise,EV_blue_not_visible|EV_path_clear|EV_green_visible|EV_red_reached,CLEAR
212.148,robot_1,EV_rotate_counterclockwise,EV_path_clear,CLEAR
212.347,robot_1,EV_approach_color,EV_path_clear,CLEAR
212.646,robot_1,EV_u_turn,EV_blue_not_visible|EV_path_clear|EV_green_visible|EV_red_reached,CLEAR
216.541,robot_1,EV_rotate_counterclockwise,EV_blue_not_visible|EV_path_clear|EV_green_not_visible|EV_red_reached,CLEAR
216.747,robot_1,EV_rotate_counterclockwise,EV_path_clear,CLEAR
216.939,robot_1,EV_move_backward,EV_blue_not_visible|EV_path_clear|EV_green_not_visible|EV_red_reached,CLEAR
217.240,robot_1,EV_move_backward,EV_path_clear,CLEAR
217.443,robot_1,EV_search_color,EV_path_clear,CLEAR
217.545,robot_1,EV_move_forward,EV_blue_not_visible|EV_path_clear|EV_green_not_visible|EV_red_reached,CLEAR
217.839,robot_1,EV_rotate_clockwise,EV_path_clear,CLEAR
218.043,robot_1,EV_move_backward,EV_blue_not_visible|EV_path_clear|EV_green_not_visible|EV_red_reached,CLEAR
218.338,robot_1,EV_u_turn,EV_path_clear,CLEAR
218.458,robot_1,EV_rotate_counterclockwise,EV_path_clear,CLEAR
218.647,robot_1,EV_move_backward,EV_blue_not_visible|EV_path_clear|EV_green_not_visible|EV_red_reached,CLEAR
218.851,robot_1,EV_move_backward,EV_path_clear,CLEAR
219.144,robot_1,EV_rotate_clockwise,EV_blue_not_visible|EV_path_clear|EV_green_not_visible|EV_red_reached,CLEAR
219.342,robot_1,EV_u_turn,EV_path_clear,CLEAR
223.146,robot_1,EV_move_backward,EV_blue_visible|EV_green_not_visible|EV_red_reached|EV_obstacle_left,LEFT
225.951,robot_1,EV_move_backward,EV_blue_visible|EV_path_clear|EV_green_visible|EV_red_reached,CLEAR
226.242,robot_1,EV_approach_color,EV_path_clear,CLEAR
226.463,robot_1,EV_rotate_counterclockwise,EV_blue_visible|EV_path_clear|EV_green_visible|EV_red_reached,CLEAR
226.641,robot_1,EV_move_forward,EV_path_clear,CLEAR
226.847,robot_1,EV_move_forward,EV_path_clear,CLEAR
227.139,robot_1,EV_u_turn,EV_blue_visible|EV_path_clear|EV_green_not_visible|EV_red_reached,CLEAR
230.844,robot_1,EV_approach_color,EV_blue_visible|EV_green_visible|EV_red_reached|EV_obstacle_right,RIGHT
230.955,robot_1,EV_rotate_clockwise,EV_obstacle_right,RIGHT
231.142,robot_1,EV_move_backward,EV_blue_not_visible|EV_path_clear|EV_green_visible|EV_red_reached,CLEAR
231.445,robot_1,EV_u_turn,EV_path_clear,CLEAR
231.554,robot_1,EV_u_turn,EV_path_clear,CLEAR
231.644,robot_1,EV_approach_color,EV_blue_not_visible|EV_path_clear|EV_green_visible|EV_red_reached,CLEAR
231.959,robot_1,EV_approach_color,EV_path_clear,CLEAR
232.247,robot_1,EV_u_turn,EV_blue_not_visible|EV_path_clear|EV_green_visible|EV_red_reached,CLEAR
232.340,robot_1,EV_u_turn,EV_path_clear,CLEAR
232.441,robot_1,EV_u_turn,EV_path_clear,CLEAR
232.551,robot_1,EV_move_backward,EV_path_clear,CLEAR
232.843,robot_1,EV_rotate_counterclockwise,EV_blue_not_visible|EV_path_clear|EV_green_visible|EV_red_reached,CLEAR
233.050,robot_1,EV_rotate_counterclockwise,EV_path_clear,CLEAR
233.242,robot_1,EV_rotate_counterclockwise,EV_blue_not_visible|EV_path_clear|EV_green_visible|EV_red_reached,CLEAR
233.440,robot_1,EV_move_forward,EV_path_clear,CLEAR
233.642,robot_1,EV_move_forward,EV_path_clear,CLEAR
233.847,robot_1,EV_u_turn,EV_blue_not_visible|EV_path_clear|EV_green_visible|EV_red_reached,CLEAR
237.552,robot_1,EV_rotate_clockwise,EV_blue_not_visible|EV_path_clear|EV_green_not_visible|EV_red_reached,CLEAR
237.745,robot_1,EV_move_forward,EV_path_clear,CLEAR
238.045,robot_1,EV_search_color,EV_blue_not_visible|EV_path_clear|EV_green_not_visible|EV_red_reached,CLEAR
238.240,robot_1,EV_rotate_counterclockwise,EV_blue_visible|EV_path_clear|EV_green_not_visible|EV_red_reached,CLEAR
238.441,robot_1,EV_move_backward,EV_path_clear,CLEAR
238.738,robot_1,EV_rotate_clockwise,EV_path_clear,CLEAR
238.846,robot_1,EV_search_color,EV_blue_visible|EV_path_clear|EV_green_not_visible|EV_red_reached,CLEAR
239.039,robot_1,EV_u_turn,EV_path_clear,CLEAR
239.148,robot_1,EV_u_turn,EV_path_clear,CLEAR
239.247,robot_1,EV_u_turn,EV_path_clear|EV_green_not_visible|EV_red_reached,CLEAR
239.353,robot_1,EV_rotate_counterclockwise,EV_blue_visible|EV_path_clear,CLEAR
239.546,robot_1,EV_move_backward,EV_path_clear,CLEAR
239.749,robot_1,EV_rotate_counterclockwise,EV_blue_visible|EV_path_clear|EV_green_not_visible|EV_red_reached,CLEAR
239.939,robot_1,EV_move_forward,EV_path_clear,CLEAR
240.147,robot_1,EV_move_forward,EV_path_clear,CLEAR
240.447,robot_1,EV_move_forward,EV_blue_visible|EV_path_clear|EV_green_not_visible|EV_red_reached,CLEAR
240.741,robot_1,EV_move_forward,EV_path_clear,CLEAR
241.055,robot_1,EV_move_forward,EV_blue_not_visible|EV_path_clear|EV_green_not_visible|EV_red_reached,CLEAR
241.342,robot_1,EV_rotate_clockwise,EV_path_clear,CLEAR
241.544,robot_1,EV_move_backward,EV_blue_not_visible|EV_path_clear|EV_green_not_visible|EV_red_reached,CLEAR
241.842,robot_1,EV_rotate_clockwise,EV_path_clear,CLEAR
241.944,robot_1,EV_rotate_clockwise,EV_path_clear,CLEAR
242.045,robot_1,EV_rotate_clockwise,EV_blue_not_visible|EV_path_clear|EV_green_not_visible|EV_red_reached,CLEAR
242.239,robot_1,EV_rotate_clockwise,EV_path_clear,CLEAR
242.349,robot_1,EV_move_forward,EV_path_clear,CLEAR
242.639,robot_1,EV_u_turn,EV_blue_not_visible|EV_path_clear|EV_green_not_visible|EV_red_reached,CLEAR
246.441,robot_1,EV_search_color,EV_blue_visible|EV_green_not_visible|EV_red_reached|EV_obstacle_right,RIGHT
249.240,robot_1,EV_rotate_clockwise,EV_blue_not_visible|EV_path_clear|EV_green_visible|EV_red_reached,CLEAR
249.356,robot_1,EV_approach_color,EV_blue_not_visible|EV_path_clear|EV_green_visible,CLEAR
249.655,robot_1,EV_rotate_clockwise,EV_path_clear,CLEAR
249.850,robot_1,EV_rotate_counterclockwise,EV_blue_not_visible|EV_path_clear|EV_red_not_visible|EV_green_visible,CLEAR
250.046,robot_1,EV_move_forward,EV_path_clear,CLEAR
250.252,robot_1,EV_move_forward,EV_path_clear,CLEAR
250.542,robot_1,EV_move_forward,EV_blue_not_visible|EV_path_clear|EV_red_not_visible|EV_green_visible,CLEAR
250.749,robot_1,EV_move_backward,EV_path_clear,CLEAR
251.043,robot_1,EV_move_backward,EV_blue_not_visible|EV_path_clear|EV_green_not_visible|EV_red_not_visible,CLEAR
251.246,robot_1,EV_rotate_clockwise,EV_path_clear,CLEAR
251.440,robot_1,EV_move_forward,EV_blue_not_visible|EV_path_clear|EV_green_not_visible|EV_red_not_visible,CLEAR
251.650,robot_1,EV_rotate_clockwise,EV_path_clear,CLEAR
251.757,robot_1,EV_search_color,EV_path_clear,CLEAR
251.947,robot_1,EV_u_turn,EV_blue_not_visible|EV_path_clear|EV_green_not_visible|EV_red_not_visible,CLEAR
255.742,robot_1,EV_move_backward,EV_blue_not_visible|EV_path_clear|EV_green_not_visible|EV_red_not_visible,CLEAR
256.048,robot_1,EV_u_turn,EV_path_clear,CLEAR
256.146,robot_1,EV_u_turn,EV_blue_not_visible|EV_path_clear|EV_green_not_visible|EV_red_not_visible,CLEAR
256.240,robot_1,EV_rotate_counterclockwise,EV_path_clear,CLEAR
256.348,robot_1,EV_u_turn,EV_path_clear,CLEAR
256.440,robot_1,EV_search_color,EV_path_clear,CLEAR
256.543,robot_1,EV_u_turn,EV_blue_visible|EV_path_clear|EV_green_not_visible|EV_red_not_visible,CLEAR
256.645,robot_1,EV_rotate_clockwise,EV_path_clear,CLEAR
256.843,robot_1,EV_move_backward,EV_path_clear,CLEAR
257.138,robot_1,EV_rotate_clockwise,EV_blue_visible|EV_path_clear|EV_green_not_visible|EV_red_not_visible,CLEAR
257.344,robot_1,EV_rotate_counterclockwise,EV_path_clear,CLEAR
257.450,robot_1,EV_u_turn,EV_path_clear,CLEAR
257.538,robot_1,EV_u_turn,EV_path_clear,CLEAR
257.646,robot_1,EV_move_forward,EV_blue_visible|EV_path_clear|EV_green_not_visible|EV_red_not_visible,CLEAR
257.943,robot_1,EV_move_forward,EV_path_clear,CLEAR
258.246,robot_1,EV_rotate_clockwise,EV_blue_visible|EV_path_clear|EV_green_not_visible|EV_red_not_visible,CLEAR
258.353,robot_1,EV_move_backward,EV_path_clear,CLEAR
258.645,robot_1,EV_rotate_counterclockwise,EV_blue_visible|EV_path_clear|EV_green_not_visible|EV_red_not_visible,CLEAR
261.442,robot_1,EV_move_backward,EV_blue_visible|EV_path_clear|EV_green_not_visible|EV_red_visible,CLEAR
261.745,robot_1,EV_rotate_counterclockwise,EV_blue_visible|EV_path_clear|EV_green_not_visible|EV_red_visible,CLEAR
261.944,robot_1,EV_move_forward,EV_path_clear,CLEAR
262.245,robot_1,EV_u_turn,EV_blue_visible|EV_path_clear|EV_red_visible|EV_green_visible,CLEAR
266.043,robot_1,EV_rotate_clockwise,EV_blue_not_visible|EV_path_clear|EV_red_not_visible|EV_green_visible,CLEAR
266.242,robot_1,EV_rotate_clockwise,EV_path_clear,CLEAR
266.346,robot_1,EV_move_forward,EV_path_clear,CLEAR
266.641,robot_1,EV_rotate_clockwise,EV_blue_not_visible|EV_path_clear|EV_green_not_visible|EV_red_not_visible,CLEAR
266.743,robot_1,EV_move_backward,EV_path_clear,CLEAR
267.043,robot_1,EV_move_backward,EV_blue_not_visible|EV_path_clear|EV_green_not_visible|EV_red_not_visible,CLEAR
267.347,robot_1,EV_move_backward,EV_path_clear,CLEAR
267.638,robot_1,EV_u_turn,EV_blue_not_visible|EV_path_clear|EV_green_not_visible|EV_red_not_visible,CLEAR
267.751,robot_1,EV_u_turn,EV_path_clear,CLEAR
267.844,robot_1,EV_rotate_clockwise,EV_path_clear,CLEAR
268.046,robot_1,EV_u_turn,EV_blue_not_visible|EV_path_clear|EV_green_not_visible|EV_red_not_visible,CLEAR
268.148,robot_1,EV_move_backward,EV_path_clear,CLEAR
268.447,robot_1,EV_move_forward,EV_path_clear,CLEAR
268.739,robot_1,EV_rotate_clockwise,EV_blue_not_visible|EV_path_clear|EV_green_not_visible|EV_red_not_visible,CLEAR
268.842,robot_1,EV_move_backward,EV_path_clear,CLEAR
269.047,robot_1,EV_rotate_clockwise,EV_blue_not_visible|EV_path_clear|EV_green_not_visible|EV_red_not_visible,CLEAR
269.245,robot_1,EV_move_forward,EV_path_clear,CLEAR
269.446,robot_1,EV_move_forward,EV_path_clear,CLEAR
269.743,robot_1,EV_search_color,EV_blue_not_visible|EV_path_clear|EV_green_not_visible|EV_red_not_visible,CLEAR
269.845,robot_1,EV_move_backward,EV_path_clear,CLEAR
270.140,robot_1,EV_move_backward,EV_blue_not_visible|EV_path_clear|EV_green_not_visible|EV_red_not_visible,CLEAR
270.346,robot_1,EV_search_color,EV_path_clear,CLEAR
270.541,robot_1,EV_search_color,EV_blue_not_visible|EV_path_clear|EV_green_not_visible|EV_red_not_visible,CLEAR
270.743,robot_1,EV_move_backward,EV_path_clear,CLEAR
270.945,robot_1,EV_search_color,EV_path_clear,CLEAR
271.048,robot_1,EV_move_forward,EV_path_clear,CLEAR
271.341,robot_1,EV_u_turn,EV_blue_not_visible|EV_path_clear|EV_green_not_visible|EV_red_not_visible,CLEAR
275.145,robot_1,EV_move_forward,EV_blue_not_visible|EV_path_clear|EV_green_not_visible|EV_red_not_visible,CLEAR
275.347,robot_1,EV_move_forward,EV_path_clear,CLEAR
275.638,robot_1,EV_move_forward,EV_blue_visible|EV_path_clear|EV_green_not_visible|EV_red_not_visible,CLEAR
275.943,robot_1,EV_rotate_clockwise,EV_blue_visible|EV_path_clear|EV_green_not_visible|EV_red_visible,CLEAR
276.140,robot_1,EV_move_forward,EV_path_clear,CLEAR
276.352,robot_1,EV_rotate_clockwise,EV_path_clear,CLEAR
276.543,robot_1,EV_move_backward,EV_blue_visible|EV_path_clear|EV_green_not_visible|EV_red_visible,CLEAR
276.840,robot_1,EV_u_turn,EV_path_clear,CLEAR
276.939,robot_1,EV_search_color,EV_path_clear,CLEAR
277.143,robot_1,EV_search_color,EV_blue_visible|EV_path_clear|EV_green_not_visible|EV_red_visible,CLEAR
277.249,robot_1,EV_u_turn,EV_path_clear,CLEAR
281.039,robot_1,EV_rotate_clockwise,EV_blue_visible|EV_path_clear|EV_red_visible|EV_green_visible,CLEAR
281.147,robot_1,EV_approach_color,EV_blue_visible|EV_path_clear|EV_red_visible|EV_green_visible,CLEAR
281.448,robot_1,EV_rotate_clockwise,EV_path_clear,CLEAR
281.649,robot_1,EV_rotate_counterclockwise,EV_blue_not_visible|EV_path_clear|EV_red_visible|EV_green_visible,CLEAR
281.845,robot_1,EV_approach_color,EV_path_clear,CLEAR
282.143,robot_1,EV_approach_color,EV_blue_not_visible|EV_path_clear|EV_red_not_visible|EV_green_visible,CLEAR
282.346,robot_1,EV_rotate_counterclockwise,EV_path_clear,CLEAR
282.544,robot_1,EV_approach_color,EV_path_clear,CLEAR
282.748,robot_1,EV_rotate_clockwise,EV_blue_not_visible|EV_path_clear|EV_red_not_visible|EV_green_visible,CLEAR
282.941,robot_1,EV_move_backward,EV_path_clear,CLEAR
283.142,robot_1,EV_move_forward,EV_blue_not_visible|EV_path_clear|EV_red_not_visible|EV_green_visible,CLEAR
283.348,robot_1,EV_rotate_counterclockwise,EV_path_clear,CLEAR
283.544,robot_1,EV_rotate_clockwise,EV_path_clear,CLEAR
283.743,robot_1,EV_move_backward,EV_blue_not_visible|EV_path_clear|EV_red_not_visible|EV_green_visible,CLEAR
284.047,robot_1,EV_move_forward,EV_blue_not_visible|EV_path_clear|EV_red_visible|EV_green_visible,CLEAR
284.343,robot_1,EV_rotate_clockwise,EV_path_clear,CLEAR
284.551,robot_1,EV_rotate_clockwise,EV_path_clear,CLEAR
284.744,robot_1,EV_move_forward,EV_blue_not_visible|EV_path_clear|EV_red_visible|EV_green_visible,CLEAR
285.045,robot_1,EV_move_forward,EV_path_clear,CLEAR
285.338,robot_1,EV_rotate_clockwise,EV_blue_not_visible|EV_path_clear|EV_green_visible|EV_red_reached,CLEAR
285.440,robot_1,EV_approach_color,EV_path_clear,CLEAR
285.644,robot_1,EV_move_forward,EV_path_clear,CLEAR
285.943,robot_1,EV_rotate_clockwise,EV_blue_not_visible|EV_green_visible|EV_red_reached|EV_obstacle_right,RIGHT
286.048,robot_1,EV_move_backward,EV_obstacle_right,RIGHT
286.341,robot_1,EV_u_turn,EV_blue_not_visible|EV_green_visible|EV_red_reached|EV_obstacle_right,RIGHT
290.049,robot_1,EV_approach_color,EV_blue_not_visible|EV_path_clear|EV_green_visible|EV_red_reached,CLEAR
290.341,robot_1,EV_rotate_clockwise,EV_blue_not_visible|EV_path_clear|EV_green_visible|EV_red_reached,CLEAR
290.449,robot_1,EV_u_turn,EV_path_clear,CLEAR
290.541,robot_1,EV_rotate_counterclockwise,EV_path_clear,CLEAR
290.642,robot_1,EV_rotate_counterclockwise,EV_path_clear,CLEAR
290.745,robot_1,EV_approach_color,EV_path_clear,CLEAR
290.946,robot_1,EV_search_color,EV_blue_not_visible|EV_path_clear|EV_green_not_visible|EV_red_reached,CLEAR
291.153,robot_1,EV_u_turn,EV_path_clear,CLEAR
291.242,robot_1,EV_rotate_counterclockwise,EV_path_clear,CLEAR
291.438,robot_1,EV_move_backward,EV_blue_not_visible|EV_path_clear|EV_green_not_visible|EV_red_reached,CLEAR
291.642,robot_1,EV_rotate_counterclockwise,EV_path_clear,CLEAR
291.849,robot_1,EV_search_color,EV_path_clear,CLEAR
292.041,robot_1,EV_search_color,EV_path_clear,CLEAR
292.143,robot_1,EV_move_forward,EV_blue_not_visible|EV_path_clear|EV_green_not_visible|EV_red_reached,CLEAR
292.441,robot_1,EV_search_color,EV_path_clear,CLEAR
292.541,robot_1,EV_rotate_clockwise,EV_blue_not_visible|EV_path_clear|EV_green_not_visible|EV_red_reached,CLEAR
292.747,robot_1,EV_rotate_clockwise,EV_path_clear,CLEAR
292.950,robot_1,EV_rotate_clockwise,EV_path_clear,CLEAR
293.145,robot_1,EV_rotate_counterclockwise,EV_blue_not_visible|EV_path_clear|EV_green_not_visible|EV_red_reached,CLEAR
293.340,robot_1,EV_move_backward,EV_path_clear,CLEAR
293.544,robot_1,EV_move_backward,EV_path_clear,CLEAR
293.841,robot_1,EV_rotate_counterclockwise,EV_blue_not_visible|EV_path_clear|EV_green_not_visible|EV_red_reached,CLEAR
294.047,robot_1,EV_u_turn,EV_path_clear,CLEAR
