stamp_sec,stamp_nsec,elapsed_s,robot,x,y
1789277926,341846983,4.413,robot_1,0.143,2.261
1789277926,343134033,4.414,robot_2,0.689,-1.570
1789277926,343203830,4.414,robot_0,-1.790,1.463
1789277933,755667097,11.826,robot_1,0.143,2.261
1789277933,755747956,11.826,robot_2,0.689,-1.570
1789277933,755786076,11.827,robot_0,-1.790,1.463
1789277946,440179848,24.511,robot_1,0.143,2.261
1789277946,440259177,24.511,robot_2,0.689,-1.570
1789277946,440301563,24.511,robot_0,-1.790,1.463
1789277946,647872105,24.719,robot_1,0.143,2.261
1789277946,679410520,24.750,robot_2,0.689,-1.570
1789277946,679498906,24.750,robot_0,-1.790,1.463
1789277946,851368912,24.922,robot_1,0.143,2.260
1789277946,851455427,24.922,robot_2,0.687,-1.575
1789277946,851491661,24.922,robot_0,-1.795,1.467
1789277947,72622107,25.143,robot_1,0.143,2.261
1789277947,72702368,25.143,robot_2,0.682,-1.589
1789277947,72738367,25.143,robot_0,-1.807,1.475
1789277947,306221028,25.377,robot_1,0.143,2.261
1789277947,308304194,25.379,robot_2,0.677,-1.602
1789277947,308623092,25.379,robot_0,-1.824,1.488
1789277947,527131609,25.598,robot_1,0.143,2.261
1789277947,527210921,25.598,robot_2,0.672,-1.614
1789277947,527252215,25.598,robot_0,-1.835,1.496
1789277947,728246971,25.799,robot_1,0.143,2.262
1789277947,728327801,25.799,robot_2,0.668,-1.625
1789277947,728363767,25.799,robot_0,-1.843,1.501
1789277947,972661477,26.043,robot_1,0.144,2.262
1789277947,972740572,26.043,robot_2,0.662,-1.641
1789277947,972801495,26.044,robot_0,-1.857,1.511
1789277948,175526116,26.246,robot_1,0.144,2.262
1789277948,175600633,26.246,robot_2,0.658,-1.652
1789277948,175635868,26.246,robot_0,-1.869,1.520
1789277948,391064714,26.462,robot_1,0.144,2.262
1789277948,391150108,26.462,robot_2,0.653,-1.666
1789277948,391196861,26.462,robot_0,-1.878,1.526
1789277948,613525773,26.684,robot_1,0.144,2.262
1789277948,613639034,26.684,robot_2,0.649,-1.679
1789277948,613684828,26.684,robot_0,-1.881,1.528
1789277948,826877831,26.898,robot_1,0.144,2.262
1789277948,856613871,26.927,robot_2,0.646,-1.686
1789277948,856706642,26.927,robot_0,-1.884,1.530
1789277949,102854810,27.174,robot_1,0.144,2.262
1789277949,132347241,27.203,robot_2,0.645,-1.689
1789277949,132467352,27.203,robot_0,-1.886,1.531
1789277949,324157762,27.395,robot_1,0.144,2.262
1789277949,324233027,27.395,robot_2,0.642,-1.698
1789277949,324278176,27.395,robot_0,-1.888,1.533
1789277949,560195000,27.631,robot_1,0.144,2.262
1789277949,560286772,27.631,robot_2,0.638,-1.708
1789277949,560329153,27.631,robot_0,-1.893,1.536
1789277949,810592464,27.881,robot_1,0.144,2.262
1789277949,810685015,27.881,robot_2,0.634,-1.723
1789277949,810729928,27.881,robot_0,-1.905,1.543
1789277950,387091449,28.458,robot_1,0.144,2.262
1789277950,387171616,28.458,robot_2,0.630,-1.735
1789277950,387212469,28.458,robot_0,-1.917,1.550
1789277950,387253320,28.458,robot_0_carried_generic_box,-1.899,1.540
1789277950,659286476,28.730,robot_1,0.145,2.262
1789277950,659372788,28.730,robot_2,0.629,-1.739
1789277950,659417633,28.730,robot_0,-1.922,1.553
1789277950,659467043,28.730,robot_0_carried_generic_box,-1.917,1.550
1789277950,659509293,28.730,robot_1_carried_generic_box,0.144,2.262
1789277950,873331497,28.944,robot_1,0.147,2.258
1789277950,873419609,28.944,robot_2,0.624,-1.753
1789277950,873458207,28.944,robot_0,-1.935,1.560
1789277950,911976776,28.983,robot_0_carried_generic_box,-1.920,1.552
1789277950,912099658,28.983,robot_1_carried_generic_box,0.144,2.262
1789277951,158871338,29.230,robot_1,0.152,2.252
1789277951,158957854,29.230,robot_2,0.620,-1.765
1789277951,158993318,29.230,robot_0,-1.941,1.564
1789277951,159031526,29.230,robot_0_carried_generic_box,-1.925,1.555
1789277951,159063746,29.230,robot_1_carried_generic_box,0.145,2.262
1789277951,413610310,29.484,robot_1,0.156,2.246
1789277951,413694497,29.484,robot_2,0.617,-1.776
1789277951,413736219,29.484,robot_0,-1.945,1.566
1789277951,413784294,29.485,robot_0_carried_generic_box,-1.935,1.560
1789277951,413822442,29.485,robot_1_carried_generic_box,0.147,2.258
1789277951,674706717,29.745,robot_1,0.160,2.242
1789277951,674803854,29.746,robot_2,0.613,-1.790
1789277951,674844561,29.746,robot_0,-1.945,1.566
1789277951,674886436,29.746,robot_0_carried_generic_box,-1.941,1.564
1789277951,674927711,29.746,robot_1_carried_generic_box,0.149,2.255
1789277951,910058026,29.981,robot_1,0.160,2.241
1789277951,910135913,29.981,robot_2,0.609,-1.799
1789277951,910174901,29.981,robot_0,-1.946,1.567
1789277951,910219079,29.981,robot_0_carried_generic_box,-1.945,1.566
1789277951,910253762,29.981,robot_1_carried_generic_box,0.156,2.246
1789277952,120726244,30.191,robot_1,0.160,2.241
1789277952,120814640,30.192,robot_2,0.606,-1.810
1789277952,120858855,30.192,robot_0,-1.950,1.569
1789277952,120896774,30.192,robot_0_carried_generic_box,-1.945,1.566
1789277952,121349425,30.192,robot_1_carried_generic_box,0.159,2.242
1789277952,324869035,30.396,robot_1,0.160,2.241
1789277952,324957772,30.396,robot_2,0.603,-1.820
1789277952,324999225,30.396,robot_0,-1.953,1.570
1789277952,325040278,30.396,robot_0_carried_generic_box,-1.945,1.566
1789277952,325071354,30.396,robot_1_carried_generic_box,0.160,2.241
1789277952,541275469,30.612,robot_1,0.160,2.241
1789277952,541358209,30.612,robot_2,0.600,-1.829
1789277952,541401098,30.612,robot_0,-1.953,1.570
1789277952,541447498,30.612,robot_0_carried_generic_box,-1.948,1.568
1789277952,541484272,30.612,robot_1_carried_generic_box,0.160,2.241
1789277952,757171293,30.828,robot_1,0.160,2.241
1789277952,757267630,30.828,robot_2,0.598,-1.836
1789277952,757304144,30.828,robot_0,-1.953,1.570
1789277952,757346242,30.828,robot_0_carried_generic_box,-1.953,1.570
1789277952,757379827,30.828,robot_1_carried_generic_box,0.160,2.241
1789277953,33765259,31.105,robot_1,0.160,2.241
1789277953,33848561,31.105,robot_2,0.594,-1.851
1789277953,33884753,31.105,robot_0,-1.953,1.570
1789277953,33931591,31.105,robot_0_carried_generic_box,-1.953,1.570
1789277953,33961399,31.105,robot_1_carried_generic_box,0.160,2.241
1789277953,271828088,31.343,robot_1,0.160,2.241
1789277953,271904368,31.343,robot_2,0.593,-1.854
1789277953,281985991,31.353,robot_0,-1.953,1.570
1789277953,282114517,31.353,robot_0_carried_generic_box,-1.953,1.570
1789277953,282158648,31.353,robot_1_carried_generic_box,0.160,2.241
1789277953,546445061,31.617,robot_1,0.160,2.241
1789277953,546523168,31.617,robot_2,0.592,-1.856
1789277953,546554591,31.617,robot_0,-1.953,1.570
1789277953,546589852,31.617,robot_0_carried_generic_box,-1.953,1.570
1789277953,546614754,31.617,robot_1_carried_generic_box,0.160,2.241
1789277953,787652839,31.858,robot_1,0.160,2.241
1789277953,787735590,31.858,robot_2,0.591,-1.860
1789277953,787771044,31.859,robot_0,-1.953,1.571
1789277953,787814785,31.859,robot_0_carried_generic_box,-1.953,1.570
1789277953,787847498,31.859,robot_1_carried_generic_box,0.160,2.241
1789277954,63454639,32.134,robot_1,0.160,2.241
1789277954,63538694,32.134,robot_2,0.591,-1.861
1789277954,63578480,32.134,robot_0,-1.953,1.571
1789277954,63623306,32.134,robot_0_carried_generic_box,-1.953,1.570
1789277954,63652261,32.134,robot_1_carried_generic_box,0.160,2.241
1789277954,267291249,32.338,robot_1,0.160,2.241
1789277954,267378840,32.338,robot_2,0.590,-1.867
1789277954,267421861,32.338,robot_0,-1.953,1.571
1789277954,301584562,32.372,robot_0_carried_generic_box,-1.953,1.571
1789277954,301686778,32.372,robot_1_carried_generic_box,0.160,2.241
1789277954,480313098,32.551,robot_1,0.160,2.241
1789277954,480390561,32.551,robot_2,0.589,-1.869
1789277954,480428465,32.551,robot_0,-1.953,1.571
1789277954,480471758,32.551,robot_0_carried_generic_box,-1.953,1.571
1789277954,480502205,32.551,robot_1_carried_generic_box,0.160,2.241
1789277954,708029618,32.779,robot_1,0.160,2.241
1789277954,708104849,32.779,robot_2,0.589,-1.871
1789277954,726908822,32.798,robot_0,-1.953,1.571
1789277954,727032186,32.798,robot_0_carried_generic_box,-1.953,1.571
1789277954,727080261,32.798,robot_1_carried_generic_box,0.160,2.241
1789277954,960408096,33.031,robot_1,0.160,2.241
1789277954,960492833,33.031,robot_2,0.589,-1.873
1789277954,960533238,33.031,robot_0,-1.953,1.571
1789277954,960575205,33.031,robot_0_carried_generic_box,-1.953,1.571
1789277954,960608845,33.031,robot_1_carried_generic_box,0.160,2.241
1789277955,203665124,33.274,robot_1,0.160,2.241
1789277955,203742454,33.274,robot_2,0.588,-1.879
1789277955,203775942,33.275,robot_0,-1.953,1.571
1789277955,203815225,33.275,robot_0_carried_generic_box,-1.953,1.571
1789277955,203845759,33.275,robot_1_carried_generic_box,0.160,2.241
1789277955,462653818,33.533,robot_1,0.160,2.241
1789277955,462736570,33.533,robot_2,0.586,-1.892
1789277955,462771226,33.534,robot_0,-1.953,1.571
1789277955,462812261,33.534,robot_0_carried_generic_box,-1.953,1.571
1789277955,462839542,33.534,robot_1_carried_generic_box,0.160,2.241
1789277955,685753585,33.757,robot_1,0.160,2.241
1789277955,685833137,33.757,robot_2,0.584,-1.903
1789277955,685865824,33.757,robot_0,-1.953,1.571
1789277955,685902260,33.757,robot_0_carried_generic_box,-1.953,1.571
1789277955,685937489,33.757,robot_1_carried_generic_box,0.160,2.241
1789277955,941022345,34.012,robot_1,0.160,2.241
1789277955,941126325,34.012,robot_2,0.582,-1.921
1789277955,941170885,34.012,robot_0,-1.953,1.571
1789277955,941219449,34.012,robot_0_carried_generic_box,-1.953,1.571
1789277955,941258294,34.012,robot_1_carried_generic_box,0.160,2.241
1789277956,131251103,34.202,robot_1,0.160,2.241
1789277956,131333035,34.202,robot_2,0.581,-1.930
1789277956,131372063,34.202,robot_0,-1.953,1.571
1789277956,131411977,34.202,robot_0_carried_generic_box,-1.953,1.571
1789277956,131447007,34.202,robot_1_carried_generic_box,0.160,2.241
1789277956,374409421,34.445,robot_1,0.160,2.241
1789277956,374520036,34.445,robot_2,0.579,-1.945
1789277956,374563049,34.445,robot_0,-1.953,1.571
1789277956,374611709,34.445,robot_0_carried_generic_box,-1.953,1.571
1789277956,374651609,34.445,robot_1_carried_generic_box,0.160,2.241
1789277956,612991396,34.684,robot_1,0.160,2.241
1789277956,613069812,34.684,robot_2,0.578,-1.954
1789277956,613109122,34.684,robot_0,-1.955,1.571
1789277956,613148769,34.684,robot_0_carried_generic_box,-1.953,1.571
1789277956,613176971,34.684,robot_1_carried_generic_box,0.160,2.241
1789277956,852079025,34.923,robot_1,0.160,2.241
1789277956,852189804,34.923,robot_2,0.576,-1.971
1789277956,852233680,34.923,robot_0,-1.965,1.568
1789277956,852275616,34.923,robot_0_carried_generic_box,-1.954,1.571
1789277956,852306186,34.923,robot_1_carried_generic_box,0.160,2.241
1789277957,40631624,35.111,robot_1,0.161,2.241
1789277957,40709947,35.111,robot_2,0.574,-1.983
1789277957,40747570,35.111,robot_0,-1.976,1.564
1789277957,40790367,35.112,robot_0_carried_generic_box,-1.957,1.570
1789277957,40820962,35.112,robot_1_carried_generic_box,0.160,2.241
1789277957,267310266,35.338,robot_1,0.161,2.241
1789277957,267401798,35.338,robot_2,0.573,-1.998
1789277957,267438815,35.338,robot_0,-1.988,1.560
1789277957,267484294,35.338,robot_0_carried_generic_box,-1.965,1.568
1789277957,267517687,35.338,robot_1_carried_generic_box,0.160,2.241
1789277957,483893154,35.571,robot_1,0.161,2.241
1789277957,499901736,35.571,robot_2,0.571,-2.013
1789277957,499972567,35.571,robot_0,-1.991,1.559
1789277957,500019358,35.571,robot_0_carried_generic_box,-1.981,1.563
1789277957,500051612,35.571,robot_1_carried_generic_box,0.161,2.241
1789277957,685981810,35.757,robot_1,0.161,2.241
1789277957,686062869,35.757,robot_2,0.569,-2.025
1789277957,686103258,35.757,robot_0,-1.991,1.559
1789277957,686143371,35.757,robot_0_carried_generic_box,-1.981,1.563
1789277957,686172428,35.757,robot_1_carried_generic_box,0.161,2.241
1789277957,933274263,36.004,robot_1,0.161,2.241
1789277957,933356854,36.004,robot_2,0.568,-2.040
1789277957,933390596,36.004,robot_0,-1.991,1.559
1789277957,933437476,36.004,robot_0_carried_generic_box,-1.991,1.559
1789277957,933469074,36.004,robot_1_carried_generic_box,0.161,2.241
1789277958,142721833,36.213,robot_1,0.161,2.241
1789277958,142801171,36.214,robot_2,0.566,-2.055
1789277958,142843914,36.214,robot_0,-1.991,1.559
1789277958,142892355,36.214,robot_0_carried_generic_box,-1.991,1.559
1789277958,147740020,36.219,robot_1_carried_generic_box,0.161,2.241
1789277958,370319853,36.441,robot_1,0.161,2.242
1789277958,370403221,36.441,robot_2,0.564,-2.067
1789277958,370444671,36.441,robot_0,-1.991,1.559
1789277958,370491348,36.441,robot_0_carried_generic_box,-1.991,1.559
1789277958,370526733,36.441,robot_1_carried_generic_box,0.161,2.241
1789277958,575759981,36.647,robot_1,0.161,2.242
1789277958,575840042,36.647,robot_2,0.563,-2.075
1789277958,575877011,36.647,robot_0,-1.991,1.559
1789277958,575915573,36.656,robot_0_carried_generic_box,-1.991,1.559
1789277958,585524118,36.656,robot_1_carried_generic_box,0.161,2.241
1789277958,823668741,36.894,robot_1,0.161,2.242
1789277958,823752480,36.895,robot_2,0.562,-2.085
1789277958,823788712,36.895,robot_0,-1.991,1.559
1789277958,823831262,36.895,robot_0_carried_generic_box,-1.991,1.559
1789277958,823868943,36.895,robot_1_carried_generic_box,0.161,2.241
1789277959,42410536,37.113,robot_1,0.161,2.242
1789277959,42485237,37.113,robot_2,0.561,-2.093
1789277959,42520124,37.113,robot_0,-1.991,1.559
1789277959,42559881,37.113,robot_0_carried_generic_box,-1.991,1.559
1789277959,42590064,37.113,robot_1_carried_generic_box,0.161,2.242
1789277959,283824987,37.360,robot_1,0.157,2.243
1789277959,289135710,37.360,robot_2,0.560,-2.101
1789277959,289188516,37.363,robot_0,-1.991,1.559
1789277959,292173221,37.363,robot_0_carried_generic_box,-1.991,1.559
1789277959,292236623,37.363,robot_1_carried_generic_box,0.161,2.242
1789277959,543690889,37.614,robot_1,0.144,2.247
1789277959,543767906,37.615,robot_2,0.559,-2.118
1789277959,543806326,37.615,robot_0,-1.991,1.559
1789277959,543853885,37.615,robot_0_carried_generic_box,-1.991,1.559
1789277959,543892584,37.615,robot_1_carried_generic_box,0.161,2.242
1789277959,752044550,37.823,robot_1,0.133,2.249
1789277959,752159683,37.823,robot_2,0.558,-2.130
1789277959,752197499,37.823,robot_0,-1.991,1.559
1789277959,752237585,37.823,robot_0_carried_generic_box,-1.991,1.559
1789277959,752268516,37.823,robot_1_carried_generic_box,0.152,2.245
1789277959,946620705,38.017,robot_1,0.124,2.251
1789277959,946700839,38.017,robot_2,0.556,-2.142
1789277959,946736333,38.017,robot_0,-1.991,1.559
1789277959,946772964,38.018,robot_0_carried_generic_box,-1.991,1.559
1789277959,946800328,38.018,robot_1_carried_generic_box,0.144,2.247
1789277960,168577779,38.239,robot_1,0.104,2.256
1789277960,168654241,38.239,robot_2,0.555,-2.158
1789277960,168688196,38.239,robot_0,-1.991,1.559
1789277960,168728038,38.239,robot_0_carried_generic_box,-1.991,1.559
1789277960,168759607,38.240,robot_1_carried_generic_box,0.135,2.249
1789277960,374206414,38.445,robot_1,0.095,2.258
1789277960,374291675,38.445,robot_2,0.555,-2.161
1789277960,374582440,38.445,robot_0,-1.991,1.559
1789277960,374645502,38.445,robot_0_carried_generic_box,-1.991,1.559
1789277960,374683223,38.445,robot_1_carried_generic_box,0.126,2.251
1789277960,588232727,38.661,robot_1,0.078,2.261
1789277960,590326215,38.661,robot_2,0.554,-2.163
1789277960,590384754,38.661,robot_0,-1.991,1.559
1789277960,590433388,38.661,robot_0_carried_generic_box,-1.991,1.559
1789277960,590469400,38.661,robot_1_carried_generic_box,0.101,2.256
1789277960,808154278,38.879,robot_1,0.069,2.263
1789277960,808240783,38.879,robot_2,0.554,-2.169
1789277960,808281027,38.879,robot_0,-1.991,1.559
1789277960,808317818,38.879,robot_0_carried_generic_box,-1.991,1.559
1789277960,808346373,38.879,robot_1_carried_generic_box,0.089,2.259
1789277961,41763525,39.113,robot_1,0.060,2.265
1789277961,41869869,39.113,robot_2,0.554,-2.173
1789277961,41910840,39.113,robot_0,-1.991,1.559
1789277961,41959860,39.113,robot_0_carried_generic_box,-1.991,1.559
1789277961,41993385,39.113,robot_1_carried_generic_box,0.078,2.261
1789277961,286007536,39.357,robot_1,0.045,2.268
1789277961,288703556,39.359,robot_2,0.554,-2.174
1789277961,288794102,39.360,robot_0,-1.991,1.559
1789277961,288840084,39.360,robot_0_carried_generic_box,-1.991,1.559
1789277961,288873576,39.360,robot_1_carried_generic_box,0.069,2.263
1789277961,535170709,39.606,robot_1,0.029,2.272
1789277961,535264199,39.606,robot_2,0.554,-2.177
1789277961,535300515,39.606,robot_0,-1.991,1.559
1789277961,535339758,39.606,robot_0_carried_generic_box,-1.991,1.559
1789277961,535372244,39.606,robot_1_carried_generic_box,0.063,2.264
1789277961,752173992,39.823,robot_1,0.022,2.273
1789277961,752254601,39.823,robot_2,0.554,-2.185
1789277961,752292047,39.823,robot_0,-1.991,1.559
1789277961,752340615,39.823,robot_0_carried_generic_box,-1.991,1.559
1789277961,752371483,39.823,robot_1_carried_generic_box,0.048,2.268
1789277962,6016793,40.077,robot_1,0.020,2.274
1789277962,6113189,40.077,robot_2,0.554,-2.199
1789277962,6151007,40.077,robot_0,-1.991,1.559
1789277962,6193241,40.077,robot_0_carried_generic_box,-1.991,1.559
1789277962,6220726,40.077,robot_1_carried_generic_box,0.029,2.272
1789277962,220079070,40.291,robot_1,0.015,2.275
1789277962,220152909,40.291,robot_2,0.554,-2.214
1789277962,220193300,40.291,robot_0,-1.992,1.559
1789277962,220235627,40.291,robot_0_carried_generic_box,-1.991,1.559
1789277962,220268728,40.291,robot_1_carried_generic_box,0.020,2.274
1789277962,440496860,40.511,robot_1,0.014,2.275
1789277962,440568897,40.511,robot_2,0.554,-2.232
1789277962,440597708,40.511,robot_0,-1.992,1.559
1789277962,440630386,40.511,robot_0_carried_generic_box,-1.991,1.559
1789277962,440656109,40.511,robot_1_carried_generic_box,0.019,2.274
1789277962,700569641,40.771,robot_1,0.014,2.275
1789277962,700644914,40.771,robot_2,0.554,-2.244
1789277962,700678000,40.771,robot_0,-1.992,1.559
1789277962,700712323,40.771,robot_0_carried_generic_box,-1.992,1.559
1789277962,700739908,40.771,robot_1_carried_generic_box,0.015,2.275
1789277962,994760202,41.066,robot_1,0.010,2.276
1789277962,994844015,41.066,robot_2,0.554,-2.262
1789277962,994877031,41.066,robot_0,-1.992,1.559
1789277962,994915580,41.066,robot_0_carried_generic_box,-1.992,1.559
1789277962,994951878,41.066,robot_1_carried_generic_box,0.014,2.275
1789277963,220714745,41.291,robot_1,0.007,2.277
1789277963,220784547,41.292,robot_2,0.555,-2.269
1789277963,220817078,41.292,robot_0,-1.992,1.559
1789277963,220854826,41.292,robot_0_carried_generic_box,-1.992,1.559
1789277963,220881131,41.292,robot_1_carried_generic_box,0.014,2.275
1789277963,435547601,41.506,robot_1,0.000,2.280
1789277963,435631786,41.506,robot_2,0.555,-2.274
1789277963,435671021,41.506,robot_0,-1.992,1.559
1789277963,435715836,41.506,robot_0_carried_generic_box,-1.992,1.559
1789277963,435745751,41.506,robot_1_carried_generic_box,0.013,2.275
1789277963,646004090,41.717,robot_1,-0.007,2.282
1789277963,646083028,41.717,robot_2,0.555,-2.279
1789277963,646116469,41.717,robot_0,-1.992,1.560
1789277963,646152875,41.717,robot_0_carried_generic_box,-1.992,1.559
1789277963,646183147,41.717,robot_1_carried_generic_box,0.008,2.277
1789277963,866266540,41.937,robot_1,-0.021,2.288
1789277963,866342056,41.937,robot_2,0.555,-2.284
1789277963,866377369,41.937,robot_0,-1.992,1.566
1789277963,866421401,41.937,robot_0_carried_generic_box,-1.992,1.559
1789277963,866456178,41.937,robot_1_carried_generic_box,0.002,2.279
1789277964,88968758,42.160,robot_1,-0.031,2.292
1789277964,89044890,42.160,robot_2,0.555,-2.291
1789277964,89076952,42.160,robot_0,-1.992,1.573
1789277964,89112527,42.160,robot_0_carried_generic_box,-1.992,1.561
1789277964,89141226,42.160,robot_1_carried_generic_box,-0.007,2.282
1789277964,318104253,42.389,robot_1,-0.043,2.296
1789277964,318179000,42.389,robot_2,0.556,-2.299
1789277964,318214654,42.389,robot_0,-1.992,1.580
1789277964,318259108,42.389,robot_0_carried_generic_box,-1.992,1.563
1789277964,318297544,42.389,robot_1_carried_generic_box,-0.019,2.287
1789277964,530457421,42.601,robot_1,-0.057,2.302
1789277964,530530059,42.601,robot_2,0.556,-2.302
1789277964,530565734,42.601,robot_0,-1.992,1.581
1789277964,530605638,42.601,robot_0_carried_generic_box,-1.992,1.575
1789277964,530636273,42.601,robot_1_carried_generic_box,-0.033,2.292
1789277964,778895283,42.858,robot_1,-0.073,2.309
1789277964,786971294,42.858,robot_2,0.556,-2.307
1789277964,787035823,42.858,robot_0,-1.992,1.581
1789277964,787079971,42.858,robot_0_carried_generic_box,-1.992,1.580
1789277964,787110363,42.858,robot_1_carried_generic_box,-0.046,2.298
1789277965,6348766,43.077,robot_1,-0.081,2.312
1789277965,6419583,43.077,robot_2,0.557,-2.315
1789277965,6451716,43.077,robot_0,-1.992,1.581
1789277965,6490843,43.077,robot_0_carried_generic_box,-1.992,1.581
1789277965,6519709,43.086,robot_1_carried_generic_box,-0.054,2.301
1789277965,290530326,43.361,robot_1,-0.086,2.315
1789277965,290602576,43.361,robot_2,0.559,-2.334
1789277965,290643461,43.361,robot_0,-1.992,1.581
1789277965,290690008,43.361,robot_0_carried_generic_box,-1.992,1.581
1789277965,290723041,43.361,robot_1_carried_generic_box,-0.075,2.310
1789277965,494142180,43.565,robot_1,-0.088,2.315
1789277965,494257747,43.565,robot_2,0.560,-2.341
1789277965,494415455,43.565,robot_0,-1.992,1.581
1789277965,494475193,43.565,robot_0_carried_generic_box,-1.992,1.581
1789277965,494515147,43.565,robot_1_carried_generic_box,-0.083,2.313
1789277965,699635572,43.770,robot_1,-0.091,2.317
1789277965,699725305,43.770,robot_2,0.561,-2.348
1789277965,699762999,43.771,robot_0,-1.992,1.581
1789277965,699801725,43.771,robot_0_carried_generic_box,-1.992,1.581
1789277965,699830729,43.771,robot_1_carried_generic_box,-0.086,2.315
1789277965,917357848,43.988,robot_1,-0.095,2.319
1789277965,917431295,43.988,robot_2,0.561,-2.357
1789277965,917462063,43.988,robot_0,-1.992,1.581
1789277965,917499106,43.990,robot_0_carried_generic_box,-1.992,1.581
1789277965,919590904,43.990,robot_1_carried_generic_box,-0.086,2.315
1789277966,222609039,44.293,robot_1,-0.101,2.321
1789277966,222684825,44.293,robot_2,0.563,-2.367
1789277966,222720785,44.293,robot_0,-1.992,1.581
1789277966,222764686,44.294,robot_0_carried_generic_box,-1.992,1.581
1789277966,222799733,44.294,robot_1_carried_generic_box,-0.091,2.317
1789277966,477474583,44.548,robot_1,-0.103,2.322
1789277966,477545557,44.548,robot_2,0.565,-2.384
1789277966,477577635,44.548,robot_0,-1.990,1.577
1789277966,477614445,44.548,robot_0_carried_generic_box,-1.992,1.581
1789277966,477645157,44.548,robot_1_carried_generic_box,-0.095,2.319
1789277966,677821104,44.749,robot_1,-0.108,2.325
1789277966,677926711,44.749,robot_2,0.567,-2.398
1789277966,677970072,44.749,robot_0,-1.986,1.567
1789277966,678018342,44.749,robot_0_carried_generic_box,-1.992,1.580
1789277966,678058216,44.749,robot_1_carried_generic_box,-0.100,2.321
1789277966,928224649,44.999,robot_1,-0.121,2.332
1789277966,928295178,44.999,robot_2,0.568,-2.406
1789277966,928325902,44.999,robot_0,-1.978,1.552
1789277966,928365094,44.999,robot_0_carried_generic_box,-1.989,1.573
1789277966,928402785,44.999,robot_1_carried_generic_box,-0.104,2.323
1789277967,149115899,45.220,robot_1,-0.132,2.338
1789277967,149190151,45.220,robot_2,0.568,-2.407
1789277967,149224661,45.220,robot_0,-1.973,1.542
1789277967,149261331,45.220,robot_0_carried_generic_box,-1.986,1.567
1789277967,149292433,45.220,robot_1_carried_generic_box,-0.104,2.323
1789277967,372678095,45.443,robot_1,-0.145,2.345
1789277967,372753758,45.444,robot_2,0.568,-2.407
1789277967,372788140,45.444,robot_0,-1.968,1.533
1789277967,372828245,45.444,robot_0_carried_generic_box,-1.981,1.557
1789277967,372857030,45.444,robot_1_carried_generic_box,-0.114,2.328
1789277967,611633953,45.682,robot_1,-0.161,2.354
1789277967,611738985,45.682,robot_2,0.568,-2.407
1789277967,611776324,45.683,robot_0,-1.960,1.520
1789277967,611818003,45.683,robot_0_carried_generic_box,-1.975,1.547
1789277967,611850934,45.683,robot_1_carried_generic_box,-0.135,2.339
1789277967,842074632,45.913,robot_1,-0.171,2.359
1789277967,842161131,45.913,robot_2,0.568,-2.409
1789277967,842195661,45.913,robot_0,-1.954,1.511
1789277967,842242376,45.913,robot_0_carried_generic_box,-1.965,1.530
1789277967,842269490,45.913,robot_1_carried_generic_box,-0.150,2.348
1789277968,69683102,46.140,robot_1,-0.177,2.363
1789277968,69753908,46.141,robot_2,0.569,-2.415
1789277968,69785660,46.141,robot_0,-1.950,1.504
1789277968,69826136,46.141,robot_0_carried_generic_box,-1.961,1.523
1789277968,69854781,46.141,robot_1_carried_generic_box,-0.153,2.349
1789277968,312468520,46.383,robot_1,-0.183,2.366
1789277968,312547406,46.383,robot_2,0.573,-2.428
1789277968,312585569,46.383,robot_0,-1.942,1.491
1789277968,312641228,46.383,robot_0_carried_generic_box,-1.953,1.510
1789277968,312683314,46.383,robot_1_carried_generic_box,-0.164,2.355
1789277968,568358173,46.639,robot_1,-0.190,2.370
1789277968,568434623,46.639,robot_2,0.576,-2.439
1789277968,568481507,46.639,robot_0,-1.936,1.482
1789277968,568528028,46.639,robot_0_carried_generic_box,-1.948,1.501
1789277968,568565044,46.639,robot_1_carried_generic_box,-0.179,2.364
1789277968,807033802,46.878,robot_1,-0.195,2.373
1789277968,807125899,46.878,robot_2,0.581,-2.456
1789277968,807162171,46.878,robot_0,-1.928,1.469
1789277968,807203424,46.878,robot_0_carried_generic_box,-1.943,1.494
1789277968,807235231,46.878,robot_1_carried_generic_box,-0.185,2.367
1789277969,21431332,47.092,robot_1,-0.198,2.374
1789277969,21508540,47.092,robot_2,0.584,-2.467
1789277969,21541441,47.092,robot_0,-1.922,1.460
1789277969,21578886,47.092,robot_0_carried_generic_box,-1.937,1.484
1789277969,21607247,47.092,robot_1_carried_generic_box,-0.193,2.371
1789277969,230881030,47.302,robot_1,-0.204,2.378
1789277969,250741641,47.322,robot_2,0.588,-2.482
1789277969,250812594,47.322,robot_0,-1.917,1.451
1789277969,250862311,47.322,robot_0_carried_generic_box,-1.925,1.464
1789277969,250896397,47.322,robot_1_carried_generic_box,-0.195,2.373
1789277969,460709926,47.531,robot_1,-0.206,2.379
1789277969,460785185,47.532,robot_2,0.592,-2.492
1789277969,460817411,47.532,robot_0,-1.912,1.444
1789277969,460851708,47.532,robot_0_carried_generic_box,-1.921,1.458
1789277969,460876190,47.532,robot_1_carried_generic_box,-0.197,2.374
1789277969,684649021,47.755,robot_1,-0.209,2.381
1789277969,684725816,47.755,robot_2,0.596,-2.506
1789277969,684763424,47.756,robot_0,-1.907,1.436
1789277969,684811560,47.756,robot_0_carried_generic_box,-1.917,1.451
1789277969,684850267,47.756,robot_1_carried_generic_box,-0.203,2.378
1789277969,905832954,47.977,robot_1,-0.217,2.386
1789277969,905910025,47.977,robot_2,0.600,-2.518
1789277969,905946514,47.977,robot_0,-1.901,1.426
1789277969,905984067,47.977,robot_0_carried_generic_box,-1.911,1.443
1789277969,906010779,47.977,robot_1_carried_generic_box,-0.206,2.379
1789277970,165456168,48.236,robot_1,-0.232,2.396
1789277970,165560351,48.236,robot_2,0.605,-2.534
1789277970,165601664,48.236,robot_0,-1.891,1.411
1789277970,165650381,48.236,robot_0_carried_generic_box,-1.902,1.428
1789277970,165690459,48.236,robot_1_carried_generic_box,-0.211,2.383
1789277970,422693740,48.493,robot_1,-0.246,2.406
1789277970,422771987,48.494,robot_2,0.609,-2.546
1789277970,422821567,48.494,robot_0,-1.882,1.396
1789277970,422864528,48.494,robot_0_carried_generic_box,-1.896,1.418
1789277970,422890275,48.494,robot_1_carried_generic_box,-0.219,2.388
1789277970,648648127,48.719,robot_1,-0.255,2.412
1789277970,648722583,48.719,robot_2,0.610,-2.550
1789277970,648756467,48.720,robot_0,-1.874,1.383
1789277970,648796522,48.720,robot_0_carried_generic_box,-1.891,1.411
1789277970,648829398,48.720,robot_1_carried_generic_box,-0.239,2.401
1789277970,900425374,48.971,robot_1,-0.258,2.414
1789277970,910767086,48.985,robot_2,0.611,-2.552
1789277970,914124743,48.985,robot_0,-1.867,1.372
1789277970,914203087,48.985,robot_0_carried_generic_box,-1.887,1.403
1789277970,914248403,48.985,robot_1_carried_generic_box,-0.248,2.407
1789277971,167567907,49.238,robot_1,-0.258,2.414
1789277971,167654145,49.238,robot_2,0.613,-2.558
1789277971,167688965,49.238,robot_0,-1.859,1.359
1789277971,167758169,49.239,robot_0_carried_generic_box,-1.872,1.379
1789277971,167792043,49.239,robot_1_carried_generic_box,-0.257,2.413
1789277971,375687212,49.446,robot_1,-0.258,2.414
1789277971,375755478,49.447,robot_2,0.613,-2.559
1789277971,375787298,49.447,robot_0,-1.853,1.350
1789277971,375831465,49.447,robot_0_carried_generic_box,-1.872,1.379
1789277971,375861774,49.447,robot_1_carried_generic_box,-0.257,2.413
1789277971,667254247,49.738,robot_1,-0.258,2.414
1789277971,667358649,49.738,robot_2,0.614,-2.562
1789277971,667397297,49.738,robot_0,-1.848,1.342
1789277971,667445736,49.738,robot_0_carried_generic_box,-1.861,1.362
1789277971,667473642,49.738,robot_1_carried_generic_box,-0.258,2.414
1789277971,844734052,49.915,robot_1,-0.258,2.414
1789277971,844803263,49.916,robot_2,0.618,-2.571
1789277971,844832393,49.916,robot_0,-1.842,1.333
1789277971,844870690,49.916,robot_0_carried_generic_box,-1.855,1.352
1789277971,844901301,49.916,robot_1_carried_generic_box,-0.258,2.414
1789277972,46346666,50.117,robot_1,-0.258,2.414
1789277972,46410071,50.117,robot_2,0.621,-2.580
1789277972,46438592,50.117,robot_0,-1.836,1.323
1789277972,46475915,50.117,robot_0_carried_generic_box,-1.848,1.342
1789277972,46506848,50.119,robot_1_carried_generic_box,-0.258,2.414
1789277972,307048248,50.378,robot_1,-0.258,2.414
1789277972,314246038,50.385,robot_2,0.624,-2.587
1789277972,314328953,50.385,robot_0,-1.827,1.308
1789277972,314408606,50.385,robot_0_carried_generic_box,-1.839,1.328
1789277972,314446536,50.385,robot_1_carried_generic_box,-0.258,2.414
1789277972,517426577,50.588,robot_1,-0.259,2.413
1789277972,517498685,50.588,robot_2,0.624,-2.587
1789277972,517533115,50.588,robot_0,-1.820,1.298
1789277972,517577309,50.588,robot_0_carried_generic_box,-1.836,1.323
1789277972,517614256,50.588,robot_1_carried_generic_box,-0.258,2.414
1789277972,726731277,50.797,robot_1,-0.259,2.413
1789277972,726822042,50.800,robot_2,0.624,-2.587
1789277972,729136102,50.800,robot_0,-1.816,1.290
1789277972,729215302,50.800,robot_0_carried_generic_box,-1.830,1.313
1789277972,729256117,50.800,robot_1_carried_generic_box,-0.258,2.414
1789277972,945848379,51.017,robot_1,-0.259,2.413
1789277972,959181551,51.030,robot_2,0.625,-2.588
1789277972,959256276,51.030,robot_0,-1.809,1.279
1789277972,959310961,51.030,robot_0_carried_generic_box,-1.822,1.300
1789277972,959353131,51.030,robot_1_carried_generic_box,-0.259,2.413
1789277973,162465145,51.233,robot_1,-0.259,2.413
1789277973,162539518,51.233,robot_2,0.627,-2.593
1789277973,162575322,51.233,robot_0,-1.804,1.272
1789277973,162622870,51.233,robot_0_carried_generic_box,-1.816,1.290
1789277973,162660000,51.233,robot_1_carried_generic_box,-0.259,2.413
1789277973,418555149,51.489,robot_1,-0.259,2.413
1789277973,418622832,51.489,robot_2,0.633,-2.603
1789277973,418651024,51.496,robot_0,-1.799,1.264
1789277973,425840352,51.497,robot_0_carried_generic_box,-1.811,1.283
1789277973,425934100,51.497,robot_1_carried_generic_box,-0.259,2.413
1789277973,653890543,51.725,robot_1,-0.259,2.413
1789277973,653983046,51.725,robot_2,0.638,-2.612
1789277973,654020428,51.725,robot_0,-1.792,1.253
1789277973,654071118,51.725,robot_0_carried_generic_box,-1.801,1.267
1789277973,654110026,51.725,robot_1_carried_generic_box,-0.259,2.413
1789277973,927714788,51.998,robot_1,-0.259,2.413
1789277973,927785062,51.999,robot_2,0.644,-2.623
1789277973,928749052,52.000,robot_0,-1.783,1.239
1789277973,928861360,52.000,robot_0_carried_generic_box,-1.798,1.262
1789277973,928908169,52.000,robot_1_carried_generic_box,-0.259,2.413
1789277974,153701809,52.224,robot_1,-0.259,2.413
1789277974,153796387,52.225,robot_2,0.648,-2.630
1789277974,153838183,52.225,robot_0,-1.777,1.231
1789277974,153884231,52.225,robot_0_carried_generic_box,-1.785,1.244
1789277974,153927639,52.225,robot_1_carried_generic_box,-0.259,2.413
1789277974,384914166,52.458,robot_1,-0.259,2.413
1789277974,387783182,52.459,robot_2,0.655,-2.640
1789277974,387830196,52.459,robot_0,-1.771,1.223
1789277974,387873478,52.459,robot_0_carried_generic_box,-1.785,1.244
1789277974,387906462,52.459,robot_1_carried_generic_box,-0.259,2.413
1789277974,612363164,52.683,robot_1,-0.259,2.413
1789277974,612443058,52.683,robot_2,0.662,-2.650
1789277974,612510074,52.683,robot_0,-1.765,1.214
1789277974,612553467,52.683,robot_0_carried_generic_box,-1.777,1.231
1789277974,612594094,52.683,robot_1_carried_generic_box,-0.259,2.413
1789277974,861603087,52.933,robot_1,-0.259,2.413
1789277974,862530442,52.933,robot_2,0.671,-2.663
1789277974,862598367,52.933,robot_0,-1.758,1.204
1789277974,862645975,52.933,robot_0_carried_generic_box,-1.768,1.218
1789277974,862685540,52.933,robot_1_carried_generic_box,-0.259,2.413
1789277975,110824748,53.182,robot_1,-0.258,2.414
1789277975,110893320,53.182,robot_2,0.680,-2.675
1789277975,110941139,53.182,robot_0,-1.748,1.190
1789277975,110982257,53.182,robot_0_carried_generic_box,-1.767,1.216
1789277975,111016267,53.182,robot_1_carried_generic_box,-0.259,2.413
1789277975,372866585,53.444,robot_1,-0.258,2.414
1789277975,372955112,53.444,robot_2,0.687,-2.685
1789277975,372995739,53.444,robot_0,-1.741,1.180
1789277975,373038110,53.444,robot_0_carried_generic_box,-1.760,1.207
1789277975,373072217,53.444,robot_1_carried_generic_box,-0.258,2.414
1789277975,597686831,53.668,robot_1,-0.258,2.414
1789277975,597759169,53.669,robot_2,0.696,-2.697
1789277975,597805716,53.669,robot_0,-1.732,1.168
1789277975,597853801,53.669,robot_0_carried_generic_box,-1.751,1.195
1789277975,597897662,53.669,robot_1_carried_generic_box,-0.258,2.414
1789277975,811718166,53.882,robot_1,-0.257,2.413
1789277975,811785469,53.883,robot_2,0.704,-2.707
1789277975,811819364,53.883,robot_0,-1.723,1.156
1789277975,811856192,53.883,robot_0_carried_generic_box,-1.746,1.187
1789277975,811888902,53.883,robot_1_carried_generic_box,-0.258,2.414
1789277976,21391264,54.092,robot_1,-0.249,2.409
1789277976,21461814,54.092,robot_2,0.715,-2.721
1789277976,27752958,54.099,robot_0,-1.712,1.141
1789277976,27846129,54.099,robot_0_carried_generic_box,-1.727,1.161
1789277976,27884035,54.099,robot_1_carried_generic_box,-0.258,2.414
1789277976,247743793,54.319,robot_1,-0.244,2.407
1789277976,247823811,54.319,robot_2,0.721,-2.728
1789277976,247871011,54.319,robot_0,-1.707,1.134
1789277976,247931859,54.319,robot_0_carried_generic_box,-1.727,1.161
1789277976,247964635,54.319,robot_1_carried_generic_box,-0.258,2.414
1789277976,508006595,54.579,robot_1,-0.233,2.402
1789277976,508075497,54.579,robot_2,0.732,-2.743
1789277976,548835031,54.620,robot_0,-1.695,1.117
1789277976,549662833,54.620,robot_0_carried_generic_box,-1.711,1.139
1789277976,549749345,54.621,robot_1_carried_generic_box,-0.247,2.409
1789277976,724257018,54.795,robot_1,-0.232,2.402
1789277976,724328464,54.795,robot_2,0.736,-2.747
1789277976,724376697,54.795,robot_0,-1.689,1.109
1789277976,724432547,54.795,robot_0_carried_generic_box,-1.702,1.127
1789277976,724473512,54.795,robot_1_carried_generic_box,-0.237,2.404
1789277976,942797562,55.014,robot_1,-0.231,2.402
1789277976,942871119,55.014,robot_2,0.737,-2.749
1789277976,942918670,55.014,robot_0,-1.683,1.101
1789277976,942979420,55.014,robot_0_carried_generic_box,-1.698,1.122
1789277976,943025311,55.014,robot_1_carried_generic_box,-0.234,2.403
1789277977,190365062,55.261,robot_1,-0.231,2.402
1789277977,190459864,55.261,robot_2,0.739,-2.751
1789277977,190510182,55.261,robot_0,-1.677,1.092
1789277977,190563666,55.261,robot_0_carried_generic_box,-1.687,1.106
1789277977,190607952,55.261,robot_1_carried_generic_box,-0.232,2.402
1789277977,391670546,55.462,robot_1,-0.231,2.402
1789277977,391734289,55.462,robot_2,0.747,-2.761
1789277977,391792733,55.463,robot_0,-1.666,1.078
1789277977,391835631,55.463,robot_0_carried_generic_box,-1.683,1.101
1789277977,391869364,55.463,robot_1_carried_generic_box,-0.231,2.402
1789277977,654318623,55.762,robot_1,-0.231,2.402
1789277977,691483277,55.762,robot_2,0.757,-2.773
1789277977,691555737,55.762,robot_0,-1.660,1.070
1789277977,691604719,55.762,robot_0_carried_generic_box,-1.671,1.085
1789277977,691639554,55.762,robot_1_carried_generic_box,-0.231,2.402
1789277977,898666844,55.969,robot_1,-0.231,2.402
1789277977,898742909,55.969,robot_2,0.762,-2.779
1789277977,898777959,55.970,robot_0,-1.657,1.065
1789277977,898815813,55.970,robot_0_carried_generic_box,-1.671,1.085
1789277977,898845785,55.970,robot_1_carried_generic_box,-0.231,2.402
1789277978,150245295,56.221,robot_1,-0.232,2.402
1789277978,150377015,56.221,robot_2,0.767,-2.785
1789277978,150421516,56.221,robot_0,-1.651,1.057
1789277978,150465212,56.221,robot_0_carried_generic_box,-1.661,1.071
1789277978,150499267,56.221,robot_1_carried_generic_box,-0.231,2.402
1789277978,356636220,56.427,robot_1,-0.232,2.401
1789277978,356711437,56.427,robot_2,0.778,-2.797
1789277978,356752899,56.427,robot_0,-1.640,1.043
1789277978,356794867,56.428,robot_0_carried_generic_box,-1.658,1.066
1789277978,356833653,56.428,robot_1_carried_generic_box,-0.231,2.402
1789277978,581717347,56.652,robot_1,-0.232,2.401
1789277978,581797084,56.653,robot_2,0.784,-2.805
1789277978,581847129,56.653,robot_0,-1.633,1.034
1789277978,581890137,56.653,robot_0_carried_generic_box,-1.651,1.057
1789277978,581939426,56.653,robot_1_carried_generic_box,-0.231,2.402
1789277978,791941587,56.863,robot_1,-0.233,2.402
1789277978,792018088,56.863,robot_2,0.789,-2.809
1789277978,792062734,56.863,robot_0,-1.626,1.025
1789277978,792099891,56.863,robot_0_carried_generic_box,-1.642,1.045
1789277978,792134224,56.863,robot_1_carried_generic_box,-0.232,2.402
1789277979,80381938,57.151,robot_1,-0.239,2.406
1789277979,80480695,57.151,robot_2,0.793,-2.815
1789277979,80527887,57.151,robot_0,-1.618,1.014
1789277979,80568044,57.151,robot_0_carried_generic_box,-1.631,1.032
1789277979,80600929,57.151,robot_1_carried_generic_box,-0.232,2.401
1789277979,297848040,57.369,robot_1,-0.249,2.412
1789277979,297932873,57.369,robot_2,0.802,-2.825
1789277979,297984041,57.369,robot_0,-1.609,1.002
1789277979,298029017,57.369,robot_0_carried_generic_box,-1.628,1.027
1789277979,298064643,57.369,robot_1_carried_generic_box,-0.232,2.402
1789277979,532175252,57.603,robot_1,-0.256,2.416
1789277979,532268051,57.603,robot_2,0.809,-2.832
1789277979,532303642,57.603,robot_0,-1.600,0.990
1789277979,532337768,57.603,robot_0_carried_generic_box,-1.620,1.017
1789277979,532365089,57.603,robot_1_carried_generic_box,-0.241,2.407
1789277979,834230334,57.905,robot_1,-0.261,2.419
1789277979,834312071,57.905,robot_2,0.812,-2.835
1789277979,834352201,57.905,robot_0,-1.589,0.976
1789277979,834408794,57.905,robot_0_carried_generic_box,-1.604,0.995
1789277979,834437811,57.905,robot_1_carried_generic_box,-0.249,2.412
1789277980,43480055,58.114,robot_1,-0.269,2.425
1789277980,54456648,58.125,robot_2,0.813,-2.837
1789277980,54561166,58.125,robot_0,-1.581,0.966
1789277980,54607968,58.125,robot_0_carried_generic_box,-1.600,0.990
1789277980,54637669,58.125,robot_1_carried_generic_box,-0.259,2.418
1789277980,307701613,58.378,robot_1,-0.277,2.430
1789277980,307783428,58.379,robot_2,0.820,-2.843
1789277980,307823870,58.379,robot_0,-1.572,0.954
1789277980,307859044,58.379,robot_0_carried_generic_box,-1.586,0.972
1789277980,307886262,58.379,robot_1_carried_generic_box,-0.264,2.421
1789277980,511956466,58.583,robot_1,-0.288,2.439
1789277980,512022530,58.583,robot_2,0.825,-2.848
1789277980,545637647,58.616,robot_0,-1.563,0.942
1789277980,545743300,58.619,robot_0_carried_generic_box,-1.581,0.966
1789277980,548102279,58.619,robot_1_carried_generic_box,-0.271,2.427
1789277980,749086487,58.820,robot_1,-0.295,2.444
1789277980,749161703,58.820,robot_2,0.826,-2.850
1789277980,749207935,58.820,robot_0,-1.555,0.932
1789277980,749249907,58.820,robot_0_carried_generic_box,-1.572,0.954
1789277980,749280593,58.820,robot_1_carried_generic_box,-0.279,2.432
1789277980,963846748,59.035,robot_1,-0.297,2.446
1789277980,963917882,59.035,robot_2,0.829,-2.852
1789277980,964417886,59.035,robot_0,-1.549,0.924
1789277980,964460655,59.035,robot_0_carried_generic_box,-1.561,0.940
1789277980,964490304,59.035,robot_1_carried_generic_box,-0.289,2.440
1789277981,189669362,59.260,robot_1,-0.297,2.446
1789277981,189759381,59.261,robot_2,0.836,-2.859
1789277981,189811174,59.261,robot_0,-1.541,0.914
1789277981,189859584,59.261,robot_0_carried_generic_box,-1.553,0.929
1789277981,189896027,59.261,robot_1_carried_generic_box,-0.296,2.445
1789277981,422065641,59.493,robot_1,-0.297,2.446
1789277981,422141035,59.493,robot_2,0.846,-2.867
1789277981,422179218,59.493,robot_0,-1.534,0.905
1789277981,422218013,59.493,robot_0_carried_generic_box,-1.550,0.926
1789277981,422243663,59.493,robot_1_carried_generic_box,-0.297,2.446
1789277981,680199852,59.751,robot_1,-0.297,2.446
1789277981,680285771,59.751,robot_2,0.856,-2.877
1789277981,680329582,59.751,robot_0,-1.525,0.894
1789277981,680369338,59.751,robot_0_carried_generic_box,-1.537,0.909
1789277981,680397996,59.751,robot_1_carried_generic_box,-0.297,2.446
1789277981,916905915,59.988,robot_1,-0.297,2.446
1789277981,932295468,60.003,robot_2,0.868,-2.887
1789277981,932503805,60.003,robot_0,-1.518,0.884
1789277981,932562362,60.003,robot_0_carried_generic_box,-1.534,0.905
1789277981,932594891,60.006,robot_1_carried_generic_box,-0.297,2.446
1789277982,200091287,60.271,robot_1,-0.297,2.446
1789277982,200209053,60.271,robot_2,0.880,-2.897
1789277982,200254927,60.271,robot_0,-1.510,0.875
1789277982,200300670,60.271,robot_0_carried_generic_box,-1.520,0.888
1789277982,200335000,60.271,robot_1_carried_generic_box,-0.297,2.446
1789277982,419176519,60.490,robot_1,-0.297,2.446
1789277982,419256557,60.490,robot_2,0.889,-2.905
1789277982,423195244,60.494,robot_0,-1.505,0.868
1789277982,423307234,60.494,robot_0_carried_generic_box,-1.515,0.881
1789277982,423346693,60.494,robot_1_carried_generic_box,-0.297,2.446
1789277982,622685683,60.693,robot_1,-0.297,2.446
1789277982,622766494,60.694,robot_2,0.896,-2.912
1789277982,622810186,60.694,robot_0,-1.500,0.862
1789277982,622854737,60.694,robot_0_carried_generic_box,-1.511,0.876
1789277982,622882821,60.694,robot_1_carried_generic_box,-0.297,2.446
1789277982,857611046,60.929,robot_1,-0.297,2.446
1789277982,858237022,60.929,robot_2,0.905,-2.919
1789277982,858298551,60.929,robot_0,-1.495,0.856
1789277982,858339520,60.929,robot_0_carried_generic_box,-1.506,0.870
1789277982,858492301,60.929,robot_1_carried_generic_box,-0.297,2.446
1789277983,66894108,61.138,robot_1,-0.297,2.446
1789277983,66970114,61.138,robot_2,0.916,-2.929
1789277983,67015404,61.138,robot_0,-1.489,0.848
1789277983,67056935,61.138,robot_0_carried_generic_box,-1.501,0.864
1789277983,67085418,61.138,robot_1_carried_generic_box,-0.297,2.446
1789277983,309900785,61.381,robot_1,-0.297,2.446
1789277983,309981600,61.381,robot_2,0.927,-2.938
1789277983,310025704,61.381,robot_0,-1.482,0.840
1789277983,310065097,61.381,robot_0_carried_generic_box,-1.496,0.858
1789277983,310093801,61.381,robot_1_carried_generic_box,-0.297,2.446
1789277983,554471075,61.625,robot_1,-0.296,2.446
1789277983,554540804,61.625,robot_2,0.941,-2.950
1789277983,554578656,61.625,robot_0,-1.469,0.824
1789277983,554613204,61.625,robot_0_carried_generic_box,-1.489,0.848
1789277983,554637500,61.625,robot_1_carried_generic_box,-0.297,2.446
1789277983,805953103,61.877,robot_1,-0.296,2.446
1789277983,806030267,61.877,robot_2,0.951,-2.959
1789277983,806069549,61.877,robot_0,-1.458,0.810
1789277983,806104826,61.877,robot_0_carried_generic_box,-1.477,0.833
1789277983,806135025,61.877,robot_1_carried_generic_box,-0.297,2.446
1789277984,19588346,62.090,robot_1,-0.296,2.446
1789277984,19675045,62.090,robot_2,0.960,-2.967
1789277984,19719100,62.090,robot_0,-1.450,0.801
1789277984,19757657,62.091,robot_0_carried_generic_box,-1.467,0.822
1789277984,19785840,62.091,robot_1_carried_generic_box,-0.296,2.446
1789277984,254860099,62.326,robot_1,-0.296,2.447
1789277984,263428836,62.334,robot_2,0.968,-2.973
1789277984,263518481,62.334,robot_0,-1.440,0.789
1789277984,263566032,62.334,robot_0_carried_generic_box,-1.458,0.810
1789277984,263603240,62.334,robot_1_carried_generic_box,-0.296,2.446
1789277984,486313182,62.557,robot_1,-0.296,2.447
1789277984,486389871,62.557,robot_2,0.971,-2.976
1789277984,486429624,62.557,robot_0,-1.431,0.778
1789277984,486463417,62.557,robot_0_carried_generic_box,-1.450,0.801
1789277984,486491443,62.557,robot_1_carried_generic_box,-0.296,2.446
1789277984,697651010,62.768,robot_1,-0.296,2.447
1789277984,697728120,62.768,robot_2,0.971,-2.976
1789277984,697776560,62.769,robot_0,-1.426,0.772
1789277984,697812283,62.769,robot_0_carried_generic_box,-1.440,0.789
1789277984,697837181,62.769,robot_1_carried_generic_box,-0.296,2.447
1789277984,902214345,62.973,robot_1,-0.296,2.447
1789277984,902288380,62.973,robot_2,0.972,-2.977
1789277984,902330107,62.973,robot_0,-1.421,0.766
1789277984,902366094,62.973,robot_0_carried_generic_box,-1.431,0.778
1789277984,902396662,63.002,robot_1_carried_generic_box,-0.296,2.447
1789277985,133231959,63.204,robot_1,-0.300,2.447
1789277985,133315122,63.204,robot_2,0.977,-2.981
1789277985,133358342,63.204,robot_0,-1.410,0.753
1789277985,133399232,63.204,robot_0_carried_generic_box,-1.426,0.772
1789277985,133431036,63.204,robot_1_carried_generic_box,-0.296,2.447
1789277985,417385987,63.488,robot_1,-0.308,2.448
1789277985,417484777,63.488,robot_2,0.978,-2.982
1789277985,417533899,63.490,robot_0,-1.402,0.742
1789277985,419809107,63.491,robot_0_carried_generic_box,-1.420,0.764
1789277985,419871585,63.491,robot_1_carried_generic_box,-0.298,2.447
1789277985,658561084,63.729,robot_1,-0.315,2.448
1789277985,658640740,63.729,robot_2,0.978,-2.982
1789277985,658684714,63.729,robot_0,-1.393,0.732
1789277985,658726451,63.729,robot_0_carried_generic_box,-1.412,0.755
1789277985,658757977,63.730,robot_1_carried_generic_box,-0.305,2.447
1789277985,898165422,63.969,robot_1,-0.332,2.449
1789277985,898237895,63.969,robot_2,0.978,-2.982
1789277985,898279260,63.969,robot_0,-1.383,0.720
1789277985,898317351,63.969,robot_0_carried_generic_box,-1.399,0.739
1789277985,898342872,63.969,robot_1_carried_generic_box,-0.308,2.448
1789277986,103909541,64.197,robot_1,-0.347,2.449
1789277986,126534163,64.197,robot_2,0.978,-2.982
1789277986,126591225,64.197,robot_0,-1.377,0.712
1789277986,126632325,64.197,robot_0_carried_generic_box,-1.393,0.732
1789277986,126660867,64.197,robot_1_carried_generic_box,-0.313,2.448
1789277986,430640014,64.501,robot_1,-0.362,2.450
1789277986,442742178,64.514,robot_2,0.978,-2.982
1789277986,442832662,64.514,robot_0,-1.370,0.705
1789277986,442877722,64.514,robot_0_carried_generic_box,-1.381,0.717
1789277986,442906187,64.514,robot_1_carried_generic_box,-0.335,2.449
1789277986,656568964,64.735,robot_1,-0.380,2.451
1789277986,664569570,64.735,robot_2,0.978,-2.982
1789277986,664623843,64.735,robot_0,-1.361,0.694
1789277986,664666510,64.735,robot_0_carried_generic_box,-1.377,0.712
1789277986,685270351,64.756,robot_1_carried_generic_box,-0.359,2.450
1789277986,862002221,64.933,robot_1,-0.385,2.451
1789277986,862070535,64.933,robot_2,0.978,-2.982
1789277986,862110619,64.933,robot_0,-1.357,0.690
1789277986,862180704,64.933,robot_0_carried_generic_box,-1.368,0.702
1789277986,862207436,64.933,robot_1_carried_generic_box,-0.359,2.450
1789277987,75576544,65.146,robot_1,-0.389,2.451
1789277987,75646790,65.146,robot_2,0.978,-2.982
1789277987,75688331,65.146,robot_0,-1.352,0.683
1789277987,75730695,65.146,robot_0_carried_generic_box,-1.365,0.699
1789277987,75766977,65.147,robot_1_carried_generic_box,-0.371,2.450
1789277987,304863530,65.376,robot_1,-0.399,2.452
1789277987,304936135,65.376,robot_2,0.978,-2.982
1789277987,304977949,65.376,robot_0,-1.346,0.676
1789277987,305024453,65.376,robot_0_carried_generic_box,-1.361,0.694
1789277987,305053421,65.376,robot_1_carried_generic_box,-0.382,2.451
1789277987,543402080,65.614,robot_1,-0.410,2.452
1789277987,543473899,65.614,robot_2,0.978,-2.982
1789277987,543517586,65.614,robot_0,-1.340,0.670
1789277987,543562243,65.614,robot_0_carried_generic_box,-1.355,0.686
1789277987,543599902,65.614,robot_1_carried_generic_box,-0.387,2.451
1789277987,764018259,65.835,robot_1,-0.422,2.453
1789277987,764079934,65.835,robot_2,0.978,-2.982
1789277987,764119683,65.835,robot_0,-1.333,0.661
1789277987,764159520,65.835,robot_0_carried_generic_box,-1.347,0.677
1789277987,764192392,65.835,robot_1_carried_generic_box,-0.390,2.451
1789277987,966521927,66.037,robot_1,-0.438,2.454
1789277987,966591934,66.037,robot_2,0.978,-2.982
1789277987,966633334,66.037,robot_0,-1.321,0.647
1789277987,966677965,66.037,robot_0_carried_generic_box,-1.337,0.666
1789277987,966711770,66.037,robot_1_carried_generic_box,-0.410,2.452
1789277988,210064245,66.281,robot_1,-0.451,2.455
1789277988,210142563,66.281,robot_2,0.978,-2.982
1789277988,210187318,66.281,robot_0,-1.312,0.636
1789277988,210227039,66.281,robot_0_carried_generic_box,-1.331,0.659
1789277988,210258624,66.281,robot_1_carried_generic_box,-0.422,2.453
1789277988,414199798,66.485,robot_1,-0.465,2.456
1789277988,414277870,66.485,robot_2,0.978,-2.982
1789277988,414322701,66.485,robot_0,-1.302,0.624
1789277988,414363925,66.485,robot_0_carried_generic_box,-1.325,0.652
1789277988,414400098,66.485,robot_1_carried_generic_box,-0.442,2.455
1789277988,663969243,66.735,robot_1,-0.474,2.457
1789277988,664073981,66.735,robot_2,0.978,-2.982
1789277988,664127896,66.735,robot_0,-1.292,0.613
1789277988,664175524,66.735,robot_0_carried_generic_box,-1.312,0.636
1789277988,664214864,66.735,robot_1_carried_generic_box,-0.454,2.455
1789277988,883503399,66.954,robot_1,-0.487,2.458
1789277988,883564394,66.954,robot_2,0.978,-2.983
1789277988,883601016,66.960,robot_0,-1.285,0.605
1789277988,889414964,66.960,robot_0_carried_generic_box,-1.304,0.627
1789277988,889494664,66.960,robot_1_carried_generic_box,-0.462,2.456
1789277989,94475267,67.165,robot_1,-0.501,2.459
1789277989,104095564,67.175,robot_2,0.979,-2.983
1789277989,104199341,67.175,robot_0,-1.277,0.595
1789277989,104247438,67.175,robot_0_carried_generic_box,-1.291,0.611
1789277989,104284973,67.175,robot_1_carried_generic_box,-0.478,2.457
1789277989,319795983,67.391,robot_1,-0.510,2.460
1789277989,319872125,67.391,robot_2,0.986,-2.982
1789277989,319914638,67.391,robot_0,-1.267,0.583
1789277989,319959719,67.391,robot_0_carried_generic_box,-1.282,0.601
1789277989,319989831,67.391,robot_1_carried_generic_box,-0.493,2.458
1789277989,592097594,67.663,robot_1,-0.518,2.460
1789277989,592170327,67.663,robot_2,0.996,-2.981
1789277989,592212730,67.663,robot_0,-1.261,0.576
1789277989,592247632,67.663,robot_0_carried_generic_box,-1.279,0.597
1789277989,592276038,67.663,robot_1_carried_generic_box,-0.504,2.459
1789277989,811030295,67.882,robot_1,-0.528,2.461
1789277989,811099514,67.882,robot_2,1.008,-2.980
1789277989,811145249,67.882,robot_0,-1.255,0.570
1789277989,811182594,67.882,robot_0_carried_generic_box,-1.269,0.586
1789277989,811210243,67.882,robot_1_carried_generic_box,-0.510,2.460
1789277990,26460353,68.097,robot_1,-0.535,2.462
1789277990,26528264,68.097,robot_2,1.023,-2.978
1789277990,26566931,68.097,robot_0,-1.245,0.558
1789277990,26601892,68.097,robot_0_carried_generic_box,-1.263,0.579
1789277990,26629870,68.097,robot_1_carried_generic_box,-0.518,2.460
1789277990,265328343,68.336,robot_1,-0.537,2.462
1789277990,265407217,68.336,robot_2,1.036,-2.976
1789277990,265451169,68.336,robot_0,-1.236,0.547
1789277990,265493574,68.336,robot_0_carried_generic_box,-1.259,0.575
1789277990,265522377,68.336,robot_1_carried_generic_box,-0.528,2.461
1789277990,463266492,68.534,robot_1,-0.537,2.462
1789277990,463333053,68.534,robot_2,1.050,-2.974
1789277990,463375944,68.534,robot_0,-1.227,0.537
1789277990,463413892,68.534,robot_0_carried_generic_box,-1.243,0.556
1789277990,463443337,68.534,robot_1_carried_generic_box,-0.536,2.462
1789277990,688435297,68.759,robot_1,-0.537,2.462
1789277990,688512390,68.759,robot_2,1.061,-2.972
1789277990,688555388,68.759,robot_0,-1.222,0.531
1789277990,688595356,68.759,robot_0_carried_generic_box,-1.238,0.549
1789277990,688624332,68.759,robot_1_carried_generic_box,-0.537,2.462
1789277990,958811980,69.030,robot_1,-0.537,2.462
1789277990,958878310,69.030,robot_2,1.068,-2.971
1789277990,983143515,69.054,robot_0,-1.215,0.522
1789277990,983281904,69.054,robot_0_carried_generic_box,-1.228,0.538
1789277990,983331070,69.054,robot_1_carried_generic_box,-0.537,2.462
1789277991,189783929,69.261,robot_1,-0.537,2.462
1789277991,189850191,69.261,robot_2,1.071,-2.971
1789277991,189890211,69.261,robot_0,-1.205,0.511
1789277991,189936924,69.261,robot_0_carried_generic_box,-1.219,0.528
1789277991,189967788,69.261,robot_1_carried_generic_box,-0.537,2.462
1789277991,397102198,69.468,robot_1,-0.537,2.462
1789277991,397176118,69.468,robot_2,1.076,-2.970
1789277991,397214133,69.468,robot_0,-1.197,0.502
1789277991,397249080,69.468,robot_0_carried_generic_box,-1.211,0.518
1789277991,397278451,69.468,robot_1_carried_generic_box,-0.537,2.462
1789277991,626461832,69.697,robot_1,-0.537,2.462
1789277991,626539896,69.697,robot_2,1.091,-2.967
1789277991,626585299,69.697,robot_0,-1.188,0.491
1789277991,626626430,69.697,robot_0_carried_generic_box,-1.203,0.509
1789277991,626662362,69.697,robot_1_carried_generic_box,-0.537,2.462
1789277991,865603110,69.936,robot_1,-0.537,2.462
1789277991,865681740,69.936,robot_2,1.098,-2.965
1789277991,865722621,69.936,robot_0,-1.184,0.487
1789277991,865764001,69.937,robot_0_carried_generic_box,-1.203,0.509
1789277991,865793057,69.937,robot_1_carried_generic_box,-0.537,2.462
1789277992,100550650,70.179,robot_1,-0.537,2.463
1789277992,108111628,70.179,robot_2,1.105,-2.964
1789277992,108168897,70.179,robot_0,-1.176,0.478
1789277992,108210722,70.179,robot_0_carried_generic_box,-1.189,0.493
1789277992,108243663,70.179,robot_1_carried_generic_box,-0.537,2.462
1789277992,386080147,70.457,robot_1,-0.537,2.463
1789277992,390689619,70.461,robot_2,1.120,-2.960
1789277992,390787105,70.462,robot_0,-1.165,0.465
1789277992,390838365,70.462,robot_0_carried_generic_box,-1.178,0.480
1789277992,390871722,70.462,robot_1_carried_generic_box,-0.537,2.462
1789277992,598228356,70.669,robot_1,-0.537,2.463
1789277992,598295994,70.669,robot_2,1.134,-2.957
1789277992,629993586,70.701,robot_0,-1.157,0.455
1789277992,630100535,70.701,robot_0_carried_generic_box,-1.168,0.468
1789277992,630138780,70.701,robot_1_carried_generic_box,-0.537,2.463
1789277992,855580977,70.926,robot_1,-0.537,2.463
1789277992,868389754,70.939,robot_2,1.149,-2.953
1789277992,868471030,70.939,robot_0,-1.147,0.444
1789277992,868514617,70.939,robot_0_carried_generic_box,-1.162,0.461
1789277992,868552250,70.939,robot_1_carried_generic_box,-0.537,2.463
1789277993,60508775,71.131,robot_1,-0.537,2.463
1789277993,60582027,71.131,robot_2,1.162,-2.950
1789277993,60631912,71.131,robot_0,-1.137,0.433
1789277993,60679110,71.131,robot_0_carried_generic_box,-1.155,0.453
1789277993,60716681,71.131,robot_1_carried_generic_box,-0.537,2.463
1789277993,287572395,71.358,robot_1,-0.537,2.463
1789277993,292207903,71.363,robot_2,1.177,-2.947
1789277993,292300123,71.363,robot_0,-1.129,0.423
1789277993,292342019,71.363,robot_0_carried_generic_box,-1.143,0.439
1789277993,293663785,71.364,robot_1_carried_generic_box,-0.537,2.463
1789277993,539133726,71.610,robot_1,-0.537,2.463
1789277993,539211534,71.610,robot_2,1.189,-2.944
1789277993,539252006,71.610,robot_0,-1.122,0.415
1789277993,539292075,71.610,robot_0_carried_generic_box,-1.137,0.433
1789277993,539323270,71.610,robot_1_carried_generic_box,-0.537,2.463
1789277993,749107039,71.820,robot_1,-0.534,2.465
1789277993,749175778,71.820,robot_2,1.195,-2.942
1789277993,749222521,71.820,robot_0,-1.116,0.408
1789277993,749267860,71.820,robot_0_carried_generic_box,-1.132,0.426
1789277993,749306851,71.820,robot_1_carried_generic_box,-0.537,2.463
1789277993,976815396,72.048,robot_1,-0.528,2.468
1789277993,976892059,72.048,robot_2,1.197,-2.942
1789277993,976950778,72.048,robot_0,-1.108,0.399
1789277993,976999268,72.048,robot_0_carried_generic_box,-1.122,0.415
1789277993,977036497,72.048,robot_1_carried_generic_box,-0.537,2.463
1789277994,189993727,72.261,robot_1,-0.522,2.472
1789277994,190060826,72.261,robot_2,1.197,-2.942
1789277994,190097455,72.261,robot_0,-1.101,0.390
1789277994,190134813,72.261,robot_0_carried_generic_box,-1.118,0.410
1789277994,190164133,72.261,robot_1_carried_generic_box,-0.533,2.465
1789277994,404245818,72.475,robot_1,-0.518,2.474
1789277994,404316619,72.475,robot_2,1.197,-2.942
1789277994,404357782,72.475,robot_0,-1.094,0.382
1789277994,404395172,72.475,robot_0_carried_generic_box,-1.106,0.397
1789277994,404424102,72.475,robot_1_carried_generic_box,-0.530,2.467
1789277994,611022406,72.682,robot_1,-0.518,2.474
1789277994,611086394,72.693,robot_2,1.200,-2.941
1789277994,621899095,72.693,robot_0,-1.087,0.375
1789277994,621977642,72.693,robot_0_carried_generic_box,-1.098,0.387
1789277994,622012532,72.693,robot_1_carried_generic_box,-0.525,2.470
1789277994,913842582,72.985,robot_1,-0.518,2.474
1789277994,913930336,72.985,robot_2,1.209,-2.938
1789277994,913981337,72.985,robot_0,-1.080,0.367
1789277994,914026897,72.985,robot_0_carried_generic_box,-1.091,0.379
1789277994,914055550,72.985,robot_1_carried_generic_box,-0.519,2.473
1789277995,138743197,73.210,robot_1,-0.518,2.474
1789277995,138813571,73.210,robot_2,1.223,-2.933
1789277995,138859789,73.210,robot_0,-1.071,0.356
1789277995,157206765,73.228,robot_0_carried_generic_box,-1.087,0.375
1789277995,157306401,73.228,robot_1_carried_generic_box,-0.518,2.474
1789277995,362694474,73.433,robot_1,-0.518,2.474
1789277995,362764794,73.434,robot_2,1.233,-2.929
1789277995,362807819,73.434,robot_0,-1.062,0.345
1789277995,362871533,73.434,robot_0_carried_generic_box,-1.077,0.363
1789277995,362899140,73.434,robot_1_carried_generic_box,-0.518,2.474
1789277995,591813700,73.663,robot_1,-0.518,2.474
1789277995,591877351,73.663,robot_2,1.239,-2.927
1789277995,625826096,73.697,robot_0,-1.053,0.335
1789277995,625994725,73.697,robot_0_carried_generic_box,-1.071,0.356
1789277995,626045078,73.697,robot_1_carried_generic_box,-0.518,2.474
1789277995,822382427,73.893,robot_1,-0.518,2.474
1789277995,822447206,73.893,robot_2,1.239,-2.927
1789277995,822485984,73.893,robot_0,-1.048,0.329
1789277995,822529431,73.893,robot_0_carried_generic_box,-1.062,0.345
1789277995,822562378,73.893,robot_1_carried_generic_box,-0.518,2.474
1789277996,92959604,74.164,robot_1,-0.518,2.474
1789277996,93054259,74.164,robot_2,1.240,-2.927
1789277996,93095295,74.164,robot_0,-1.040,0.320
1789277996,93138854,74.164,robot_0_carried_generic_box,-1.059,0.342
1789277996,93173208,74.164,robot_1_carried_generic_box,-0.518,2.474
1789277996,252905779,74.324,robot_1,-0.518,2.474
1789277996,252974560,74.324,robot_2,1.246,-2.924
1789277996,253017712,74.324,robot_0,-1.034,0.312
1789277996,253063289,74.324,robot_0_carried_generic_box,-1.046,0.327
1789277996,253100412,74.324,robot_1_carried_generic_box,-0.518,2.474
1789277996,466611324,74.537,robot_1,-0.519,2.474
1789277996,466675148,74.537,robot_2,1.255,-2.919
1789277996,466716241,74.537,robot_0,-1.028,0.306
1789277996,466759890,74.538,robot_0_carried_generic_box,-1.039,0.319
1789277996,466789192,74.538,robot_1_carried_generic_box,-0.518,2.474
1789277996,691791335,74.763,robot_1,-0.519,2.474
1789277996,691851065,74.763,robot_2,1.266,-2.913
1789277996,691891369,74.763,robot_0,-1.023,0.300
1789277996,700118009,74.771,robot_0_carried_generic_box,-1.034,0.312
1789277996,700218525,74.771,robot_1_carried_generic_box,-0.518,2.474
1789277996,937005049,75.008,robot_1,-0.519,2.475
1789277996,937072875,75.008,robot_2,1.280,-2.906
1789277996,937111192,75.008,robot_0,-1.015,0.291
1789277996,937153419,75.008,robot_0_carried_generic_box,-1.031,0.309
1789277996,937187707,75.008,robot_1_carried_generic_box,-0.519,2.474
1789277997,203657027,75.274,robot_1,-0.519,2.475
1789277997,203731068,75.274,robot_2,1.292,-2.900
1789277997,203777939,75.275,robot_0,-1.007,0.282
1789277997,203827347,75.275,robot_0_carried_generic_box,-1.020,0.297
1789277997,203864779,75.275,robot_1_carried_generic_box,-0.519,2.475
1789277997,421660860,75.492,robot_1,-0.519,2.475
1789277997,421729349,75.492,robot_2,1.301,-2.895
1789277997,421777411,75.493,robot_0,-0.999,0.273
1789277997,421829922,75.493,robot_0_carried_generic_box,-1.014,0.290
1789277997,421871600,75.493,robot_1_carried_generic_box,-0.519,2.475
1789277997,680679035,75.751,robot_1,-0.519,2.475
1789277997,680751899,75.752,robot_2,1.316,-2.886
1789277997,680804938,75.752,robot_0,-0.987,0.259
1789277997,680857722,75.752,robot_0_carried_generic_box,-1.003,0.277
1789277997,680902114,75.752,robot_1_carried_generic_box,-0.519,2.475
1789277997,914208972,75.985,robot_1,-0.519,2.475
1789277997,914274564,75.985,robot_2,1.327,-2.880
1789277997,914318274,75.985,robot_0,-0.978,0.248
1789277997,914361140,75.985,robot_0_carried_generic_box,-0.993,0.266
1789277997,914394680,75.985,robot_1_carried_generic_box,-0.519,2.475
1789277998,131965215,76.203,robot_1,-0.519,2.475
1789277998,132025052,76.203,robot_2,1.337,-2.874
1789277998,132063907,76.203,robot_0,-0.970,0.239
1789277998,132107798,76.203,robot_0_carried_generic_box,-0.985,0.257
1789277998,132141507,76.203,robot_1_carried_generic_box,-0.519,2.475
1789277998,368490578,76.439,robot_1,-0.519,2.475
1789277998,368553397,76.439,robot_2,1.351,-2.866
1789277998,368593981,76.439,robot_0,-0.961,0.229
1789277998,368633359,76.439,robot_0_carried_generic_box,-0.976,0.246
1789277998,368666430,76.439,robot_1_carried_generic_box,-0.519,2.475
1789277998,610805767,76.682,robot_1,-0.519,2.475
1789277998,610871817,76.682,robot_2,1.366,-2.858
1789277998,610908285,76.689,robot_0,-0.948,0.214
1789277998,618558784,76.689,robot_0_carried_generic_box,-0.965,0.233
1789277998,618637965,76.689,robot_1_carried_generic_box,-0.519,2.475
1789277998,831692042,76.902,robot_1,-0.520,2.475
1789277998,831764718,76.903,robot_2,1.373,-2.853
1789277998,831809258,76.903,robot_0,-0.943,0.208
1789277998,831863282,76.903,robot_0_carried_generic_box,-0.961,0.229
1789277998,831906776,76.903,robot_1_carried_generic_box,-0.519,2.475
1789277999,67502609,77.138,robot_1,-0.520,2.475
1789277999,67615014,77.138,robot_2,1.382,-2.848
1789277999,67657711,77.148,robot_0,-0.937,0.201
1789277999,77111277,77.148,robot_0_carried_generic_box,-0.946,0.212
1789277999,77175759,77.148,robot_1_carried_generic_box,-0.519,2.475
1789277999,254438453,77.325,robot_1,-0.520,2.475
1789277999,254507713,77.325,robot_2,1.389,-2.844
1789277999,254543243,77.325,robot_0,-0.933,0.196
1789277999,254587998,77.325,robot_0_carried_generic_box,-0.946,0.212
1789277999,254619654,77.325,robot_1_carried_generic_box,-0.520,2.475
1789277999,458224670,77.529,robot_1,-0.520,2.475
1789277999,458295214,77.529,robot_2,1.396,-2.840
1789277999,458328179,77.529,robot_0,-0.923,0.185
1789277999,458372521,77.529,robot_0_carried_generic_box,-0.935,0.199
1789277999,458407094,77.529,robot_1_carried_generic_box,-0.520,2.475
1789277999,659831975,77.731,robot_1,-0.520,2.475
1789277999,659908282,77.731,robot_2,1.405,-2.835
1789277999,659953490,77.731,robot_0,-0.913,0.174
1789277999,659992862,77.731,robot_0_carried_generic_box,-0.929,0.192
1789277999,660023931,77.731,robot_1_carried_generic_box,-0.520,2.475
1789277999,891259394,77.962,robot_1,-0.520,2.475
1789277999,891351593,77.962,robot_2,1.417,-2.827
1789277999,891388817,77.962,robot_0,-0.904,0.163
1789277999,891431448,77.962,robot_0_carried_generic_box,-0.925,0.187
1789277999,894014063,77.965,robot_1_carried_generic_box,-0.520,2.475
1789278000,106807021,78.178,robot_1,-0.520,2.475
1789278000,106874025,78.178,robot_2,1.429,-2.820
1789278000,106906400,78.178,robot_0,-0.894,0.152
1789278000,106955377,78.178,robot_0_carried_generic_box,-0.913,0.174
1789278000,106988026,78.178,robot_1_carried_generic_box,-0.520,2.475
1789278000,379066727,78.450,robot_1,-0.520,2.470
1789278000,379149291,78.450,robot_2,1.439,-2.814
1789278000,379186036,78.450,robot_0,-0.884,0.140
1789278000,379227655,78.450,robot_0_carried_generic_box,-0.898,0.156
1789278000,379254581,78.450,robot_1_carried_generic_box,-0.520,2.475
1789278000,615473489,78.686,robot_1,-0.519,2.462
1789278000,615537680,78.686,robot_2,1.445,-2.810
1789278000,615574708,78.686,robot_0,-0.876,0.131
1789278000,615617970,78.686,robot_0_carried_generic_box,-0.890,0.147
1789278000,615651644,78.686,robot_1_carried_generic_box,-0.520,2.474
1789278000,886241326,78.957,robot_1,-0.517,2.449
1789278000,886306143,78.957,robot_2,1.460,-2.800
1789278000,886342955,78.957,robot_0,-0.867,0.120
1789278000,886391778,78.957,robot_0_carried_generic_box,-0.882,0.138
1789278000,886434837,78.957,robot_1_carried_generic_box,-0.520,2.472
1789278001,127685170,79.198,robot_1,-0.515,2.437
1789278001,127750314,79.198,robot_2,1.472,-2.792
1789278001,127784342,79.199,robot_0,-0.857,0.109
1789278001,127829455,79.199,robot_0_carried_generic_box,-0.870,0.124
1789278001,127868382,79.199,robot_1_carried_generic_box,-0.518,2.457
1789278001,379246931,79.452,robot_1,-0.513,2.428
1789278001,381138739,79.452,robot_2,1.480,-2.788
1789278001,381197191,79.452,robot_0,-0.851,0.102
1789278001,381239728,79.452,robot_0_carried_generic_box,-0.870,0.124
1789278001,381272404,79.452,robot_1_carried_generic_box,-0.517,2.447
1789278001,622716449,79.693,robot_1,-0.511,2.415
1789278001,622802099,79.694,robot_2,1.494,-2.779
1789278001,622843136,79.694,robot_0,-0.841,0.090
1789278001,622893762,79.694,robot_0_carried_generic_box,-0.857,0.109
1789278001,622936576,79.694,robot_1_carried_generic_box,-0.515,2.439
1789278001,893654346,79.964,robot_1,-0.509,2.407
1789278001,893763978,79.965,robot_2,1.503,-2.772
1789278001,893805838,79.965,robot_0,-0.836,0.084
1789278001,893853538,79.965,robot_0_carried_generic_box,-0.851,0.102
1789278001,893891304,79.965,robot_1_carried_generic_box,-0.513,2.428
1789278002,126446700,80.197,robot_1,-0.508,2.400
1789278002,126509084,80.197,robot_2,1.513,-2.766
1789278002,126546322,80.197,robot_0,-0.830,0.078
1789278002,126588879,80.197,robot_0_carried_generic_box,-0.845,0.095
1789278002,126627547,80.197,robot_1_carried_generic_box,-0.512,2.419
1789278002,368779099,80.440,robot_1,-0.504,2.383
1789278002,368842138,80.440,robot_2,1.528,-2.756
1789278002,368879564,80.440,robot_0,-0.819,0.065
1789278002,368931466,80.440,robot_0_carried_generic_box,-0.836,0.084
1789278002,368970980,80.440,robot_1_carried_generic_box,-0.509,2.404
1789278002,592106810,80.663,robot_1,-0.501,2.369
1789278002,592205592,80.663,robot_2,1.540,-2.748
1789278002,592253170,80.663,robot_0,-0.809,0.054
1789278002,592308441,80.663,robot_0_carried_generic_box,-0.829,0.076
1789278002,594793452,80.666,robot_1_carried_generic_box,-0.506,2.389
1789278002,819318266,80.890,robot_1,-0.499,2.356
1789278002,819389080,80.890,robot_2,1.548,-2.744
1789278002,819425297,80.895,robot_0,-0.802,0.045
1789278002,824631495,80.895,robot_0_carried_generic_box,-0.823,0.070
1789278002,824696689,80.895,robot_1_carried_generic_box,-0.504,2.383
1789278003,59395565,81.130,robot_1,-0.497,2.347
1789278003,59470016,81.130,robot_2,1.551,-2.741
1789278003,59509569,81.130,robot_0,-0.793,0.035
1789278003,74390718,81.145,robot_0_carried_generic_box,-0.804,0.048
1789278003,74479325,81.145,robot_1_carried_generic_box,-0.502,2.372
1789278003,269349594,81.340,robot_1,-0.495,2.341
1789278003,269425778,81.340,robot_2,1.554,-2.740
1789278003,269469769,81.340,robot_0,-0.787,0.028
1789278003,269517466,81.340,robot_0_carried_generic_box,-0.804,0.048
1789278003,269552799,81.340,robot_1_carried_generic_box,-0.500,2.361
1789278003,536798481,81.608,robot_1,-0.493,2.329
1789278003,536868834,81.608,robot_2,1.557,-2.737
1789278003,536905792,81.608,robot_0,-0.776,0.016
1789278003,536956568,81.608,robot_0_carried_generic_box,-0.793,0.035
1789278003,536998474,81.608,robot_1_carried_generic_box,-0.497,2.347
1789278003,790812894,81.862,robot_1,-0.490,2.319
1789278003,790889009,81.862,robot_2,1.562,-2.734
1789278003,790937871,81.862,robot_0,-0.771,0.010
1789278003,790980941,81.862,robot_0_carried_generic_box,-0.783,0.024
1789278003,791012624,81.862,robot_1_carried_generic_box,-0.495,2.339
1789278004,36633885,82.107,robot_1,-0.488,2.307
1789278004,36698754,82.107,robot_2,1.568,-2.730
1789278004,36739413,82.107,robot_0,-0.764,0.002
1789278004,36786314,82.108,robot_0_carried_generic_box,-0.777,0.017
1789278004,36825658,82.108,robot_1_carried_generic_box,-0.493,2.331
1789278004,290879948,82.363,robot_1,-0.485,2.297
1789278004,292109290,82.363,robot_2,1.573,-2.726
1789278004,292164299,82.363,robot_0,-0.758,-0.005
1789278004,292209990,82.363,robot_0_carried_generic_box,-0.772,0.011
1789278004,292248006,82.363,robot_1_carried_generic_box,-0.490,2.319
1789278004,515230164,82.586,robot_1,-0.483,2.289
1789278004,515311213,82.586,robot_2,1.574,-2.725
1789278004,515344981,82.586,robot_0,-0.751,-0.013
1789278004,516090687,82.587,robot_0_carried_generic_box,-0.762,-0.001
1789278004,516192998,82.587,robot_1_carried_generic_box,-0.487,2.305
1789278004,761580360,82.832,robot_1,-0.479,2.272
1789278004,761647765,82.832,robot_2,1.574,-2.725
1789278004,761680706,82.832,robot_0,-0.735,-0.031
1789278004,761722998,82.832,robot_0_carried_generic_box,-0.749,-0.015
1789278004,761758251,82.833,robot_1_carried_generic_box,-0.485,2.295
1789278005,12712684,83.083,robot_1,-0.476,2.262
1789278005,15524361,83.086,robot_2,1.574,-2.725
1789278005,15618993,83.086,robot_0,-0.729,-0.039
1789278005,15668289,83.086,robot_0_carried_generic_box,-0.740,-0.026
1789278005,15703204,83.086,robot_1_carried_generic_box,-0.482,2.283
1789278005,244722977,83.315,robot_1,-0.473,2.251
1789278005,244792430,83.316,robot_2,1.578,-2.722
1789278005,244835317,83.316,robot_0,-0.719,-0.050
1789278005,244887143,83.316,robot_0_carried_generic_box,-0.735,-0.031
1789278005,244937750,83.316,robot_1_carried_generic_box,-0.478,2.268
1789278005,447709846,83.518,robot_1,-0.472,2.245
1789278005,453370849,83.524,robot_2,1.581,-2.719
1789278005,453454537,83.524,robot_0,-0.713,-0.057
1789278005,453507918,83.524,robot_0_carried_generic_box,-0.731,-0.036
1789278005,453543608,83.524,robot_1_carried_generic_box,-0.476,2.262
1789278005,701260176,83.772,robot_1,-0.467,2.228
1789278005,701363383,83.772,robot_2,1.584,-2.716
1789278005,701401302,83.772,robot_0,-0.702,-0.070
1789278005,701447818,83.772,robot_0_carried_generic_box,-0.717,-0.053
1789278005,701478656,83.772,robot_1_carried_generic_box,-0.474,2.252
1789278005,938213230,84.009,robot_1,-0.463,2.213
1789278005,938282858,84.009,robot_2,1.591,-2.709
1789278005,938320736,84.009,robot_0,-0.695,-0.077
1789278005,938365418,84.009,robot_0_carried_generic_box,-0.709,-0.062
1789278005,938406470,84.009,robot_1_carried_generic_box,-0.469,2.237
1789278006,157115205,84.228,robot_1,-0.459,2.201
1789278006,157179557,84.228,robot_2,1.600,-2.698
1789278006,157212200,84.228,robot_0,-0.686,-0.087
1789278006,157255417,84.228,robot_0_carried_generic_box,-0.698,-0.074
1789278006,174913561,84.246,robot_1_carried_generic_box,-0.464,2.216
1789278006,367416322,84.438,robot_1,-0.458,2.198
1789278006,367478428,84.438,robot_2,1.603,-2.694
1789278006,367509964,84.438,robot_0,-0.683,-0.092
1789278006,367549808,84.438,robot_0_carried_generic_box,-0.698,-0.074
1789278006,367582313,84.438,robot_1_carried_generic_box,-0.463,2.213
1789278006,602751913,84.674,robot_1,-0.455,2.186
1789278006,602815591,84.674,robot_2,1.609,-2.688
1789278006,602850302,84.674,robot_0,-0.672,-0.104
1789278006,602898362,84.674,robot_0_carried_generic_box,-0.694,-0.079
1789278006,602943610,84.674,robot_1_carried_generic_box,-0.461,2.208
1789278006,866046522,84.937,robot_1,-0.452,2.174
1789278006,866134052,84.941,robot_2,1.610,-2.687
1789278006,870454130,84.941,robot_0,-0.661,-0.116
1789278006,870510031,84.941,robot_0_carried_generic_box,-0.686,-0.087
1789278006,870550421,84.941,robot_1_carried_generic_box,-0.458,2.196
1789278007,111454799,85.182,robot_1,-0.448,2.161
1789278007,111521930,85.182,robot_2,1.610,-2.687
1789278007,111557380,85.182,robot_0,-0.654,-0.125
1789278007,111600148,85.182,robot_0_carried_generic_box,-0.666,-0.111
1789278007,111631196,85.182,robot_1_carried_generic_box,-0.453,2.180
1789278007,311472917,85.382,robot_1,-0.445,2.149
1789278007,311537770,85.382,robot_2,1.610,-2.687
1789278007,311575758,85.382,robot_0,-0.648,-0.131
1789278007,311616340,85.382,robot_0_carried_generic_box,-0.660,-0.118
1789278007,311650159,85.382,robot_1_carried_generic_box,-0.451,2.171
1789278007,525605547,85.596,robot_1,-0.440,2.132
1789278007,525690061,85.596,robot_2,1.612,-2.684
1789278007,525736182,85.596,robot_0,-0.640,-0.140
1789278007,525788865,85.597,robot_0_carried_generic_box,-0.652,-0.127
1789278007,525831300,85.597,robot_1_carried_generic_box,-0.447,2.158
1789278007,755475318,85.836,robot_1,-0.438,2.124
1789278007,765456748,85.836,robot_2,1.615,-2.679
1789278007,765521215,85.836,robot_0,-0.635,-0.146
1789278007,765564986,85.836,robot_0_carried_generic_box,-0.648,-0.131
1789278007,765601868,85.836,robot_1_carried_generic_box,-0.445,2.149
1789278008,25202063,86.096,robot_1,-0.434,2.113
1789278008,25268247,86.096,robot_2,1.616,-2.677
1789278008,25299178,86.096,robot_0,-0.626,-0.157
1789278008,25334485,86.096,robot_0_carried_generic_box,-0.639,-0.142
1789278008,25363685,86.096,robot_1_carried_generic_box,-0.439,2.130
1789278008,248774117,86.320,robot_1,-0.431,2.103
1789278008,248866042,86.322,robot_2,1.616,-2.676
1789278008,253020330,86.324,robot_0,-0.616,-0.168
1789278008,253096282,86.324,robot_0_carried_generic_box,-0.631,-0.151
1789278008,253125062,86.324,robot_1_carried_generic_box,-0.436,2.121
1789278008,470695837,86.541,robot_1,-0.429,2.094
1789278008,470773260,86.542,robot_2,1.617,-2.674
1789278008,470811408,86.542,robot_0,-0.609,-0.177
1789278008,470849170,86.542,robot_0_carried_generic_box,-0.624,-0.159
1789278008,470881685,86.542,robot_1_carried_generic_box,-0.434,2.111
1789278008,674891138,86.746,robot_1,-0.425,2.083
1789278008,696827105,86.768,robot_2,1.617,-2.673
1789278008,696899272,86.768,robot_0,-0.602,-0.185
1789278008,696944599,86.768,robot_0_carried_generic_box,-0.618,-0.166
1789278008,696975483,86.768,robot_1_carried_generic_box,-0.432,2.105
1789278008,880546277,86.951,robot_1,-0.423,2.074
1789278008,880616420,86.951,robot_2,1.617,-2.673
1789278008,880650193,86.951,robot_0,-0.596,-0.191
1789278008,880683546,86.951,robot_0_carried_generic_box,-0.611,-0.175
1789278008,880709153,86.951,robot_1_carried_generic_box,-0.430,2.097
1789278009,87418875,87.158,robot_1,-0.420,2.063
1789278009,87486341,87.158,robot_2,1.618,-2.671
1789278009,87524507,87.158,robot_0,-0.589,-0.200
1789278009,87567288,87.158,robot_0_carried_generic_box,-0.599,-0.188
1789278009,87600484,87.158,robot_1_carried_generic_box,-0.425,2.083
1789278009,338378059,87.409,robot_1,-0.417,2.053
1789278009,338444657,87.409,robot_2,1.619,-2.663
1789278009,338477690,87.409,robot_0,-0.582,-0.208
1789278009,338512271,87.409,robot_0_carried_generic_box,-0.599,-0.188
1789278009,338539346,87.409,robot_1_carried_generic_box,-0.422,2.071
1789278009,580644466,87.651,robot_1,-0.414,2.043
1789278009,580720600,87.651,robot_2,1.621,-2.650
1789278009,580761356,87.652,robot_0,-0.575,-0.215
1789278009,580801653,87.652,robot_0_carried_generic_box,-0.587,-0.202
1789278009,580836551,87.652,robot_1_carried_generic_box,-0.418,2.057
1789278009,789408361,87.860,robot_1,-0.411,2.032
1789278009,789472962,87.860,robot_2,1.623,-2.639
1789278009,789505032,87.860,robot_0,-0.570,-0.221
1789278009,789547333,87.860,robot_0_carried_generic_box,-0.582,-0.208
1789278009,789579866,87.860,robot_1_carried_generic_box,-0.416,2.050
1789278010,72886906,88.144,robot_1,-0.406,2.014
1789278010,98037870,88.169,robot_2,1.625,-2.621
1789278010,98118149,88.169,robot_0,-0.559,-0.234
1789278010,98163125,88.169,robot_0_carried_generic_box,-0.574,-0.217
1789278010,98193481,88.169,robot_1_carried_generic_box,-0.414,2.043
1789278010,298949807,88.370,robot_1,-0.401,1.997
1789278010,299028376,88.370,robot_2,1.626,-2.603
1789278010,299065827,88.375,robot_0,-0.547,-0.248
1789278010,304194003,88.375,robot_0_carried_generic_box,-0.568,-0.223
1789278010,304243352,88.375,robot_1_carried_generic_box,-0.411,2.032
1789278010,569789911,88.641,robot_1,-0.397,1.986
1789278010,569855814,88.641,robot_2,1.627,-2.591
1789278010,569885086,88.641,robot_0,-0.542,-0.255
1789278010,573792534,88.645,robot_0_carried_generic_box,-0.561,-0.232
1789278010,573910340,88.645,robot_1_carried_generic_box,-0.406,2.014
1789278010,795036181,88.866,robot_1,-0.394,1.973
1789278010,795117354,88.866,robot_2,1.628,-2.577
1789278010,795154914,88.866,robot_0,-0.534,-0.264
1789278010,795194850,88.866,robot_0_carried_generic_box,-0.547,-0.248
1789278010,795224948,88.866,robot_1_carried_generic_box,-0.402,2.003
1789278011,2016279,89.073,robot_1,-0.391,1.965
1789278011,2103211,89.073,robot_2,1.629,-2.567
1789278011,5823789,89.077,robot_0,-0.529,-0.270
1789278011,5912393,89.077,robot_0_carried_generic_box,-0.540,-0.256
1789278011,5956458,89.077,robot_1_carried_generic_box,-0.397,1.983
1789278011,209140598,89.280,robot_1,-0.390,1.961
1789278011,209205149,89.280,robot_2,1.629,-2.561
1789278011,209238591,89.280,robot_0,-0.526,-0.273
1789278011,209282106,89.280,robot_0_carried_generic_box,-0.536,-0.261
1789278011,209311846,89.280,robot_1_carried_generic_box,-0.395,1.976
1789278011,437915386,89.509,robot_1,-0.386,1.946
1789278011,437991621,89.509,robot_2,1.630,-2.544
1789278011,438024192,89.509,robot_0,-0.518,-0.282
1789278011,438058657,89.509,robot_0_carried_generic_box,-0.532,-0.265
1789278011,438087297,89.509,robot_1_carried_generic_box,-0.393,1.971
1789278011,699462680,89.770,robot_1,-0.382,1.934
1789278011,699536943,89.770,robot_2,1.631,-2.531
1789278011,699569161,89.770,robot_0,-0.508,-0.294
1789278011,699607078,89.770,robot_0_carried_generic_box,-0.525,-0.274
1789278011,699636792,89.770,robot_1_carried_generic_box,-0.389,1.957
1789278011,982318854,90.053,robot_1,-0.379,1.923
1789278011,982392591,90.053,robot_2,1.631,-2.519
1789278011,982423454,90.053,robot_0,-0.496,-0.307
1789278011,982460625,90.053,robot_0_carried_generic_box,-0.514,-0.287
1789278011,982488815,90.053,robot_1_carried_generic_box,-0.385,1.942
1789278012,191985143,90.263,robot_1,-0.376,1.911
1789278012,192063297,90.263,robot_2,1.632,-2.503
1789278012,192102681,90.263,robot_0,-0.485,-0.321
1789278012,192146033,90.263,robot_0_carried_generic_box,-0.500,-0.303
1789278012,192181638,90.263,robot_1_carried_generic_box,-0.382,1.932
1789278012,423663127,90.494,robot_1,-0.372,1.898
1789278012,423727693,90.494,robot_2,1.632,-2.492
1789278012,423757801,90.495,robot_0,-0.476,-0.331
1789278012,423795912,90.495,robot_0_carried_generic_box,-0.492,-0.312
1789278012,423827381,90.495,robot_1_carried_generic_box,-0.377,1.917
1789278012,629975332,90.701,robot_1,-0.369,1.886
1789278012,630061586,90.701,robot_2,1.632,-2.482
1789278012,630092703,90.701,robot_0,-0.471,-0.337
1789278012,630127664,90.701,robot_0_carried_generic_box,-0.485,-0.321
1789278012,630154587,90.701,robot_1_carried_generic_box,-0.376,1.911
1789278012,876334250,90.947,robot_1,-0.365,1.871
1789278012,876407918,90.947,robot_2,1.632,-2.464
1789278012,876440967,90.947,robot_0,-0.463,-0.346
1789278012,876480190,90.947,robot_0_carried_generic_box,-0.474,-0.333
1789278012,876508634,90.947,robot_1_carried_generic_box,-0.373,1.901
1789278013,110627462,91.181,robot_1,-0.362,1.861
1789278013,110712708,91.181,robot_2,1.632,-2.451
1789278013,110746368,91.181,robot_0,-0.456,-0.354
1789278013,110788183,91.182,robot_0_carried_generic_box,-0.469,-0.339
1789278013,110817710,91.182,robot_1_carried_generic_box,-0.370,1.889
1789278013,363426392,91.434,robot_1,-0.359,1.851
1789278013,363499213,91.434,robot_2,1.631,-2.441
1789278013,363534578,91.434,robot_0,-0.450,-0.362
1789278013,380454973,91.451,robot_0_carried_generic_box,-0.460,-0.349
1789278013,380592348,91.451,robot_1_carried_generic_box,-0.367,1.878
1789278013,590347549,91.661,robot_1,-0.356,1.839
1789278013,590418158,91.661,robot_2,1.631,-2.430
1789278013,590448346,91.661,robot_0,-0.444,-0.368
1789278013,590483102,91.661,robot_0_carried_generic_box,-0.455,-0.355
1789278013,590510612,91.661,robot_1_carried_generic_box,-0.363,1.865
1789278013,817730444,91.889,robot_1,-0.352,1.825
1789278013,817835059,91.889,robot_2,1.631,-2.419
1789278013,817870364,91.889,robot_0,-0.438,-0.375
1789278013,817907253,91.889,robot_0_carried_generic_box,-0.455,-0.355
1789278013,817942780,91.889,robot_1_carried_generic_box,-0.361,1.857
1789278014,98743612,92.170,robot_1,-0.348,1.812
1789278014,98832825,92.170,robot_2,1.630,-2.404
1789278014,98872625,92.170,robot_0,-0.431,-0.383
1789278014,98917678,92.175,robot_0_carried_generic_box,-0.442,-0.371
1789278014,104427617,92.175,robot_1_carried_generic_box,-0.354,1.831
1789278014,334765327,92.406,robot_1,-0.345,1.801
1789278014,334839327,92.406,robot_2,1.630,-2.389
1789278014,334872529,92.406,robot_0,-0.425,-0.390
1789278014,334905896,92.406,robot_0_carried_generic_box,-0.439,-0.374
1789278014,348558025,92.419,robot_1_carried_generic_box,-0.351,1.822
1789278014,551243298,92.622,robot_1,-0.341,1.786
1789278014,551316595,92.622,robot_2,1.629,-2.374
1789278014,551346164,92.622,robot_0,-0.418,-0.398
1789278014,551375633,92.622,robot_0_carried_generic_box,-0.427,-0.387
1789278014,551397616,92.622,robot_1_carried_generic_box,-0.348,1.812
1789278014,756486202,92.827,robot_1,-0.339,1.780
1789278014,756567875,92.827,robot_2,1.628,-2.367
1789278014,756599905,92.827,robot_0,-0.413,-0.404
1789278014,756634591,92.827,robot_0_carried_generic_box,-0.427,-0.387
1789278014,756659274,92.827,robot_1_carried_generic_box,-0.346,1.803
1789278014,988463814,93.059,robot_1,-0.336,1.768
1789278014,988541329,93.059,robot_2,1.628,-2.352
1789278014,988576209,93.059,robot_0,-0.401,-0.418
1789278014,988613785,93.059,robot_0_carried_generic_box,-0.420,-0.396
1789278014,988641703,93.059,robot_1_carried_generic_box,-0.341,1.786
1789278015,219331417,93.290,robot_1,-0.333,1.759
1789278015,219407241,93.290,robot_2,1.627,-2.337
1789278015,219443268,93.290,robot_0,-0.392,-0.429
1789278015,219480193,93.290,robot_0_carried_generic_box,-0.411,-0.407
1789278015,219507532,93.290,robot_1_carried_generic_box,-0.338,1.776
1789278015,432520484,93.503,robot_1,-0.332,1.753
1789278015,432601974,93.503,robot_2,1.626,-2.328
1789278015,432634261,93.503,robot_0,-0.388,-0.433
1789278015,432670249,93.503,robot_0_carried_generic_box,-0.403,-0.416
1789278015,432695171,93.503,robot_1_carried_generic_box,-0.336,1.768
1789278015,698899150,93.770,robot_1,-0.329,1.743
1789278015,698981556,93.770,robot_2,1.626,-2.313
1789278015,699019212,93.770,robot_0,-0.381,-0.441
1789278015,699051436,93.770,robot_0_carried_generic_box,-0.390,-0.430
1789278015,699074908,93.770,robot_1_carried_generic_box,-0.332,1.755
1789278015,931638303,94.002,robot_1,-0.327,1.736
1789278015,931713395,94.002,robot_2,1.625,-2.304
1789278015,931747679,94.002,robot_0,-0.373,-0.450
1789278015,931784418,94.003,robot_0_carried_generic_box,-0.386,-0.435
1789278015,931811167,94.003,robot_1_carried_generic_box,-0.332,1.755
1789278016,138907847,94.246,robot_1,-0.324,1.726
1789278016,175299249,94.246,robot_2,1.624,-2.291
1789278016,175349236,94.246,robot_0,-0.366,-0.459
1789278016,175384658,94.246,robot_0_carried_generic_box,-0.381,-0.441
1789278016,175409426,94.246,robot_1_carried_generic_box,-0.328,1.742
1789278016,391738894,94.462,robot_1,-0.320,1.715
1789278016,391814507,94.463,robot_2,1.623,-2.275
1789278016,391852315,94.463,robot_0,-0.355,-0.472
1789278016,391927976,94.463,robot_0_carried_generic_box,-0.375,-0.447
1789278016,391956977,94.463,robot_1_carried_generic_box,-0.325,1.732
1789278016,607137995,94.678,robot_1,-0.317,1.705
1789278016,607213270,94.678,robot_2,1.623,-2.265
1789278016,607243549,94.678,robot_0,-0.346,-0.481
1789278016,607279193,94.678,robot_0_carried_generic_box,-0.366,-0.459
1789278016,607307831,94.678,robot_1_carried_generic_box,-0.324,1.726
1789278016,866359434,94.937,robot_1,-0.313,1.691
1789278016,866426531,94.937,robot_2,1.622,-2.251
1789278016,866458773,94.937,robot_0,-0.340,-0.489
1789278016,866493661,94.937,robot_0_carried_generic_box,-0.351,-0.476
1789278016,866520267,94.937,robot_1_carried_generic_box,-0.319,1.711
1789278017,123839340,95.195,robot_1,-0.307,1.671
1789278017,123934602,95.195,robot_2,1.620,-2.236
1789278017,123974930,95.195,robot_0,-0.331,-0.499
1789278017,124162031,95.195,robot_0_carried_generic_box,-0.345,-0.483
1789278017,124198810,95.195,robot_1_carried_generic_box,-0.315,1.697
1789278017,384356861,95.455,robot_1,-0.302,1.654
1789278017,384435840,95.455,robot_2,1.619,-2.221
1789278017,384476450,95.455,robot_0,-0.323,-0.508
1789278017,384522059,95.455,robot_0_carried_generic_box,-0.333,-0.496
1789278017,384550460,95.455,robot_1_carried_generic_box,-0.310,1.680
1789278017,615748061,95.687,robot_1,-0.297,1.640
1789278017,615815893,95.687,robot_2,1.617,-2.206
1789278017,615849873,95.687,robot_0,-0.316,-0.516
1789278017,615886542,95.687,robot_0_carried_generic_box,-0.327,-0.504
1789278017,615915079,95.687,robot_1_carried_generic_box,-0.308,1.674
1789278017,823515355,95.894,robot_1,-0.293,1.626
1789278017,823601912,95.894,robot_2,1.616,-2.192
1789278017,823645964,95.894,robot_0,-0.310,-0.523
1789278017,823700056,95.894,robot_0_carried_generic_box,-0.324,-0.507
1789278017,823737731,95.894,robot_1_carried_generic_box,-0.301,1.651
1789278018,79703247,96.150,robot_1,-0.291,1.617
1789278018,81074981,96.152,robot_2,1.615,-2.184
1789278018,81160550,96.152,robot_0,-0.303,-0.531
1789278018,81207686,96.152,robot_0_carried_generic_box,-0.315,-0.517
1789278018,81240099,96.152,robot_1_carried_generic_box,-0.297,1.637
1789278018,316721657,96.387,robot_1,-0.287,1.606
1789278018,316805894,96.388,robot_2,1.614,-2.173
1789278018,316846541,96.388,robot_0,-0.296,-0.538
1789278018,316892670,96.388,robot_0_carried_generic_box,-0.308,-0.525
1789278018,319718906,96.391,robot_1_carried_generic_box,-0.294,1.628
1789278018,540461884,96.611,robot_1,-0.283,1.592
1789278018,540532425,96.611,robot_2,1.612,-2.160
1789278018,540568842,96.611,robot_0,-0.288,-0.549
1789278018,540607282,96.611,robot_0_carried_generic_box,-0.306,-0.527
1789278018,540641480,96.611,robot_1_carried_generic_box,-0.291,1.620
1789278018,765073153,96.836,robot_1,-0.278,1.577
1789278018,765148404,96.836,robot_2,1.611,-2.148
1789278018,765178939,96.836,robot_0,-0.279,-0.559
1789278018,765215165,96.836,robot_0_carried_generic_box,-0.293,-0.542
1789278018,765247802,96.836,robot_1_carried_generic_box,-0.289,1.612
1789278018,994019543,97.065,robot_1,-0.274,1.563
1789278018,994091268,97.065,robot_2,1.609,-2.133
1789278018,994125504,97.065,robot_0,-0.271,-0.568
1789278018,994170052,97.065,robot_0_carried_generic_box,-0.293,-0.542
1789278018,994207192,97.065,robot_1_carried_generic_box,-0.284,1.595
1789278019,209844560,97.281,robot_1,-0.270,1.549
1789278019,209918901,97.300,robot_2,1.607,-2.122
1789278019,229070331,97.300,robot_0,-0.261,-0.579
1789278019,229125474,97.300,robot_0_carried_generic_box,-0.276,-0.562
1789278019,229162943,97.300,robot_1_carried_generic_box,-0.280,1.583
1789278019,440860621,97.512,robot_1,-0.266,1.537
1789278019,440972093,97.512,robot_2,1.606,-2.114
1789278019,441012646,97.512,robot_0,-0.254,-0.588
1789278019,441053321,97.512,robot_0_carried_generic_box,-0.271,-0.568
1789278019,441082162,97.512,robot_1_carried_generic_box,-0.276,1.569
1789278019,657693115,97.728,robot_1,-0.263,1.526
1789278019,657764176,97.729,robot_2,1.605,-2.106
1789278019,657800943,97.729,robot_0,-0.246,-0.597
1789278019,657841432,97.729,robot_0_carried_generic_box,-0.265,-0.574
1789278019,657871819,97.729,robot_1_carried_generic_box,-0.269,1.546
1789278019,898780708,97.970,robot_1,-0.260,1.517
1789278019,899500190,97.970,robot_2,1.604,-2.100
1789278019,899576081,97.970,robot_0,-0.240,-0.604
1789278019,899619939,97.970,robot_0_carried_generic_box,-0.255,-0.586
1789278019,899650838,97.970,robot_1_carried_generic_box,-0.269,1.546
1789278020,123030846,98.194,robot_1,-0.252,1.491
1789278020,123101495,98.194,robot_2,1.601,-2.081
1789278020,123139157,98.194,robot_0,-0.222,-0.624
1789278020,123184195,98.194,robot_0_carried_generic_box,-0.248,-0.595
1789278020,123218168,98.194,robot_1_carried_generic_box,-0.263,1.529
1789278020,340283988,98.411,robot_1,-0.248,1.479
1789278020,340355089,98.411,robot_2,1.599,-2.066
1789278020,340391484,98.411,robot_0,-0.212,-0.635
1789278020,340429612,98.411,robot_0_carried_generic_box,-0.238,-0.606
1789278020,340458692,98.411,robot_1_carried_generic_box,-0.263,1.529
1789278020,605298203,98.676,robot_1,-0.246,1.470
1789278020,605373911,98.676,robot_2,1.597,-2.054
1789278020,605411648,98.676,robot_0,-0.205,-0.643
1789278020,605490408,98.676,robot_0_carried_generic_box,-0.222,-0.624
1789278020,605529516,98.676,robot_1_carried_generic_box,-0.251,1.488
1789278020,848703536,98.919,robot_1,-0.241,1.456
1789278020,848776265,98.920,robot_2,1.595,-2.043
1789278020,848816126,98.920,robot_0,-0.199,-0.651
1789278020,848865620,98.920,robot_0_carried_generic_box,-0.208,-0.640
1789278020,848903420,98.920,robot_1_carried_generic_box,-0.248,1.479
1789278021,57871701,99.137,robot_1,-0.238,1.446
1789278021,66232231,99.137,robot_2,1.593,-2.035
1789278021,66285882,99.137,robot_0,-0.193,-0.657
1789278021,66334602,99.137,robot_0_carried_generic_box,-0.204,-0.645
1789278021,66367642,99.137,robot_1_carried_generic_box,-0.246,1.470
1789278021,288687367,99.359,robot_1,-0.235,1.434
1789278021,288759605,99.360,robot_2,1.591,-2.023
1789278021,288793047,99.360,robot_0,-0.186,-0.666
1789278021,288835762,99.360,robot_0_carried_generic_box,-0.197,-0.652
1789278021,288870339,99.360,robot_1_carried_generic_box,-0.243,1.462
1789278021,519201813,99.590,robot_1,-0.232,1.425
1789278021,519273497,99.590,robot_2,1.588,-2.010
1789278021,519310073,99.590,robot_0,-0.179,-0.674
1789278021,519719050,99.590,robot_0_carried_generic_box,-0.195,-0.655
1789278021,519784215,99.591,robot_1_carried_generic_box,-0.237,1.442
1789278021,775762065,99.847,robot_1,-0.228,1.412
1789278021,775827315,99.847,robot_2,1.585,-1.996
1789278021,775859141,99.847,robot_0,-0.172,-0.681
1789278021,775898657,99.847,robot_0_carried_generic_box,-0.183,-0.669
1789278021,775936124,99.847,robot_1_carried_generic_box,-0.234,1.432
1789278022,21898858,100.093,robot_1,-0.223,1.397
1789278022,22609518,100.093,robot_2,1.582,-1.981
1789278022,22665158,100.093,robot_0,-0.166,-0.689
1789278022,22711705,100.093,robot_0_carried_generic_box,-0.178,-0.675
1789278022,22746827,100.093,robot_1_carried_generic_box,-0.231,1.423
1789278022,246312927,100.317,robot_1,-0.219,1.383
1789278022,246386066,100.317,robot_2,1.579,-1.967
1789278022,246420302,100.317,robot_0,-0.159,-0.696
1789278022,246460658,100.317,robot_0_carried_generic_box,-0.169,-0.686
1789278022,246491826,100.317,robot_1_carried_generic_box,-0.226,1.406
1789278022,452513660,100.523,robot_1,-0.216,1.372
1789278022,452583055,100.523,robot_2,1.577,-1.959
1789278022,452622071,100.523,robot_0,-0.152,-0.705
1789278022,452670317,100.523,robot_0_carried_generic_box,-0.163,-0.692
1789278022,452709765,100.523,robot_1_carried_generic_box,-0.223,1.395
1789278022,710504614,100.781,robot_1,-0.212,1.360
1789278022,710567219,100.781,robot_2,1.575,-1.950
1789278022,710601802,100.781,robot_0,-0.145,-0.713
1789278022,710643352,100.781,robot_0_carried_generic_box,-0.161,-0.695
1789278022,710679534,100.781,robot_1_carried_generic_box,-0.220,1.386
1789278022,924692967,100.995,robot_1,-0.208,1.346
1789278022,924762286,100.996,robot_2,1.572,-1.939
1789278022,924797111,100.996,robot_0,-0.137,-0.721
1789278022,924835002,100.996,robot_0_carried_generic_box,-0.156,-0.700
1789278022,924867972,100.996,robot_1_carried_generic_box,-0.218,1.377
1789278023,163273825,101.234,robot_1,-0.205,1.334
1789278023,163347690,101.234,robot_2,1.571,-1.931
1789278023,163386746,101.234,robot_0,-0.129,-0.730
1789278023,163439164,101.234,robot_0_carried_generic_box,-0.148,-0.709
1789278023,163482829,101.234,robot_1_carried_generic_box,-0.213,1.363
1789278023,395677138,101.466,robot_1,-0.201,1.322
1789278023,395751066,101.467,robot_2,1.568,-1.922
1789278023,395789915,101.467,robot_0,-0.120,-0.742
1789278023,395835764,101.467,robot_0_carried_generic_box,-0.141,-0.717
1789278023,395867586,101.467,robot_1_carried_generic_box,-0.209,1.349
1789278023,635760623,101.707,robot_1,-0.197,1.309
1789278023,635834649,101.707,robot_2,1.565,-1.910
1789278023,635875104,101.707,robot_0,-0.108,-0.755
1789278023,649254595,101.720,robot_0_carried_generic_box,-0.124,-0.737
1789278023,649371707,101.720,robot_1_carried_generic_box,-0.206,1.337
1789278023,959017034,102.030,robot_1,-0.192,1.289
1789278023,959132185,102.030,robot_2,1.562,-1.896
1789278023,959164729,102.030,robot_0,-0.094,-0.771
1789278023,959205311,102.030,robot_0_carried_generic_box,-0.116,-0.746
1789278023,959240307,102.033,robot_1_carried_generic_box,-0.199,1.316
1789278024,167625111,102.238,robot_1,-0.188,1.278
1789278024,167697671,102.238,robot_2,1.560,-1.889
1789278024,167733137,102.238,robot_0,-0.089,-0.777
1789278024,167771577,102.239,robot_0_carried_generic_box,-0.100,-0.764
1789278024,167802035,102.239,robot_1_carried_generic_box,-0.194,1.298
1789278024,389673894,102.460,robot_1,-0.184,1.263
1789278024,389748833,102.460,robot_2,1.556,-1.876
1789278024,389780585,102.461,robot_0,-0.080,-0.787
1789278024,389820954,102.461,robot_0_carried_generic_box,-0.093,-0.772
1789278024,389864731,102.461,robot_1_carried_generic_box,-0.192,1.292
1789278024,623486570,102.695,robot_1,-0.179,1.246
1789278024,624354618,102.695,robot_2,1.553,-1.864
1789278024,624394367,102.695,robot_0,-0.071,-0.798
1789278024,624441431,102.695,robot_0_carried_generic_box,-0.084,-0.782
1789278024,624479248,102.695,robot_1_carried_generic_box,-0.189,1.281
1789278024,870843468,102.942,robot_1,-0.175,1.231
1789278024,878447878,102.950,robot_2,1.549,-1.852
1789278024,879073282,102.950,robot_0,-0.062,-0.807
1789278024,879137610,102.950,robot_0_carried_generic_box,-0.075,-0.793
1789278024,879176895,102.950,robot_1_carried_generic_box,-0.182,1.255
1789278025,90296640,103.161,robot_1,-0.173,1.222
1789278025,90377349,103.161,robot_2,1.546,-1.843
1789278025,90420892,103.161,robot_0,-0.055,-0.816
1789278025,90473897,103.161,robot_0_carried_generic_box,-0.071,-0.798
1789278025,90518482,103.161,robot_1_carried_generic_box,-0.182,1.255
1789278025,302439592,103.380,robot_1,-0.170,1.212
1789278025,309167818,103.380,robot_2,1.544,-1.833
1789278025,309231210,103.380,robot_0,-0.047,-0.825
1789278025,312489103,103.383,robot_0_carried_generic_box,-0.062,-0.807
1789278025,312581458,103.383,robot_1_carried_generic_box,-0.174,1.229
1789278025,516600888,103.592,robot_1,-0.167,1.202
1789278025,521186834,103.592,robot_2,1.541,-1.825
1789278025,521244420,103.592,robot_0,-0.042,-0.831
1789278025,521300242,103.597,robot_0_carried_generic_box,-0.056,-0.814
1789278025,526998675,103.598,robot_1_carried_generic_box,-0.172,1.220
1789278025,743603816,103.814,robot_1,-0.163,1.187
1789278025,743685713,103.814,robot_2,1.538,-1.816
1789278025,743720931,103.814,robot_0,-0.035,-0.839
1789278025,743764293,103.815,robot_0_carried_generic_box,-0.050,-0.822
1789278025,743808112,103.815,robot_1_carried_generic_box,-0.169,1.210
1789278025,991231457,104.062,robot_1,-0.159,1.173
1789278025,991317403,104.062,robot_2,1.534,-1.803
1789278025,991352948,104.062,robot_0,-0.028,-0.846
1789278025,991398570,104.063,robot_0_carried_generic_box,-0.038,-0.836
1789278025,992760556,104.064,robot_1_carried_generic_box,-0.165,1.196
1789278026,234184300,104.305,robot_1,-0.155,1.162
1789278026,234257930,104.305,robot_2,1.529,-1.786
1789278026,234296023,104.305,robot_0,-0.017,-0.859
1789278026,234343495,104.305,robot_0_carried_generic_box,-0.033,-0.842
1789278026,234383565,104.305,robot_1_carried_generic_box,-0.159,1.176
1789278026,469770448,104.541,robot_1,-0.152,1.151
1789278026,469845925,104.541,robot_2,1.525,-1.774
1789278026,469878732,104.541,robot_0,-0.007,-0.871
1789278026,469927802,104.541,robot_0_carried_generic_box,-0.023,-0.853
1789278026,469971947,104.541,robot_1_carried_generic_box,-0.156,1.165
1789278026,698075560,104.769,robot_1,-0.148,1.137
1789278026,698194112,104.769,robot_2,1.522,-1.764
1789278026,698252803,104.769,robot_0,0.000,-0.879
1789278026,703976624,104.775,robot_0_carried_generic_box,-0.019,-0.857
1789278026,704099260,104.775,robot_1_carried_generic_box,-0.156,1.165
1789278026,912032670,104.983,robot_1,-0.144,1.122
1789278026,912116004,104.983,robot_2,1.517,-1.748
1789278026,912146617,104.983,robot_0,0.008,-0.888
1789278026,912187832,104.983,robot_0_carried_generic_box,-0.002,-0.876
1789278026,912218923,104.983,robot_1_carried_generic_box,-0.152,1.149
1789278027,169897724,105.283,robot_1,-0.141,1.111
1789278027,212094456,105.283,robot_2,1.513,-1.734
1789278027,212153794,105.283,robot_0,0.015,-0.896
1789278027,212198091,105.283,robot_0_carried_generic_box,0.002,-0.881
1789278027,212231758,105.283,robot_1_carried_generic_box,-0.145,1.126
1789278027,377491057,105.448,robot_1,-0.138,1.103
1789278027,377574176,105.448,robot_2,1.510,-1.726
1789278027,377616761,105.448,robot_0,0.019,-0.900
1789278027,377668494,105.448,robot_0_carried_generic_box,0.007,-0.887
1789278027,377711736,105.448,robot_1_carried_generic_box,-0.145,1.126
1789278027,587591367,105.658,robot_1,-0.135,1.092
1789278027,587677517,105.658,robot_2,1.507,-1.716
1789278027,587717903,105.658,robot_0,0.028,-0.911
1789278027,587767537,105.659,robot_0_carried_generic_box,0.010,-0.890
1789278027,587809300,105.659,robot_1_carried_generic_box,-0.140,1.108
1789278027,815042058,105.886,robot_1,-0.132,1.082
1789278027,815127379,105.886,robot_2,1.504,-1.705
1789278027,815160365,105.886,robot_0,0.035,-0.919
1789278027,815203023,105.886,robot_0_carried_generic_box,0.016,-0.897
1789278027,815244969,105.886,robot_1_carried_generic_box,-0.140,1.108
1789278028,20416603,106.091,robot_1,-0.128,1.068
1789278028,20492058,106.091,robot_2,1.500,-1.693
1789278028,20525658,106.091,robot_0,0.042,-0.928
1789278028,20567278,106.091,robot_0_carried_generic_box,0.030,-0.913
1789278028,20600405,106.091,robot_1_carried_generic_box,-0.137,1.098
1789278028,250908424,106.330,robot_1,-0.125,1.057
1789278028,259186571,106.330,robot_2,1.497,-1.685
1789278028,259238843,106.330,robot_0,0.048,-0.934
1789278028,259284078,106.330,robot_0_carried_generic_box,0.030,-0.913
1789278028,259318657,106.330,robot_1_carried_generic_box,-0.131,1.080
1789278028,496387493,106.567,robot_1,-0.121,1.045
1789278028,496486894,106.567,robot_2,1.494,-1.673
1789278028,496522320,106.567,robot_0,0.056,-0.943
1789278028,496564540,106.567,robot_0_carried_generic_box,0.042,-0.928
1789278028,496601003,106.567,robot_1_carried_generic_box,-0.128,1.068
1789278028,689558465,106.760,robot_1,-0.117,1.032
1789278028,689640668,106.760,robot_2,1.491,-1.664
1789278028,689674340,106.760,robot_0,0.066,-0.954
1789278028,689715879,106.760,robot_0_carried_generic_box,0.049,-0.935
1789278028,689752124,106.760,robot_1_carried_generic_box,-0.125,1.057
1789278028,945481168,107.016,robot_1,-0.114,1.022
1789278028,945558129,107.016,robot_2,1.488,-1.652
1789278028,945597131,107.016,robot_0,0.073,-0.962
1789278028,945645338,107.016,robot_0_carried_generic_box,0.058,-0.945
1789278028,945680395,107.016,robot_1_carried_generic_box,-0.120,1.043
1789278029,184197926,107.255,robot_1,-0.110,1.009
1789278029,184267550,107.255,robot_2,1.484,-1.640
1789278029,184296815,107.255,robot_0,0.079,-0.970
1789278029,184342672,107.255,robot_0_carried_generic_box,0.067,-0.956
1789278029,184380461,107.255,robot_1_carried_generic_box,-0.116,1.029
1789278029,501672672,107.572,robot_1,-0.104,0.989
1789278029,501742303,107.572,robot_2,1.480,-1.623
1789278029,501772948,107.573,robot_0,0.090,-0.982
1789278029,501811052,107.573,robot_0_carried_generic_box,0.078,-0.968
1789278029,501842757,107.573,robot_1_carried_generic_box,-0.110,1.009
1789278029,755126126,107.826,robot_1,-0.099,0.974
1789278029,755210173,107.826,robot_2,1.477,-1.612
1789278029,755242895,107.826,robot_0,0.097,-0.990
1789278029,755281798,107.826,robot_0_carried_generic_box,0.081,-0.971
1789278029,755311742,107.826,robot_1_carried_generic_box,-0.107,1.000
1789278030,9655298,108.080,robot_1,-0.097,0.965
1789278030,9737692,108.080,robot_2,1.474,-1.602
1789278030,9769304,108.081,robot_0,0.105,-0.999
1789278030,10301970,108.081,robot_0_carried_generic_box,0.090,-0.982
1789278030,10348715,108.081,robot_1_carried_generic_box,-0.103,0.986
1789278030,242192313,108.313,robot_1,-0.093,0.954
1789278030,242269021,108.313,robot_2,1.471,-1.587
1789278030,242298261,108.313,robot_0,0.112,-1.007
1789278030,242337115,108.313,robot_0_carried_generic_box,0.095,-0.988
1789278030,242367491,108.313,robot_1_carried_generic_box,-0.099,0.972
1789278030,447518957,108.518,robot_1,-0.089,0.940
1789278030,447587062,108.518,robot_2,1.467,-1.573
1789278030,447616423,108.518,robot_0,0.122,-1.018
1789278030,447653883,108.518,robot_0_carried_generic_box,0.103,-0.997
1789278030,447686608,108.518,robot_1_carried_generic_box,-0.097,0.965
1789278030,647935944,108.719,robot_1,-0.085,0.928
1789278030,648010859,108.719,robot_2,1.465,-1.565
1789278030,648042858,108.719,robot_0,0.127,-1.025
1789278030,648081566,108.719,robot_0_carried_generic_box,0.110,-1.006
1789278030,651044666,108.722,robot_1_carried_generic_box,-0.094,0.957
1789278030,888360154,108.959,robot_1,-0.081,0.915
1789278030,888432105,108.959,robot_2,1.464,-1.559
1789278030,888465333,108.959,robot_0,0.138,-1.037
1789278030,888506345,108.959,robot_0_carried_generic_box,0.116,-1.012
1789278030,888536143,108.959,robot_1_carried_generic_box,-0.090,0.943
1789278031,115581366,109.186,robot_1,-0.078,0.906
1789278031,115677844,109.186,robot_2,1.464,-1.559
1789278031,115718482,109.186,robot_0,0.147,-1.048
1789278031,115774470,109.187,robot_0_carried_generic_box,0.126,-1.023
1789278031,119706953,109.190,robot_1_carried_generic_box,-0.083,0.921
1789278031,337819932,109.409,robot_1,-0.074,0.893
1789278031,337902362,109.409,robot_2,1.464,-1.559
1789278031,337940833,109.409,robot_0,0.157,-1.059
1789278031,337977619,109.409,robot_0_carried_generic_box,0.140,-1.039
1789278031,338013018,109.409,robot_1_carried_generic_box,-0.080,0.912
1789278031,599857763,109.671,robot_1,-0.070,0.880
1789278031,599936774,109.671,robot_2,1.464,-1.559
1789278031,599968271,109.671,robot_0,0.167,-1.071
1789278031,600008553,109.671,robot_0_carried_generic_box,0.147,-1.048
1789278031,600041872,109.671,robot_1_carried_generic_box,-0.078,0.904
1789278031,860854500,109.932,robot_1,-0.067,0.870
1789278031,860942054,109.932,robot_2,1.464,-1.559
1789278031,860974486,109.932,robot_0,0.177,-1.082
1789278031,861013695,109.932,robot_0_carried_generic_box,0.155,-1.057
1789278031,861050195,109.932,robot_1_carried_generic_box,-0.074,0.893
1789278032,107290216,110.178,robot_1,-0.063,0.857
1789278032,107364631,110.178,robot_2,1.464,-1.559
1789278032,107393071,110.178,robot_0,0.184,-1.090
1789278032,107434315,110.178,robot_0_carried_generic_box,0.171,-1.075
1789278032,107465712,110.178,robot_1_carried_generic_box,-0.070,0.878
1789278032,343167360,110.414,robot_1,-0.057,0.837
1789278032,343246353,110.414,robot_2,1.464,-1.559
1789278032,343281679,110.414,robot_0,0.193,-1.101
1789278032,343326761,110.414,robot_0_carried_generic_box,0.181,-1.087
1789278032,343374218,110.414,robot_1_carried_generic_box,-0.066,0.865
1789278032,578595353,110.649,robot_1,-0.051,0.819
1789278032,578661332,110.649,robot_2,1.464,-1.559
1789278032,578694225,110.649,robot_0,0.205,-1.114
1789278032,578740313,110.649,robot_0_carried_generic_box,0.190,-1.097
1789278032,578778545,110.650,robot_1_carried_generic_box,-0.061,0.851
1789278032,817617654,110.888,robot_1,-0.049,0.810
1789278032,817690607,110.888,robot_2,1.464,-1.559
1789278032,817721138,110.888,robot_0,0.213,-1.123
1789278032,817767921,110.889,robot_0_carried_generic_box,0.195,-1.102
1789278032,817799179,110.889,robot_1_carried_generic_box,-0.056,0.834
1789278033,31937982,111.103,robot_1,-0.045,0.801
1789278033,32008400,111.103,robot_2,1.464,-1.559
1789278033,32039838,111.103,robot_0,0.222,-1.134
1789278033,32081862,111.103,robot_0_carried_generic_box,0.203,-1.111
1789278033,32114633,111.103,robot_1_carried_generic_box,-0.050,0.814
1789278033,254535969,111.325,robot_1,-0.042,0.791
1789278033,254642048,111.325,robot_2,1.464,-1.559
1789278033,254681846,111.325,robot_0,0.232,-1.145
1789278033,254731957,111.325,robot_0_carried_generic_box,0.213,-1.123
1789278033,254773494,111.326,robot_1_carried_generic_box,-0.048,0.808
1789278033,491528392,111.562,robot_1,-0.039,0.779
1789278033,491607423,111.562,robot_2,1.464,-1.559
1789278033,491642649,111.562,robot_0,0.240,-1.154
1789278033,491687142,111.562,robot_0_carried_generic_box,0.228,-1.141
1789278033,491723613,111.562,robot_1_carried_generic_box,-0.044,0.795
1789278033,723494748,111.794,robot_1,-0.036,0.770
1789278033,723582249,111.794,robot_2,1.464,-1.559
1789278033,723617471,111.794,robot_0,0.243,-1.157
1789278033,723657610,111.794,robot_1_carried_generic_box,-0.042,0.789
1789278033,944385597,112.015,robot_1,-0.033,0.760
1789278033,944467017,112.015,robot_2,1.464,-1.559
1789278033,944498165,112.015,robot_0,0.245,-1.159
1789278033,944537811,112.015,robot_1_carried_generic_box,-0.040,0.785
1789278034,169078624,112.240,robot_1,-0.028,0.746
1789278034,172463088,112.243,robot_2,1.464,-1.559
1789278034,172550985,112.243,robot_0,0.250,-1.166
1789278034,172608429,112.243,robot_1_carried_generic_box,-0.036,0.770
1789278034,370620443,112.441,robot_1,-0.024,0.735
1789278034,370705150,112.441,robot_2,1.464,-1.559
1789278034,370738447,112.441,robot_0,0.258,-1.174
1789278034,370779976,112.442,robot_1_carried_generic_box,-0.033,0.762
1789278035,29467983,113.100,robot_1,-0.021,0.723
1789278035,29547550,113.100,robot_2,1.464,-1.559
1789278035,29580384,113.100,robot_0,0.265,-1.182
1789278035,29622953,113.100,robot_1_carried_generic_box,-0.031,0.755
1789278035,29659231,113.100,robot_2_carried_generic_box,1.464,-1.559
1789278035,231582697,113.302,robot_1,-0.017,0.712
1789278035,231651375,113.302,robot_2,1.463,-1.557
1789278035,231681001,113.302,robot_0,0.269,-1.187
1789278035,231719613,113.302,robot_1_carried_generic_box,-0.021,0.723
1789278035,249751423,113.321,robot_2_carried_generic_box,1.464,-1.559
1789278035,441439604,113.512,robot_1,-0.015,0.704
1789278035,441511854,113.512,robot_2,1.461,-1.555
1789278035,441548302,113.512,robot_0,0.271,-1.189
1789278035,441599224,113.512,robot_1_carried_generic_box,-0.020,0.720
1789278035,441634176,113.512,robot_2_carried_generic_box,1.464,-1.558
1789278035,667600417,113.738,robot_1,-0.011,0.694
1789278035,667682397,113.738,robot_2,1.460,-1.554
1789278035,667720750,113.738,robot_0,0.270,-1.188
1789278035,667769166,113.739,robot_1_carried_generic_box,-0.018,0.715
1789278035,667810002,113.739,robot_2_carried_generic_box,1.464,-1.558
1789278035,877528859,113.948,robot_1,-0.008,0.683
1789278035,877616147,113.948,robot_2,1.458,-1.553
1789278035,877652818,113.948,robot_0,0.270,-1.188
1789278035,877700579,113.948,robot_1_carried_generic_box,-0.015,0.706
1789278035,877740925,113.948,robot_2_carried_generic_box,1.461,-1.556
1789278036,107379146,114.178,robot_1,-0.003,0.669
1789278036,107468548,114.178,robot_2,1.451,-1.548
1789278036,107508204,114.178,robot_0,0.270,-1.188
1789278036,107560206,114.178,robot_1_carried_generic_box,-0.010,0.689
1789278036,107603867,114.178,robot_2_carried_generic_box,1.459,-1.554
1789278036,325892465,114.397,robot_1,0.001,0.655
1789278036,325975745,114.397,robot_2,1.440,-1.539
1789278036,326013057,114.397,robot_0,0.270,-1.188
1789278036,326053192,114.397,robot_1_carried_generic_box,-0.007,0.680
1789278036,326086321,114.397,robot_2_carried_generic_box,1.454,-1.550
1789278036,560317621,114.631,robot_1,0.006,0.641
1789278036,560391595,114.631,robot_2,1.428,-1.530
1789278036,560423853,114.631,robot_0,0.270,-1.188
1789278036,560468227,114.631,robot_1_carried_generic_box,-0.002,0.666
1789278036,560506884,114.631,robot_2_carried_generic_box,1.453,-1.549
1789278036,768521435,114.839,robot_1,0.011,0.624
1789278036,768589801,114.839,robot_2,1.413,-1.520
1789278036,768625119,114.839,robot_0,0.270,-1.188
1789278036,768671835,114.839,robot_1_carried_generic_box,0.002,0.652
1789278036,768702370,114.839,robot_2_carried_generic_box,1.444,-1.543
1789278036,969917475,115.041,robot_1,0.013,0.619
1789278036,970566523,115.041,robot_2,1.408,-1.516
1789278036,970600719,115.041,robot_0,0.270,-1.188
1789278036,970648722,115.041,robot_1_carried_generic_box,0.005,0.643
1789278036,970692935,115.041,robot_2_carried_generic_box,1.430,-1.532
1789278037,200085549,115.271,robot_1,0.016,0.607
1789278037,200152494,115.271,robot_2,1.394,-1.505
1789278037,200180775,115.271,robot_0,0.270,-1.188
1789278037,200222525,115.271,robot_1_carried_generic_box,0.009,0.632
1789278037,200255805,115.271,robot_2_carried_generic_box,1.418,-1.523
1789278037,415362309,115.486,robot_1,0.020,0.597
1789278037,415423925,115.486,robot_2,1.384,-1.498
1789278037,415453951,115.486,robot_0,0.270,-1.188
1789278037,415490642,115.486,robot_1_carried_generic_box,0.014,0.615
1789278037,415517156,115.486,robot_2_carried_generic_box,1.406,-1.514
1789278037,686780106,115.758,robot_1,0.024,0.585
1789278037,686854975,115.758,robot_2,1.374,-1.491
1789278037,686893725,115.758,robot_0,0.270,-1.188
1789278037,686950058,115.758,robot_1_carried_generic_box,0.016,0.607
1789278037,686987890,115.758,robot_2_carried_generic_box,1.399,-1.509
1789278037,908905321,115.993,robot_1,0.028,0.571
1789278037,921930710,115.993,robot_2,1.362,-1.482
1789278037,921988270,115.998,robot_0,0.270,-1.188
1789278037,927166923,115.998,robot_1_carried_generic_box,0.019,0.600
1789278037,927212603,115.998,robot_2_carried_generic_box,1.389,-1.502
1789278038,165315115,116.236,robot_1,0.031,0.562
1789278038,165384696,116.236,robot_2,1.353,-1.475
1789278038,165417813,116.236,robot_0,0.270,-1.188
1789278038,165460235,116.236,robot_1_carried_generic_box,0.022,0.591
1789278038,165492746,116.236,robot_2_carried_generic_box,1.379,-1.495
1789278038,427804541,116.499,robot_1,0.036,0.548
1789278038,427884005,116.499,robot_2,1.338,-1.464
1789278038,427925784,116.499,robot_0,0.270,-1.189
1789278038,427967865,116.499,robot_1_carried_generic_box,0.027,0.574
1789278038,427997389,116.499,robot_2_carried_generic_box,1.367,-1.486
1789278038,667129589,116.738,robot_1,0.041,0.531
1789278038,667211089,116.738,robot_2,1.321,-1.452
1789278038,667250059,116.738,robot_0,0.270,-1.189
1789278038,667296670,116.738,robot_1_carried_generic_box,0.031,0.562
1789278038,667333793,116.738,robot_2_carried_generic_box,1.355,-1.477
1789278038,893496774,116.964,robot_1,0.045,0.518
1789278038,893565371,116.964,robot_2,1.307,-1.441
1789278038,893596844,116.964,robot_0,0.270,-1.189
1789278038,893636924,116.964,robot_1_carried_generic_box,0.039,0.537
1789278038,893664812,116.964,robot_2_carried_generic_box,1.331,-1.459
1789278039,163092695,117.234,robot_1,0.049,0.506
1789278039,163176218,117.234,robot_2,1.297,-1.434
1789278039,163214066,117.234,robot_0,0.270,-1.189
1789278039,163261321,117.234,robot_1_carried_generic_box,0.042,0.527
1789278039,163294465,117.234,robot_2_carried_generic_box,1.324,-1.454
1789278039,422647249,117.493,robot_1,0.053,0.493
1789278039,422725933,117.493,robot_2,1.283,-1.424
1789278039,422770980,117.494,robot_0,0.270,-1.189
1789278039,422823531,117.494,robot_1_carried_generic_box,0.044,0.520
1789278039,422862823,117.494,robot_2_carried_generic_box,1.302,-1.438
1789278039,657845769,117.729,robot_1,0.056,0.482
1789278039,658160109,117.729,robot_2,1.273,-1.416
1789278039,658218652,117.729,robot_0,0.267,-1.188
1789278039,658263085,117.729,robot_1_carried_generic_box,0.048,0.509
1789278039,658293251,117.729,robot_2_carried_generic_box,1.292,-1.431
1789278039,903885113,117.975,robot_1,0.061,0.468
1789278039,903961752,117.975,robot_2,1.261,-1.408
1789278039,903997583,117.975,robot_0,0.258,-1.186
1789278039,904037201,117.975,robot_1_carried_generic_box,0.054,0.491
1789278039,904065192,117.975,robot_2_carried_generic_box,1.283,-1.424
1789278040,150397417,118.221,robot_1,0.066,0.451
1789278040,150462434,118.221,robot_2,1.248,-1.398
1789278040,150496860,118.221,robot_0,0.250,-1.184
1789278040,150538473,118.221,robot_1_carried_generic_box,0.058,0.477
1789278040,150568665,118.221,robot_2_carried_generic_box,1.273,-1.416
1789278040,356840691,118.437,robot_1,0.069,0.442
1789278040,366345388,118.437,robot_2,1.243,-1.395
1789278040,366409757,118.437,robot_0,0.249,-1.184
1789278040,366460374,118.437,robot_1_carried_generic_box,0.062,0.465
1789278040,366491343,118.437,robot_2_carried_generic_box,1.263,-1.409
1789278040,591021272,118.662,robot_1,0.074,0.427
1789278040,591130338,118.662,robot_2,1.240,-1.392
1789278040,591170314,118.662,robot_0,0.249,-1.184
1789278040,591215364,118.662,robot_1_carried_generic_box,0.067,0.448
1789278040,591243198,118.662,robot_2_carried_generic_box,1.249,-1.399
1789278040,827449262,118.898,robot_1,0.077,0.418
1789278040,827520644,118.898,robot_2,1.240,-1.392
1789278040,827563583,118.898,robot_0,0.249,-1.184
1789278040,827614248,118.898,robot_1_carried_generic_box,0.070,0.439
1789278040,827651153,118.898,robot_2_carried_generic_box,1.241,-1.393
1789278041,78493830,119.149,robot_1,0.080,0.408
1789278041,78561791,119.149,robot_2,1.240,-1.392
1789278041,78601027,119.149,robot_0,0.249,-1.184
1789278041,78646468,119.149,robot_1_carried_generic_box,0.075,0.422
1789278041,78675739,119.149,robot_2_carried_generic_box,1.240,-1.392
1789278041,285010975,119.356,robot_1,0.083,0.399
1789278041,285088004,119.356,robot_2,1.240,-1.392
1789278041,285120917,119.356,robot_0,0.249,-1.184
1789278041,285161593,119.356,robot_1_carried_generic_box,0.078,0.414
1789278041,285188813,119.356,robot_2_carried_generic_box,1.240,-1.392
1789278041,547848150,119.619,robot_1,0.087,0.384
1789278041,547913025,119.619,robot_2,1.240,-1.392
1789278041,547950524,119.619,robot_0,0.249,-1.184
1789278041,547989561,119.619,robot_1_carried_generic_box,0.080,0.407
1789278041,548017076,119.619,robot_2_carried_generic_box,1.240,-1.392
1789278041,791627956,119.862,robot_1,0.092,0.371
1789278041,791702665,119.862,robot_2,1.240,-1.392
1789278041,791741829,119.862,robot_0,0.249,-1.184
1789278041,791790114,119.863,robot_1_carried_generic_box,0.083,0.399
1789278041,791825195,119.863,robot_2_carried_generic_box,1.240,-1.392
1789278042,29981216,120.101,robot_1,0.095,0.360
1789278042,30065333,120.101,robot_2,1.240,-1.392
1789278042,30098224,120.101,robot_0,0.249,-1.184
1789278042,30138596,120.101,robot_1_carried_generic_box,0.087,0.384
1789278042,30167912,120.101,robot_2_carried_generic_box,1.240,-1.392
1789278042,236225433,120.307,robot_1,0.098,0.350
1789278042,236303313,120.307,robot_2,1.240,-1.392
1789278042,236344301,120.307,robot_0,0.249,-1.184
1789278042,236391472,120.307,robot_1_carried_generic_box,0.090,0.376
1789278042,236426325,120.307,robot_2_carried_generic_box,1.240,-1.392
1789278042,483540734,120.554,robot_1,0.102,0.339
1789278042,483631654,120.554,robot_2,1.240,-1.392
1789278042,483669027,120.554,robot_0,0.249,-1.184
1789278042,483714310,120.554,robot_1_carried_generic_box,0.097,0.354
1789278042,483747625,120.554,robot_2_carried_generic_box,1.240,-1.392
1789278042,724219259,120.795,robot_1,0.106,0.327
1789278042,724320934,120.795,robot_2,1.240,-1.392
1789278042,724354428,120.795,robot_0,0.249,-1.185
1789278042,724393772,120.795,robot_1_carried_generic_box,0.100,0.345
1789278042,724425300,120.795,robot_2_carried_generic_box,1.240,-1.392
1789278042,961803622,121.033,robot_1,0.109,0.318
1789278042,961894433,121.033,robot_2,1.240,-1.392
1789278042,964773250,121.036,robot_0,0.249,-1.185
1789278042,964863170,121.036,robot_1_carried_generic_box,0.103,0.335
1789278042,964900469,121.036,robot_2_carried_generic_box,1.240,-1.392
1789278043,170149526,121.244,robot_1,0.112,0.307
1789278043,173622212,121.244,robot_2,1.240,-1.392
1789278043,173670832,121.244,robot_0,0.249,-1.185
1789278043,173715363,121.244,robot_1_carried_generic_box,0.106,0.326
1789278043,173745693,121.244,robot_2_carried_generic_box,1.240,-1.392
1789278043,386571884,121.457,robot_1,0.116,0.296
1789278043,386651478,121.457,robot_2,1.240,-1.392
1789278043,386686737,121.457,robot_0,0.249,-1.185
1789278043,386727121,121.457,robot_1_carried_generic_box,0.108,0.320
1789278043,386757740,121.457,robot_2_carried_generic_box,1.240,-1.392
1789278043,626467929,121.697,robot_1,0.120,0.281
1789278043,626549910,121.697,robot_2,1.240,-1.392
1789278043,626590307,121.697,robot_0,0.249,-1.185
1789278043,626637271,121.697,robot_1_carried_generic_box,0.114,0.301
1789278043,626677210,121.697,robot_2_carried_generic_box,1.240,-1.392
1789278043,858840106,121.930,robot_1,0.125,0.264
1789278043,858917768,121.930,robot_2,1.240,-1.392
1789278043,858955989,121.941,robot_0,0.249,-1.185
1789278043,870040529,121.941,robot_1_carried_generic_box,0.117,0.290
1789278043,870091790,121.941,robot_2_carried_generic_box,1.240,-1.392
1789278044,96119809,122.167,robot_1,0.130,0.250
1789278044,96195529,122.167,robot_2,1.240,-1.392
1789278044,96236094,122.167,robot_0,0.249,-1.185
1789278044,96286432,122.167,robot_1_carried_generic_box,0.121,0.278
1789278044,96327930,122.167,robot_2_carried_generic_box,1.240,-1.392
1789278044,340372262,122.411,robot_1,0.133,0.241
1789278044,340460798,122.411,robot_2,1.240,-1.392
1789278044,340492434,122.411,robot_0,0.249,-1.185
1789278044,340531083,122.411,robot_1_carried_generic_box,0.124,0.267
1789278044,340560947,122.411,robot_2_carried_generic_box,1.240,-1.392
1789278044,566194406,122.637,robot_1,0.136,0.229
1789278044,566266079,122.637,robot_2,1.241,-1.391
1789278044,566300204,122.637,robot_0,0.249,-1.185
1789278044,566343412,122.637,robot_1_carried_generic_box,0.131,0.245
1789278044,566373559,122.637,robot_2_carried_generic_box,1.240,-1.392
1789278044,822951315,122.894,robot_1,0.141,0.214
1789278044,823026927,122.894,robot_2,1.246,-1.391
1789278044,823063005,122.894,robot_0,0.249,-1.185
1789278044,823109471,122.894,robot_1_carried_generic_box,0.134,0.235
1789278044,823145032,122.894,robot_2_carried_generic_box,1.240,-1.392
1789278045,48166966,123.119,robot_1,0.145,0.200
1789278045,48243771,123.127,robot_2,1.249,-1.391
1789278045,56755782,123.128,robot_0,0.249,-1.185
1789278045,56827661,123.128,robot_1_carried_generic_box,0.136,0.229
1789278045,56863857,123.128,robot_2_carried_generic_box,1.242,-1.391
1789278045,289786475,123.361,robot_1,0.150,0.183
1789278045,289860019,123.361,robot_2,1.249,-1.391
1789278045,289893824,123.361,robot_0,0.249,-1.185
1789278045,307602423,123.378,robot_1_carried_generic_box,0.142,0.209
1789278045,307700099,123.378,robot_2_carried_generic_box,1.247,-1.391
1789278045,523098864,123.594,robot_1,0.152,0.177
1789278045,523170974,123.594,robot_2,1.249,-1.391
1789278045,523203050,123.594,robot_0,0.249,-1.185
1789278045,523242098,123.594,robot_1_carried_generic_box,0.142,0.209
1789278045,523275348,123.594,robot_2_carried_generic_box,1.247,-1.391
1789278045,749520408,123.820,robot_1,0.156,0.165
1789278045,749591942,123.820,robot_2,1.249,-1.391
1789278045,749627927,123.820,robot_0,0.250,-1.185
1789278045,749666282,123.820,robot_1_carried_generic_box,0.148,0.191
1789278045,749701044,123.820,robot_2_carried_generic_box,1.249,-1.391
1789278045,967279648,124.038,robot_1,0.160,0.154
1789278045,967352306,124.038,robot_2,1.253,-1.391
1789278045,967384513,124.038,robot_0,0.250,-1.185
1789278045,967427933,124.038,robot_1_carried_generic_box,0.155,0.170
1789278045,967465177,124.038,robot_2_carried_generic_box,1.249,-1.391
1789278046,193874855,124.265,robot_1,0.163,0.142
1789278046,193954911,124.265,robot_2,1.262,-1.389
1789278046,193986843,124.265,robot_0,0.250,-1.185
1789278046,194028245,124.265,robot_1_carried_generic_box,0.157,0.163
1789278046,194070614,124.265,robot_2_carried_generic_box,1.250,-1.391
1789278046,446550926,124.517,robot_1,0.167,0.130
1789278046,446627334,124.517,robot_2,1.269,-1.388
1789278046,446667511,124.517,robot_0,0.250,-1.185
1789278046,446715966,124.517,robot_1_carried_generic_box,0.158,0.157
1789278046,446756624,124.518,robot_2_carried_generic_box,1.251,-1.391
1789278046,662082371,124.733,robot_1,0.170,0.122
1789278046,662161546,124.733,robot_2,1.273,-1.388
1789278046,662204860,124.733,robot_0,0.250,-1.185
1789278046,662251722,124.733,robot_1_carried_generic_box,0.164,0.139
1789278046,662294001,124.733,robot_2_carried_generic_box,1.260,-1.390
1789278046,891528220,124.962,robot_1,0.173,0.112
1789278046,891604973,124.962,robot_2,1.275,-1.387
1789278046,907075855,124.978,robot_0,0.250,-1.185
1789278046,907163576,124.978,robot_1_carried_generic_box,0.167,0.130
1789278046,907204813,124.978,robot_2_carried_generic_box,1.267,-1.388
1789278047,140994423,125.212,robot_1,0.175,0.104
1789278047,141070818,125.212,robot_2,1.275,-1.387
1789278047,141109646,125.212,robot_0,0.250,-1.185
1789278047,141162755,125.212,robot_1_carried_generic_box,0.170,0.122
1789278047,141204391,125.212,robot_2_carried_generic_box,1.273,-1.388
1789278047,363640241,125.434,robot_1,0.178,0.094
1789278047,363718754,125.434,robot_2,1.275,-1.387
1789278047,363760730,125.435,robot_0,0.252,-1.181
1789278047,363811431,125.435,robot_1_carried_generic_box,0.172,0.114
1789278047,363854790,125.435,robot_2_carried_generic_box,1.275,-1.387
1789278047,589119499,125.660,robot_1,0.181,0.085
1789278047,589186853,125.660,robot_2,1.275,-1.387
1789278047,589218325,125.660,robot_0,0.255,-1.172
1789278047,589256947,125.660,robot_1_carried_generic_box,0.176,0.100
1789278047,589289400,125.660,robot_2_carried_generic_box,1.275,-1.387
1789278047,832322586,125.903,robot_1,0.184,0.077
1789278047,832418821,125.903,robot_2,1.275,-1.387
1789278047,832458297,125.903,robot_0,0.258,-1.164
1789278047,832505672,125.903,robot_1_carried_generic_box,0.179,0.091
1789278047,832543860,125.903,robot_2_carried_generic_box,1.275,-1.387
1789278048,21222297,126.092,robot_1,0.187,0.068
1789278048,21306382,126.092,robot_2,1.275,-1.387
1789278048,21344941,126.092,robot_0,0.263,-1.150
1789278048,21390537,126.092,robot_1_carried_generic_box,0.181,0.085
1789278048,21426939,126.092,robot_2_carried_generic_box,1.275,-1.387
1789278048,262204604,126.333,robot_1,0.192,0.053
1789278048,262275180,126.333,robot_2,1.275,-1.387
1789278048,262313286,126.333,robot_0,0.269,-1.133
1789278048,262354375,126.333,robot_1_carried_generic_box,0.184,0.075
1789278048,262385039,126.333,robot_2_carried_generic_box,1.275,-1.387
1789278048,469090047,126.540,robot_1,0.196,0.039
1789278048,469182275,126.540,robot_2,1.275,-1.387
1789278048,469224772,126.540,robot_0,0.272,-1.124
1789278048,469276158,126.540,robot_1_carried_generic_box,0.187,0.066
1789278048,469320695,126.540,robot_2_carried_generic_box,1.275,-1.387
1789278048,707805086,126.804,robot_1,0.200,0.027
1789278048,733291597,126.804,robot_2,1.275,-1.387
1789278048,733343930,126.804,robot_0,0.274,-1.115
1789278048,733389577,126.804,robot_1_carried_generic_box,0.193,0.050
1789278048,733422428,126.804,robot_2_carried_generic_box,1.275,-1.387
1789278048,955081677,127.026,robot_1,0.204,0.016
1789278048,955158716,127.026,robot_2,1.275,-1.387
1789278048,955197080,127.026,robot_0,0.278,-1.104
1789278048,955242075,127.026,robot_1_carried_generic_box,0.195,0.041
1789278048,955277632,127.026,robot_2_carried_generic_box,1.275,-1.387
1789278049,195640401,127.266,robot_1,0.209,-0.001
1789278049,195736087,127.266,robot_2,1.275,-1.387
1789278049,195771472,127.267,robot_0,0.283,-1.087
1789278049,195819321,127.267,robot_1_carried_generic_box,0.198,0.033
1789278049,195853595,127.267,robot_2_carried_generic_box,1.275,-1.387
1789278049,396098996,127.467,robot_1,0.213,-0.013
1789278049,396179034,127.467,robot_2,1.275,-1.387
1789278049,396214770,127.467,robot_0,0.287,-1.075
1789278049,396259497,127.467,robot_1_carried_generic_box,0.202,0.021
1789278049,396296779,127.467,robot_2_carried_generic_box,1.275,-1.387
1789278049,600860084,127.672,robot_1,0.217,-0.024
1789278049,617135423,127.688,robot_2,1.275,-1.387
1789278049,619122548,127.690,robot_0,0.291,-1.061
1789278049,619215938,127.690,robot_1_carried_generic_box,0.208,0.001
1789278049,619255668,127.690,robot_2_carried_generic_box,1.275,-1.387
1789278049,813041215,127.884,robot_1,0.220,-0.033
1789278049,813119178,127.884,robot_2,1.274,-1.387
1789278049,813156974,127.884,robot_0,0.294,-1.051
1789278049,813203010,127.884,robot_1_carried_generic_box,0.212,-0.010
1789278049,813242477,127.884,robot_2_carried_generic_box,1.275,-1.387
1789278050,66061992,128.137,robot_1,0.223,-0.043
1789278050,66127379,128.137,robot_2,1.274,-1.387
1789278050,66156672,128.137,robot_0,0.295,-1.048
1789278050,77944048,128.152,robot_1_carried_generic_box,0.215,-0.020
1789278050,81048881,128.152,robot_2_carried_generic_box,1.275,-1.387
1789278050,308831633,128.380,robot_1,0.226,-0.052
1789278050,308912149,128.392,robot_2,1.274,-1.387
1789278050,320875540,128.392,robot_0,0.295,-1.048
1789278050,325839995,128.397,robot_1_carried_generic_box,0.220,-0.033
1789278050,325946714,128.397,robot_2_carried_generic_box,1.274,-1.387
1789278050,528114426,128.599,robot_1,0.229,-0.062
1789278050,528188344,128.599,robot_2,1.274,-1.387
1789278050,528222701,128.599,robot_0,0.295,-1.048
1789278050,528268299,128.599,robot_1_carried_generic_box,0.222,-0.039
1789278050,528305183,128.599,robot_2_carried_generic_box,1.274,-1.387
1789278050,729740802,128.800,robot_1,0.232,-0.072
1789278050,729811343,128.801,robot_2,1.275,-1.386
1789278050,729844616,128.801,robot_0,0.295,-1.048
1789278050,729888435,128.801,robot_1_carried_generic_box,0.225,-0.050
1789278050,758717628,128.830,robot_2_carried_generic_box,1.274,-1.387
1789278050,942304882,129.013,robot_1,0.236,-0.083
1789278050,942374887,129.013,robot_2,1.278,-1.382
1789278050,942409017,129.013,robot_0,0.295,-1.048
1789278050,942449017,129.013,robot_1_carried_generic_box,0.228,-0.060
1789278050,942480256,129.013,robot_2_carried_generic_box,1.274,-1.387
1789278051,143918175,129.215,robot_1,0.240,-0.095
1789278051,144004917,129.215,robot_2,1.283,-1.376
1789278051,144042870,129.215,robot_0,0.295,-1.048
1789278051,144089898,129.215,robot_1_carried_generic_box,0.230,-0.064
1789278051,144126363,129.215,robot_2_carried_generic_box,1.274,-1.387
1789278051,371171536,129.442,robot_1,0.244,-0.107
1789278051,371241912,129.442,robot_2,1.288,-1.370
1789278051,371274575,129.442,robot_0,0.295,-1.048
1789278051,371312370,129.442,robot_1_carried_generic_box,0.237,-0.086
1789278051,371343768,129.442,robot_2_carried_generic_box,1.276,-1.385
1789278051,594482900,129.665,robot_1,0.247,-0.115
1789278051,594575422,129.665,robot_2,1.289,-1.368
1789278051,594609686,129.665,robot_0,0.295,-1.048
1789278051,594647313,129.665,robot_1_carried_generic_box,0.237,-0.086
1789278051,594681944,129.665,robot_2_carried_generic_box,1.283,-1.376
1789278051,869756974,129.941,robot_1,0.250,-0.124
1789278051,869828124,129.941,robot_2,1.289,-1.368
1789278051,869859149,129.941,robot_0,0.295,-1.048
1789278051,869898228,129.941,robot_1_carried_generic_box,0.245,-0.109
1789278051,880563507,129.951,robot_2_carried_generic_box,1.288,-1.370
1789278052,82106509,130.153,robot_1,0.252,-0.130
1789278052,82170339,130.153,robot_2,1.289,-1.368
1789278052,82203290,130.153,robot_0,0.295,-1.048
1789278052,82242183,130.153,robot_1_carried_generic_box,0.245,-0.109
1789278052,82273423,130.153,robot_2_carried_generic_box,1.289,-1.368
1789278052,311621897,130.404,robot_1,0.252,-0.131
1789278052,333754233,130.410,robot_2,1.289,-1.368
1789278052,341085166,130.412,robot_0,0.295,-1.048
1789278052,341175365,130.412,robot_1_carried_generic_box,0.250,-0.126
1789278052,341211839,130.412,robot_2_carried_generic_box,1.289,-1.368
1789278052,553488074,130.624,robot_1,0.252,-0.131
1789278052,553556780,130.624,robot_2,1.289,-1.368
1789278052,553588981,130.624,robot_0,0.295,-1.048
1789278052,558313687,130.629,robot_1_carried_generic_box,0.252,-0.131
1789278052,558428108,130.629,robot_2_carried_generic_box,1.289,-1.368
1789278052,795179165,130.866,robot_1,0.252,-0.131
1789278052,795261072,130.866,robot_2,1.289,-1.368
1789278052,795294732,130.866,robot_0,0.295,-1.048
1789278052,795340712,130.866,robot_1_carried_generic_box,0.252,-0.131
1789278052,795376812,130.866,robot_2_carried_generic_box,1.289,-1.368
1789278053,34796344,131.125,robot_1,0.252,-0.131
1789278053,53954513,131.125,robot_2,1.289,-1.368
1789278053,54013536,131.125,robot_0,0.295,-1.048
1789278053,54063169,131.125,robot_1_carried_generic_box,0.252,-0.131
1789278053,54101043,131.125,robot_2_carried_generic_box,1.289,-1.368
1789278053,306358512,131.378,robot_1,0.252,-0.131
1789278053,308366869,131.380,robot_2,1.289,-1.368
1789278053,309096124,131.380,robot_0,0.296,-1.048
1789278053,309162808,131.380,robot_1_carried_generic_box,0.252,-0.131
1789278053,309199159,131.380,robot_2_carried_generic_box,1.289,-1.368
1789278053,570864753,131.642,robot_1,0.252,-0.131
1789278053,570941649,131.642,robot_2,1.292,-1.366
1789278053,570974403,131.642,robot_0,0.296,-1.048
1789278053,571018680,131.642,robot_1_carried_generic_box,0.252,-0.131
1789278053,571052763,131.642,robot_2_carried_generic_box,1.289,-1.368
1789278053,845514873,131.916,robot_1,0.252,-0.131
1789278053,845586438,131.916,robot_2,1.300,-1.359
1789278053,845649861,131.916,robot_0,0.296,-1.048
1789278053,845689665,131.916,robot_1_carried_generic_box,0.252,-0.131
1789278053,845718754,131.916,robot_2_carried_generic_box,1.289,-1.368
1789278054,48288550,132.119,robot_1,0.252,-0.132
1789278054,48370492,132.119,robot_2,1.305,-1.354
1789278054,48413365,132.119,robot_0,0.296,-1.048
1789278054,48457417,132.119,robot_1_carried_generic_box,0.252,-0.131
1789278054,48489355,132.119,robot_2_carried_generic_box,1.293,-1.365
1789278054,289546061,132.360,robot_1,0.252,-0.132
1789278054,289658952,132.360,robot_2,1.307,-1.353
1789278054,289704399,132.360,robot_0,0.296,-1.048
1789278054,289749934,132.360,robot_1_carried_generic_box,0.252,-0.131
1789278054,289782374,132.361,robot_2_carried_generic_box,1.293,-1.365
1789278054,479064342,132.550,robot_1,0.252,-0.132
1789278054,479143421,132.550,robot_2,1.307,-1.353
1789278054,479185021,132.550,robot_0,0.296,-1.048
1789278054,479227905,132.550,robot_1_carried_generic_box,0.252,-0.131
1789278054,479261853,132.550,robot_2_carried_generic_box,1.304,-1.355
1789278054,763868786,132.835,robot_1,0.251,-0.132
1789278054,765066472,132.836,robot_2,1.307,-1.353
1789278054,767800059,132.839,robot_0,0.297,-1.050
1789278054,767898527,132.839,robot_1_carried_generic_box,0.252,-0.132
1789278054,767948431,132.839,robot_2_carried_generic_box,1.307,-1.353
1789278055,34806093,133.106,robot_1,0.251,-0.132
1789278055,34886248,133.106,robot_2,1.307,-1.353
1789278055,40425042,133.111,robot_0,0.300,-1.057
1789278055,40523813,133.111,robot_1_carried_generic_box,0.252,-0.132
1789278055,40566631,133.111,robot_2_carried_generic_box,1.307,-1.353
1789278055,260683778,133.331,robot_1,0.251,-0.132
1789278055,260756367,133.332,robot_2,1.307,-1.353
1789278055,260797901,133.336,robot_0,0.302,-1.065
1789278055,265209642,133.336,robot_1_carried_generic_box,0.252,-0.132
1789278055,268687736,133.339,robot_2_carried_generic_box,1.307,-1.353
1789278055,524415406,133.595,robot_1,0.251,-0.132
1789278055,524493057,133.595,robot_2,1.307,-1.353
1789278055,524543353,133.595,robot_0,0.307,-1.076
1789278055,524584040,133.595,robot_1_carried_generic_box,0.251,-0.132
1789278055,524622459,133.595,robot_2_carried_generic_box,1.307,-1.353
1789278055,738009909,133.809,robot_1,0.251,-0.132
1789278055,738080296,133.809,robot_2,1.307,-1.353
1789278055,738120764,133.809,robot_0,0.309,-1.082
1789278055,738162988,133.809,robot_1_carried_generic_box,0.251,-0.132
1789278055,738196240,133.809,robot_2_carried_generic_box,1.307,-1.353
1789278055,961860448,134.033,robot_1,0.251,-0.132
1789278055,967397723,134.038,robot_2,1.307,-1.353
1789278055,967487296,134.038,robot_0,0.310,-1.085
1789278055,967534948,134.038,robot_1_carried_generic_box,0.251,-0.132
1789278055,967570609,134.038,robot_2_carried_generic_box,1.307,-1.353
1789278056,168356318,134.239,robot_1,0.251,-0.132
1789278056,168436460,134.239,robot_2,1.307,-1.353
1789278056,168473509,134.239,robot_0,0.310,-1.085
1789278056,168516747,134.239,robot_1_carried_generic_box,0.251,-0.132
1789278056,168553835,134.255,robot_2_carried_generic_box,1.307,-1.353
1789278056,426836521,134.498,robot_1,0.249,-0.131
1789278056,426911266,134.517,robot_2,1.307,-1.353
1789278056,446740402,134.518,robot_0,0.310,-1.085
1789278056,446803371,134.518,robot_1_carried_generic_box,0.251,-0.132
1789278056,446842818,134.518,robot_2_carried_generic_box,1.307,-1.353
1789278056,671709133,134.742,robot_1,0.244,-0.128
1789278056,671793391,134.743,robot_2,1.306,-1.353
1789278056,671841725,134.743,robot_0,0.310,-1.085
1789278056,671894960,134.743,robot_1_carried_generic_box,0.251,-0.132
1789278056,673068057,134.744,robot_2_carried_generic_box,1.307,-1.353
1789278056,923577164,134.994,robot_1,0.236,-0.123
1789278056,923653306,134.994,robot_2,1.306,-1.353
1789278056,923693504,134.994,robot_0,0.310,-1.085
1789278056,923736967,134.994,robot_1_carried_generic_box,0.246,-0.129
1789278056,923770374,134.995,robot_2_carried_generic_box,1.307,-1.353
1789278057,157288521,135.228,robot_1,0.234,-0.122
1789278057,157363306,135.228,robot_2,1.306,-1.352
1789278057,157404114,135.228,robot_0,0.310,-1.085
1789278057,157448560,135.228,robot_1_carried_generic_box,0.246,-0.129
1789278057,157480615,135.228,robot_2_carried_generic_box,1.306,-1.353
1789278057,405136063,135.476,robot_1,0.234,-0.122
1789278057,405219321,135.476,robot_2,1.306,-1.352
1789278057,405255642,135.476,robot_0,0.310,-1.085
1789278057,405294141,135.476,robot_1_carried_generic_box,0.236,-0.123
1789278057,405325613,135.476,robot_2_carried_generic_box,1.306,-1.353
1789278057,662901690,135.734,robot_1,0.234,-0.122
1789278057,663011624,135.734,robot_2,1.306,-1.352
1789278057,663056244,135.734,robot_0,0.310,-1.085
1789278057,663095427,135.734,robot_1_carried_generic_box,0.234,-0.122
1789278057,663134237,135.734,robot_2_carried_generic_box,1.306,-1.352
1789278057,840629125,135.911,robot_1,0.234,-0.122
1789278057,840706303,135.911,robot_2,1.307,-1.351
1789278057,840753606,135.912,robot_0,0.310,-1.085
1789278057,840801640,135.912,robot_1_carried_generic_box,0.234,-0.122
1789278057,840841278,135.912,robot_2_carried_generic_box,1.306,-1.352
1789278058,52158304,136.123,robot_1,0.234,-0.122
1789278058,52236655,136.123,robot_2,1.309,-1.345
1789278058,52277279,136.123,robot_0,0.310,-1.085
1789278058,52325304,136.123,robot_1_carried_generic_box,0.234,-0.122
1789278058,52365601,136.123,robot_2_carried_generic_box,1.306,-1.352
1789278058,305020262,136.376,robot_1,0.234,-0.122
1789278058,305090693,136.376,robot_2,1.310,-1.341
1789278058,305129548,136.376,robot_0,0.310,-1.085
1789278058,305168076,136.376,robot_1_carried_generic_box,0.234,-0.122
1789278058,305199486,136.376,robot_2_carried_generic_box,1.307,-1.351
1789278058,526807351,136.598,robot_1,0.234,-0.122
1789278058,526874571,136.598,robot_2,1.311,-1.340
1789278058,526914594,136.601,robot_0,0.310,-1.084
1789278058,529971641,136.601,robot_1_carried_generic_box,0.234,-0.122
1789278058,530037801,136.601,robot_2_carried_generic_box,1.308,-1.348
1789278058,789661212,136.860,robot_1,0.234,-0.122
1789278058,789736249,136.860,robot_2,1.312,-1.335
1789278058,789781504,136.861,robot_0,0.310,-1.084
1789278058,789827773,136.861,robot_1_carried_generic_box,0.234,-0.122
1789278058,789867806,136.861,robot_2_carried_generic_box,1.310,-1.341
1789278059,241948,137.071,robot_1,0.234,-0.122
1789278059,313567,137.071,robot_2,1.312,-1.335
1789278059,356971,137.071,robot_0,0.310,-1.084
1789278059,403038,137.071,robot_1_carried_generic_box,0.234,-0.122
1789278059,441961,137.071,robot_2_carried_generic_box,1.311,-1.339
1789278059,263909646,137.335,robot_1,0.234,-0.123
1789278059,263987856,137.335,robot_2,1.312,-1.335
1789278059,264024303,137.335,robot_0,0.310,-1.084
1789278059,264064199,137.335,robot_1_carried_generic_box,0.234,-0.122
1789278059,264096296,137.335,robot_2_carried_generic_box,1.312,-1.335
1789278059,501309815,137.572,robot_1,0.234,-0.123
1789278059,501383587,137.572,robot_2,1.312,-1.335
1789278059,501422762,137.572,robot_0,0.310,-1.084
1789278059,501462832,137.572,robot_1_carried_generic_box,0.234,-0.122
1789278059,501492316,137.572,robot_2_carried_generic_box,1.312,-1.335
1789278059,725742948,137.797,robot_1,0.234,-0.123
1789278059,743549295,137.814,robot_2,1.312,-1.335
1789278059,743661954,137.814,robot_0,0.311,-1.084
1789278059,743710938,137.814,robot_1_carried_generic_box,0.234,-0.123
1789278059,743746935,137.814,robot_2_carried_generic_box,1.312,-1.335
1789278059,931912639,138.003,robot_1,0.234,-0.123
1789278059,932002034,138.003,robot_2,1.312,-1.335
1789278059,932046609,138.003,robot_0,0.313,-1.086
1789278059,932094989,138.003,robot_1_carried_generic_box,0.234,-0.123
1789278059,932133628,138.003,robot_2_carried_generic_box,1.312,-1.335
1789278060,174503708,138.245,robot_1,0.234,-0.123
1789278060,174581022,138.245,robot_2,1.312,-1.335
1789278060,174623271,138.245,robot_0,0.323,-1.094
1789278060,174672060,138.245,robot_1_carried_generic_box,0.234,-0.123
1789278060,174714147,138.245,robot_2_carried_generic_box,1.312,-1.335
1789278060,400798043,138.472,robot_1,0.234,-0.123
1789278060,400870277,138.472,robot_2,1.312,-1.335
1789278060,400911607,138.486,robot_0,0.330,-1.098
1789278060,417827053,138.489,robot_1_carried_generic_box,0.234,-0.123
1789278060,419742952,138.491,robot_2_carried_generic_box,1.312,-1.335
1789278060,604074383,138.675,robot_1,0.234,-0.123
1789278060,604152133,138.675,robot_2,1.312,-1.335
1789278060,604191969,138.675,robot_0,0.334,-1.101
1789278060,604233854,138.675,robot_1_carried_generic_box,0.234,-0.123
1789278060,604267422,138.675,robot_2_carried_generic_box,1.312,-1.335
1789278060,855385326,138.926,robot_1,0.234,-0.123
1789278060,855479228,138.926,robot_2,1.312,-1.335
1789278060,855526818,138.926,robot_0,0.334,-1.102
1789278060,855576360,138.926,robot_1_carried_generic_box,0.234,-0.123
1789278060,855617775,138.926,robot_2_carried_generic_box,1.312,-1.335
1789278061,83337350,139.154,robot_1,0.234,-0.123
1789278061,83415920,139.154,robot_2,1.312,-1.335
1789278061,83454621,139.154,robot_0,0.334,-1.102
1789278061,83502568,139.154,robot_1_carried_generic_box,0.234,-0.123
1789278061,83541344,139.154,robot_2_carried_generic_box,1.312,-1.335
1789278061,366395547,139.437,robot_1,0.234,-0.123
1789278061,366471401,139.437,robot_2,1.312,-1.335
1789278061,366510089,139.437,robot_0,0.334,-1.102
1789278061,366551377,139.437,robot_1_carried_generic_box,0.234,-0.123
1789278061,366591796,139.437,robot_2_carried_generic_box,1.312,-1.335
1789278061,571679051,139.642,robot_1,0.234,-0.124
1789278061,571753921,139.643,robot_2,1.312,-1.335
1789278061,571796220,139.643,robot_0,0.334,-1.102
1789278061,571844612,139.643,robot_1_carried_generic_box,0.234,-0.123
1789278061,571881607,139.643,robot_2_carried_generic_box,1.312,-1.335
1789278061,825916262,139.897,robot_1,0.234,-0.124
1789278061,826011622,139.897,robot_2,1.312,-1.335
1789278061,826056430,139.897,robot_0,0.334,-1.102
1789278061,826095503,139.897,robot_1_carried_generic_box,0.234,-0.123
1789278061,826128195,139.897,robot_2_carried_generic_box,1.312,-1.335
1789278062,42709461,140.113,robot_1,0.234,-0.124
1789278062,42782946,140.114,robot_2,1.312,-1.335
1789278062,77656420,140.148,robot_0,0.334,-1.102
1789278062,77760415,140.149,robot_1_carried_generic_box,0.234,-0.124
1789278062,77808420,140.149,robot_2_carried_generic_box,1.312,-1.335
1789278062,295812651,140.367,robot_1,0.234,-0.124
1789278062,295908988,140.367,robot_2,1.312,-1.335
1789278062,295967179,140.367,robot_0,0.334,-1.102
1789278062,296020167,140.367,robot_1_carried_generic_box,0.234,-0.124
1789278062,296063614,140.367,robot_2_carried_generic_box,1.312,-1.335
1789278062,530458273,140.601,robot_1,0.234,-0.124
1789278062,530545574,140.601,robot_2,1.312,-1.335
1789278062,530595266,140.601,robot_0,0.334,-1.102
1789278062,530645170,140.601,robot_1_carried_generic_box,0.234,-0.124
1789278062,530684544,140.601,robot_2_carried_generic_box,1.312,-1.335
1789278062,726559935,140.797,robot_1,0.234,-0.124
1789278062,726640503,140.797,robot_2,1.312,-1.335
1789278062,726687551,140.797,robot_0,0.333,-1.101
1789278062,726734724,140.797,robot_1_carried_generic_box,0.234,-0.124
1789278062,726775755,140.798,robot_2_carried_generic_box,1.312,-1.335
1789278062,982026720,141.053,robot_1,0.238,-0.122
1789278062,982098631,141.053,robot_2,1.312,-1.335
1789278062,982133207,141.053,robot_0,0.325,-1.099
1789278062,982171500,141.053,robot_1_carried_generic_box,0.234,-0.124
1789278062,982201795,141.053,robot_2_carried_generic_box,1.312,-1.335
1789278063,218405154,141.289,robot_1,0.246,-0.116
1789278063,218477770,141.289,robot_2,1.311,-1.335
1789278063,218515939,141.289,robot_0,0.315,-1.097
1789278063,218558208,141.289,robot_1_carried_generic_box,0.235,-0.124
1789278063,218587825,141.289,robot_2_carried_generic_box,1.312,-1.335
1789278063,425527890,141.496,robot_1,0.252,-0.112
1789278063,425614391,141.496,robot_2,1.311,-1.335
1789278063,425652226,141.505,robot_0,0.309,-1.096
1789278063,433857845,141.505,robot_1_carried_generic_box,0.240,-0.121
1789278063,433905404,141.505,robot_2_carried_generic_box,1.312,-1.335
1789278063,698451683,141.769,robot_1,0.264,-0.103
1789278063,698517098,141.769,robot_2,1.311,-1.335
1789278063,698549891,141.769,robot_0,0.296,-1.095
1789278063,698586192,141.769,robot_1_carried_generic_box,0.243,-0.119
1789278063,698613679,141.769,robot_2_carried_generic_box,1.311,-1.335
1789278063,915943256,141.987,robot_1,0.276,-0.094
1789278063,916009072,141.987,robot_2,1.311,-1.335
1789278063,916041344,141.987,robot_0,0.286,-1.094
1789278063,916082378,141.987,robot_1_carried_generic_box,0.246,-0.116
1789278063,916116051,141.987,robot_2_carried_generic_box,1.311,-1.335
1789278064,156834238,142.228,robot_1,0.293,-0.080
1789278064,156906289,142.228,robot_2,1.310,-1.332
1789278064,156944971,142.228,robot_0,0.264,-1.092
1789278064,156982956,142.228,robot_1_carried_generic_box,0.273,-0.096
1789278064,157011939,142.228,robot_2_carried_generic_box,1.311,-1.335
1789278064,385401923,142.456,robot_1,0.300,-0.074
1789278064,385469067,142.456,robot_2,1.306,-1.324
1789278064,385507802,142.456,robot_0,0.249,-1.092
1789278064,385548308,142.456,robot_1_carried_generic_box,0.287,-0.084
1789278064,385579723,142.456,robot_2_carried_generic_box,1.311,-1.335
1789278064,625472199,142.696,robot_1,0.308,-0.067
1789278064,625543889,142.696,robot_2,1.302,-1.315
1789278064,625579025,142.696,robot_0,0.234,-1.092
1789278064,625618349,142.696,robot_1_carried_generic_box,0.293,-0.080
1789278064,625649111,142.696,robot_2_carried_generic_box,1.308,-1.328
1789278064,894090931,142.965,robot_1,0.317,-0.060
1789278064,894185618,142.965,robot_2,1.300,-1.310
1789278064,894229139,142.965,robot_0,0.222,-1.092
1789278064,894273483,142.965,robot_1_carried_generic_box,0.302,-0.073
1789278064,894307303,142.965,robot_2_carried_generic_box,1.305,-1.320
1789278065,97837009,143.169,robot_1,0.329,-0.051
1789278065,97906888,143.169,robot_2,1.299,-1.308
1789278065,97957436,143.169,robot_0,0.207,-1.093
1789278065,98003853,143.169,robot_1_carried_generic_box,0.308,-0.067
1789278065,98040477,143.169,robot_2_carried_generic_box,1.301,-1.313
1789278065,335939685,143.407,robot_1,0.341,-0.041
1789278065,336013084,143.407,robot_2,1.299,-1.308
1789278065,336048657,143.407,robot_0,0.192,-1.093
1789278065,336087930,143.407,robot_1_carried_generic_box,0.317,-0.060
1789278065,336120276,143.427,robot_2_carried_generic_box,1.299,-1.309
1789278065,595827464,143.667,robot_1,0.353,-0.032
1789278065,595898355,143.667,robot_2,1.299,-1.308
1789278065,595939067,143.667,robot_0,0.178,-1.094
1789278065,595979427,143.667,robot_1_carried_generic_box,0.334,-0.047
1789278065,596009745,143.667,robot_2_carried_generic_box,1.299,-1.308
1789278065,803774124,143.875,robot_1,0.359,-0.027
1789278065,803882044,143.875,robot_2,1.299,-1.308
1789278065,820400076,143.891,robot_0,0.172,-1.094
1789278065,820505411,143.891,robot_1_carried_generic_box,0.341,-0.041
1789278065,820549402,143.891,robot_2_carried_generic_box,1.299,-1.308
1789278066,43469158,144.114,robot_1,0.369,-0.019
1789278066,43539521,144.114,robot_2,1.299,-1.308
1789278066,43572919,144.114,robot_0,0.156,-1.095
1789278066,43613840,144.114,robot_1_carried_generic_box,0.350,-0.034
1789278066,43646523,144.114,robot_2_carried_generic_box,1.299,-1.308
1789278066,280875860,144.352,robot_1,0.378,-0.012
1789278066,292699485,144.363,robot_2,1.299,-1.308
1789278066,292776244,144.364,robot_0,0.148,-1.095
1789278066,292822842,144.364,robot_1_carried_generic_box,0.359,-0.027
1789278066,292856864,144.364,robot_2_carried_generic_box,1.299,-1.308
1789278066,481557467,144.552,robot_1,0.385,-0.006
1789278066,481630673,144.552,robot_2,1.299,-1.308
1789278066,481669745,144.552,robot_0,0.137,-1.096
1789278066,481710010,144.552,robot_1_carried_generic_box,0.371,-0.017
1789278066,481735535,144.552,robot_2_carried_generic_box,1.299,-1.308
1789278066,699760219,144.771,robot_1,0.395,0.001
1789278066,699839155,144.771,robot_2,1.299,-1.308
1789278066,699876533,144.771,robot_0,0.125,-1.097
1789278066,699914423,144.771,robot_1_carried_generic_box,0.380,-0.010
1789278066,699952674,144.771,robot_2_carried_generic_box,1.299,-1.308
1789278066,937363753,145.008,robot_1,0.403,0.008
1789278066,937430411,145.008,robot_2,1.299,-1.309
1789278066,937473654,145.008,robot_0,0.117,-1.097
1789278066,937523737,145.008,robot_1_carried_generic_box,0.387,-0.005
1789278066,937560236,145.008,robot_2_carried_generic_box,1.299,-1.308
1789278067,188663565,145.259,robot_1,0.414,0.016
1789278067,188732682,145.259,robot_2,1.305,-1.314
1789278067,188771833,145.260,robot_0,0.101,-1.098
1789278067,188817571,145.260,robot_1_carried_generic_box,0.397,0.003
1789278067,188848816,145.260,robot_2_carried_generic_box,1.299,-1.308
1789278067,408654340,145.479,robot_1,0.426,0.025
1789278067,408721617,145.479,robot_2,1.313,-1.323
1789278067,408758968,145.480,robot_0,0.086,-1.099
1789278067,408800032,145.480,robot_1_carried_generic_box,0.405,0.009
1789278067,408827808,145.480,robot_2_carried_generic_box,1.299,-1.309
1789278067,685467927,145.756,robot_1,0.443,0.037
1789278067,685546333,145.756,robot_2,1.328,-1.336
1789278067,685589522,145.756,robot_0,0.065,-1.100
1789278067,685635577,145.756,robot_1_carried_generic_box,0.417,0.017
1789278067,685662404,145.756,robot_2_carried_generic_box,1.308,-1.317
1789278067,908397378,145.979,robot_1,0.453,0.044
1789278067,908481762,145.979,robot_2,1.342,-1.348
1789278067,908532997,145.979,robot_0,0.047,-1.101
1789278067,908584156,145.979,robot_1_carried_generic_box,0.429,0.026
1789278067,908621633,145.979,robot_2_carried_generic_box,1.318,-1.327
1789278068,199749504,146.271,robot_1,0.468,0.054
1789278068,199810391,146.271,robot_2,1.359,-1.361
1789278068,199844384,146.271,robot_0,0.028,-1.102
1789278068,199889413,146.271,robot_1_carried_generic_box,0.451,0.043
1789278068,235363439,146.306,robot_2_carried_generic_box,1.331,-1.338
1789278068,420869542,146.492,robot_1,0.475,0.059
1789278068,458990108,146.530,robot_2,1.366,-1.367
1789278068,459080018,146.530,robot_0,0.022,-1.102
1789278068,459139682,146.530,robot_1_carried_generic_box,0.451,0.043
1789278068,459179531,146.530,robot_2_carried_generic_box,1.347,-1.352
1789278068,624450424,146.695,robot_1,0.489,0.069
1789278068,624526149,146.695,robot_2,1.380,-1.378
1789278068,624559416,146.695,robot_0,0.006,-1.103
1789278068,624603551,146.695,robot_1_carried_generic_box,0.463,0.051
1789278068,624637394,146.695,robot_2_carried_generic_box,1.352,-1.355
1789278068,849490290,146.920,robot_1,0.499,0.076
1789278068,849557838,146.920,robot_2,1.394,-1.389
1789278068,849589669,146.920,robot_0,-0.008,-1.103
1789278068,849634474,146.920,robot_1_carried_generic_box,0.487,0.068
1789278068,849664172,146.920,robot_2_carried_generic_box,1.363,-1.365
1789278069,89573955,147.160,robot_1,0.506,0.081
1789278069,89642054,147.160,robot_2,1.406,-1.398
1789278069,89672256,147.160,robot_0,-0.018,-1.104
1789278069,89713843,147.160,robot_1_carried_generic_box,0.493,0.072
1789278069,89742880,147.160,robot_2_carried_generic_box,1.385,-1.381
1789278069,321822452,147.393,robot_1,0.514,0.087
1789278069,321890892,147.393,robot_2,1.418,-1.407
1789278069,328549099,147.399,robot_0,-0.030,-1.104
1789278069,331063348,147.402,robot_1_carried_generic_box,0.499,0.076
1789278069,331162033,147.402,robot_2_carried_generic_box,1.396,-1.391
1789278069,580091298,147.651,robot_1,0.527,0.095
1789278069,580163278,147.651,robot_2,1.430,-1.416
1789278069,580193580,147.651,robot_0,-0.045,-1.105
1789278069,580233754,147.651,robot_1_carried_generic_box,0.505,0.080
1789278069,580259005,147.651,robot_2_carried_generic_box,1.408,-1.400
1789278069,833599021,147.904,robot_1,0.541,0.105
1789278069,833688403,147.904,robot_2,1.444,-1.427
1789278069,833726670,147.904,robot_0,-0.063,-1.106
1789278069,833777392,147.905,robot_1_carried_generic_box,0.511,0.084
1789278069,833811527,147.905,robot_2_carried_generic_box,1.427,-1.414
1789278070,81688703,148.152,robot_1,0.551,0.112
1789278070,81757857,148.153,robot_2,1.453,-1.435
1789278070,81793931,148.153,robot_0,-0.075,-1.106
1789278070,81842223,148.153,robot_1_carried_generic_box,0.532,0.098
1789278070,81876131,148.153,robot_2_carried_generic_box,1.432,-1.418
1789278070,355418782,148.426,robot_1,0.565,0.121
1789278070,355487162,148.426,robot_2,1.468,-1.446
1789278070,355519068,148.426,robot_0,-0.089,-1.106
1789278070,355562867,148.426,robot_1_carried_generic_box,0.539,0.104
1789278070,355591735,148.426,robot_2_carried_generic_box,1.449,-1.431
1789278070,569580217,148.640,robot_1,0.577,0.129
1789278070,569644936,148.640,robot_2,1.479,-1.455
1789278070,569677096,148.640,robot_0,-0.104,-1.107
1789278070,569714968,148.640,robot_1_carried_generic_box,0.546,0.109
1789278070,569743392,148.640,robot_2_carried_generic_box,1.458,-1.438
1789278070,833800240,148.905,robot_1,0.587,0.136
1789278070,833873236,148.905,robot_2,1.489,-1.462
1789278070,833906937,148.905,robot_0,-0.115,-1.107
1789278070,833955982,148.905,robot_1_carried_generic_box,0.561,0.119
1789278070,833988290,148.905,robot_2_carried_generic_box,1.468,-1.446
1789278071,61087898,149.132,robot_1,0.598,0.144
1789278071,61156529,149.132,robot_2,1.501,-1.471
1789278071,61186592,149.132,robot_0,-0.126,-1.108
1789278071,61227969,149.132,robot_1_carried_generic_box,0.567,0.123
1789278071,61256336,149.132,robot_2_carried_generic_box,1.475,-1.451
1789278071,287813105,149.359,robot_1,0.603,0.147
1789278071,287884526,149.359,robot_2,1.510,-1.479
1789278071,306974088,149.378,robot_0,-0.137,-1.108
1789278071,307092438,149.378,robot_1_carried_generic_box,0.582,0.133
1789278071,307128112,149.378,robot_2_carried_generic_box,1.484,-1.459
1789278071,534570194,149.605,robot_1,0.607,0.150
1789278071,534647972,149.605,robot_2,1.522,-1.488
1789278071,534679661,149.605,robot_0,-0.149,-1.108
1789278071,534721115,149.605,robot_1_carried_generic_box,0.598,0.144
1789278071,534747661,149.605,robot_2_carried_generic_box,1.498,-1.470
1789278071,747742380,149.818,robot_1,0.614,0.155
1789278071,747809255,149.819,robot_2,1.534,-1.497
1789278071,747839607,149.819,robot_0,-0.162,-1.108
1789278071,747881091,149.819,robot_1_carried_generic_box,0.603,0.147
1789278071,747914629,149.828,robot_2_carried_generic_box,1.508,-1.477
1789278071,959882931,150.031,robot_1,0.621,0.159
1789278071,972911106,150.044,robot_2,1.546,-1.506
1789278071,973000105,150.044,robot_0,-0.177,-1.109
1789278071,973049434,150.044,robot_1_carried_generic_box,0.609,0.151
1789278071,973081343,150.044,robot_2_carried_generic_box,1.527,-1.492
1789278072,184545657,150.255,robot_1,0.633,0.167
1789278072,184611471,150.255,robot_2,1.558,-1.515
1789278072,184640187,150.255,robot_0,-0.192,-1.109
1789278072,184681463,150.255,robot_1_carried_generic_box,0.612,0.153
1789278072,184708419,150.255,robot_2_carried_generic_box,1.527,-1.492
1789278072,397474605,150.468,robot_1,0.642,0.173
1789278072,426381368,150.497,robot_2,1.570,-1.525
1789278072,426477892,150.497,robot_0,-0.207,-1.109
1789278072,426529217,150.497,robot_1_carried_generic_box,0.623,0.161
1789278072,426566274,150.497,robot_2_carried_generic_box,1.546,-1.506
1789278072,616478250,150.687,robot_1,0.647,0.175
1789278072,616545809,150.687,robot_2,1.582,-1.534
1789278072,616579082,150.687,robot_0,-0.222,-1.110
1789278072,634342371,150.705,robot_1_carried_generic_box,0.637,0.169
1789278072,634467036,150.705,robot_2_carried_generic_box,1.555,-1.514
1789278072,857644602,150.928,robot_1,0.647,0.176
1789278072,857723249,150.928,robot_2,1.589,-1.539
1789278072,857759422,150.929,robot_0,-0.231,-1.110
1789278072,857810571,150.929,robot_1_carried_generic_box,0.637,0.169
1789278072,857846291,150.929,robot_2_carried_generic_box,1.567,-1.523
1789278073,89911038,151.161,robot_1,0.647,0.176
1789278073,89985071,151.161,robot_2,1.600,-1.548
1789278073,90016899,151.161,robot_0,-0.246,-1.110
1789278073,90061649,151.161,robot_1_carried_generic_box,0.647,0.175
1789278073,90097096,151.161,robot_2_carried_generic_box,1.574,-1.528
1789278073,415527789,151.486,robot_1,0.650,0.177
1789278073,415602979,151.486,robot_2,1.615,-1.559
1789278073,415637771,151.486,robot_0,-0.264,-1.110
1789278073,415681827,151.486,robot_1_carried_generic_box,0.647,0.176
1789278073,415714773,151.486,robot_2_carried_generic_box,1.593,-1.543
1789278073,620178685,151.691,robot_1,0.655,0.180
1789278073,620250974,151.691,robot_2,1.624,-1.567
1789278073,620283358,151.691,robot_0,-0.276,-1.111
1789278073,620327196,151.691,robot_1_carried_generic_box,0.647,0.176
1789278073,620368234,151.691,robot_2_carried_generic_box,1.605,-1.552
1789278073,824507843,151.895,robot_1,0.659,0.182
1789278073,824593761,151.895,robot_2,1.634,-1.574
1789278073,824631761,151.895,robot_0,-0.288,-1.111
1789278073,824682645,151.895,robot_1_carried_generic_box,0.648,0.176
1789278073,824718476,151.895,robot_2_carried_generic_box,1.615,-1.559
1789278074,62342314,152.133,robot_1,0.667,0.186
1789278074,62414439,152.133,robot_2,1.646,-1.583
1789278074,62468328,152.142,robot_0,-0.303,-1.111
1789278074,70866644,152.142,robot_1_carried_generic_box,0.656,0.181
1789278074,70929651,152.142,robot_2_carried_generic_box,1.624,-1.567
1789278074,272421257,152.343,robot_1,0.673,0.189
1789278074,272505414,152.343,robot_2,1.657,-1.593
1789278074,272544349,152.343,robot_0,-0.318,-1.111
1789278074,272590992,152.343,robot_1_carried_generic_box,0.659,0.182
1789278074,272626211,152.343,robot_2_carried_generic_box,1.638,-1.578
1789278074,489246322,152.560,robot_1,0.674,0.190
1789278074,489311024,152.560,robot_2,1.669,-1.602
1789278074,489341973,152.560,robot_0,-0.333,-1.112
1789278074,489381305,152.560,robot_1_carried_generic_box,0.669,0.187
1789278074,489415499,152.560,robot_2_carried_generic_box,1.650,-1.587
1789278074,741070748,152.812,robot_1,0.678,0.192
1789278074,741145538,152.812,robot_2,1.681,-1.611
1789278074,747631890,152.818,robot_0,-0.346,-1.112
1789278074,747733828,152.818,robot_1_carried_generic_box,0.674,0.190
1789278074,747780179,152.819,robot_2_carried_generic_box,1.660,-1.594
1789278074,941763743,153.013,robot_1,0.686,0.194
1789278074,941837690,153.013,robot_2,1.691,-1.618
1789278074,941873288,153.013,robot_0,-0.355,-1.112
1789278074,941915244,153.043,robot_1_carried_generic_box,0.674,0.190
1789278074,972104018,153.043,robot_2_carried_generic_box,1.669,-1.602
1789278075,183587566,153.254,robot_1,0.697,0.199
1789278075,183663310,153.254,robot_2,1.700,-1.626
1789278075,183695351,153.254,robot_0,-0.367,-1.112
1789278075,183730376,153.254,robot_1_carried_generic_box,0.677,0.191
1789278075,183763445,153.255,robot_2_carried_generic_box,1.676,-1.607
1789278075,462725212,153.534,robot_1,0.713,0.204
1789278075,462825688,153.534,robot_2,1.714,-1.637
1789278075,462869507,153.534,robot_0,-0.385,-1.113
1789278075,462914015,153.555,robot_1_carried_generic_box,0.682,0.193
1789278075,484095484,153.555,robot_2_carried_generic_box,1.695,-1.622
1789278075,604147335,153.675,robot_1,0.719,0.207
1789278075,604248784,153.675,robot_2,1.722,-1.642
1789278075,604297194,153.679,robot_0,-0.393,-1.113
1789278075,608624383,153.679,robot_1_carried_generic_box,0.682,0.193
1789278075,608696215,153.679,robot_2_carried_generic_box,1.703,-1.627
1789278075,872942546,153.944,robot_1,0.733,0.211
1789278075,873015117,153.944,robot_2,1.733,-1.651
1789278075,873055123,153.944,robot_0,-0.403,-1.113
1789278075,873094307,153.944,robot_1_carried_generic_box,0.717,0.206
1789278075,873129299,153.944,robot_2_carried_generic_box,1.712,-1.635
1789278076,105735325,154.176,robot_1,0.742,0.214
1789278076,105807631,154.177,robot_2,1.745,-1.660
1789278076,105847559,154.177,robot_0,-0.417,-1.113
1789278076,105883918,154.177,robot_1_carried_generic_box,0.724,0.208
1789278076,113992426,154.185,robot_2_carried_generic_box,1.722,-1.642
1789278076,316294992,154.387,robot_1,0.746,0.216
1789278076,316363931,154.387,robot_2,1.757,-1.670
1789278076,316403623,154.387,robot_0,-0.429,-1.113
1789278076,316439244,154.387,robot_1_carried_generic_box,0.737,0.213
1789278076,316472046,154.387,robot_2_carried_generic_box,1.740,-1.657
1789278076,531329682,154.602,robot_1,0.747,0.216
1789278076,531398305,154.602,robot_2,1.767,-1.677
1789278076,531436738,154.602,robot_0,-0.440,-1.113
1789278076,531472797,154.602,robot_1_carried_generic_box,0.743,0.215
1789278076,531504570,154.602,robot_2_carried_generic_box,1.748,-1.662
1789278076,786615154,154.857,robot_1,0.754,0.218
1789278076,786732951,154.857,robot_2,1.778,-1.686
1789278076,786779448,154.858,robot_0,-0.455,-1.113
1789278076,786819109,154.858,robot_1_carried_generic_box,0.746,0.216
1789278076,786850605,154.858,robot_2_carried_generic_box,1.757,-1.670
1789278077,17242283,155.088,robot_1,0.770,0.223
1789278077,17309765,155.088,robot_2,1.793,-1.697
1789278077,17352739,155.088,robot_0,-0.473,-1.113
1789278077,17396091,155.088,robot_1_carried_generic_box,0.747,0.216
1789278077,17438545,155.088,robot_2_carried_generic_box,1.769,-1.679
1789278077,275827381,155.347,robot_1,0.783,0.226
1789278077,275893428,155.347,robot_2,1.807,-1.708
1789278077,300419492,155.371,robot_0,-0.491,-1.114
1789278077,300507817,155.371,robot_1_carried_generic_box,0.752,0.218
1789278077,300557752,155.371,robot_2_carried_generic_box,1.778,-1.686
1789278077,490779757,155.562,robot_1,0.786,0.227
1789278077,490850559,155.562,robot_2,1.819,-1.717
1789278077,490887961,155.562,robot_0,-0.503,-1.114
1789278077,493443969,155.564,robot_1_carried_generic_box,0.775,0.224
1789278077,493527968,155.564,robot_2_carried_generic_box,1.797,-1.701
1789278077,766110477,155.837,robot_1,0.786,0.228
1789278077,766216863,155.837,robot_2,1.831,-1.726
1789278077,766258887,155.837,robot_0,-0.513,-1.114
1789278077,766299612,155.837,robot_1_carried_generic_box,0.783,0.226
1789278077,766337810,155.837,robot_2_carried_generic_box,1.807,-1.708
1789278077,973084563,156.044,robot_1,0.786,0.228
1789278077,973160411,156.044,robot_2,1.838,-1.732
1789278077,973196206,156.044,robot_0,-0.520,-1.114
1789278077,973228061,156.044,robot_1_carried_generic_box,0.786,0.227
1789278077,973257604,156.044,robot_2_carried_generic_box,1.816,-1.715
1789278078,211297604,156.282,robot_1,0.791,0.229
1789278078,211382863,156.282,robot_2,1.852,-1.743
1789278078,211428684,156.282,robot_0,-0.536,-1.114
1789278078,211472541,156.282,robot_1_carried_generic_box,0.786,0.228
1789278078,211510535,156.282,robot_2_carried_generic_box,1.833,-1.728
1789278078,437927492,156.509,robot_1,0.799,0.230
1789278078,437998464,156.509,robot_2,1.862,-1.750
1789278078,438036361,156.509,robot_0,-0.544,-1.114
1789278078,438069786,156.509,robot_1_carried_generic_box,0.787,0.228
1789278078,438098279,156.509,robot_2_carried_generic_box,1.843,-1.736
1789278078,685324087,156.756,robot_1,0.812,0.233
1789278078,685394970,156.756,robot_2,1.876,-1.761
1789278078,685430664,156.756,robot_0,-0.561,-1.114
1789278078,685464954,156.756,robot_1_carried_generic_box,0.790,0.228
1789278078,685501224,156.756,robot_2_carried_generic_box,1.847,-1.739
1789278078,900203683,156.971,robot_1,0.819,0.234
1789278078,900282032,156.971,robot_2,1.888,-1.771
1789278078,900320438,156.971,robot_0,-0.574,-1.113
1789278078,900357312,156.971,robot_1_carried_generic_box,0.807,0.232
1789278078,900388407,156.971,robot_2_carried_generic_box,1.862,-1.750
1789278079,151976151,157.223,robot_1,0.828,0.235
1789278079,152082414,157.223,robot_2,1.897,-1.778
1789278079,152123733,157.223,robot_0,-0.582,-1.113
1789278079,152162576,157.223,robot_1_carried_generic_box,0.813,0.233
1789278079,152197535,157.223,robot_2_carried_generic_box,1.878,-1.763
1789278079,374432503,157.445,robot_1,0.845,0.238
1789278079,374497860,157.445,robot_2,1.911,-1.789
1789278079,374534766,157.445,robot_0,-0.594,-1.113
1789278079,374571242,157.445,robot_1_carried_generic_box,0.819,0.234
1789278079,374600463,157.445,robot_2_carried_generic_box,1.888,-1.771
1789278079,616842191,157.688,robot_1,0.860,0.240
1789278079,616912535,157.692,robot_2,1.923,-1.798
1789278079,621121743,157.699,robot_0,-0.604,-1.113
1789278079,628322784,157.699,robot_1_carried_generic_box,0.837,0.237
1789278079,628369267,157.699,robot_2_carried_generic_box,1.895,-1.776
1789278079,876303702,157.947,robot_1,0.871,0.241
1789278079,876380370,157.947,robot_2,1.937,-1.809
1789278079,876426269,157.947,robot_0,-0.616,-1.113
1789278079,876470109,157.947,robot_1_carried_generic_box,0.851,0.239
1789278079,876508105,157.947,robot_2_carried_generic_box,1.916,-1.793
1789278080,206360832,158.277,robot_1,0.879,0.242
1789278080,206442851,158.277,robot_2,1.952,-1.820
1789278080,206490565,158.277,robot_0,-0.629,-1.113
1789278080,206535662,158.277,robot_1_carried_generic_box,0.863,0.240
1789278080,206580848,158.277,robot_2_carried_generic_box,1.926,-1.800
1789278080,429794147,158.501,robot_1,0.886,0.243
1789278080,429862367,158.501,robot_2,1.964,-1.829
1789278080,429899234,158.501,robot_0,-0.644,-1.112
1789278080,447966344,158.519,robot_1_carried_generic_box,0.872,0.241
1789278080,448022730,158.519,robot_2_carried_generic_box,1.945,-1.815
1789278080,657467677,158.728,robot_1,0.888,0.243
1789278080,657550645,158.728,robot_2,1.975,-1.838
1789278080,657601013,158.728,robot_0,-0.659,-1.112
1789278080,657651048,158.728,robot_1_carried_generic_box,0.879,0.242
1789278080,657692091,158.728,robot_2_carried_generic_box,1.952,-1.820
1789278080,912854513,158.984,robot_1,0.893,0.243
1789278080,923176843,158.994,robot_2,1.984,-1.845
1789278080,923296523,158.994,robot_0,-0.673,-1.111
1789278080,923351067,158.994,robot_1_carried_generic_box,0.886,0.243
1789278080,923389414,158.994,robot_2_carried_generic_box,1.966,-1.831
1789278081,158736332,159.230,robot_1,0.901,0.244
1789278081,158819326,159.230,robot_2,1.986,-1.847
1789278081,158856722,159.230,robot_0,-0.686,-1.111
1789278081,158899672,159.230,robot_1_carried_generic_box,0.889,0.243
1789278081,158935318,159.230,robot_2_carried_generic_box,1.982,-1.844
1789278081,362174032,159.433,robot_1,0.911,0.244
1789278081,362256562,159.433,robot_2,1.986,-1.847
1789278081,362295188,159.433,robot_0,-0.701,-1.111
1789278081,362339923,159.433,robot_1_carried_generic_box,0.893,0.243
1789278081,362376119,159.433,robot_2_carried_generic_box,1.985,-1.846
1789278081,563227141,159.634,robot_1,0.926,0.245
1789278081,563296777,159.634,robot_2,1.986,-1.847
1789278081,563332530,159.634,robot_0,-0.716,-1.110
1789278081,563370694,159.634,robot_1_carried_generic_box,0.906,0.244
1789278081,563399642,159.634,robot_2_carried_generic_box,1.986,-1.847
1789278081,794971486,159.866,robot_1,0.941,0.246
1789278081,795046903,159.866,robot_2,1.986,-1.847
1789278081,795087616,159.866,robot_0,-0.731,-1.110
1789278081,795132056,159.866,robot_1_carried_generic_box,0.917,0.245
1789278081,795167088,159.866,robot_2_carried_generic_box,1.986,-1.847
1789278082,7512127,160.078,robot_1,0.952,0.246
1789278082,7590811,160.078,robot_2,1.986,-1.847
1789278082,7629881,160.078,robot_0,-0.743,-1.109
1789278082,7672939,160.078,robot_1_carried_generic_box,0.923,0.245
1789278082,7707094,160.078,robot_2_carried_generic_box,1.986,-1.847
1789278082,238478179,160.309,robot_1,0.964,0.247
1789278082,238547099,160.309,robot_2,1.986,-1.847
1789278082,238582552,160.309,robot_0,-0.758,-1.109
1789278082,238622161,160.309,robot_1_carried_generic_box,0.947,0.246
1789278082,238654804,160.309,robot_2_carried_generic_box,1.986,-1.847
1789278082,528278254,160.599,robot_1,0.982,0.247
1789278082,528345110,160.599,robot_2,1.986,-1.847
1789278082,528383700,160.599,robot_0,-0.776,-1.108
1789278082,528425966,160.599,robot_1_carried_generic_box,0.952,0.246
1789278082,528461837,160.599,robot_2_carried_generic_box,1.986,-1.847
1789278082,738619036,160.809,robot_1,0.999,0.248
1789278082,738688443,160.838,robot_2,1.986,-1.847
1789278082,766844153,160.838,robot_0,-0.791,-1.108
1789278082,766895654,160.838,robot_1_carried_generic_box,0.964,0.247
1789278082,766936483,160.838,robot_2_carried_generic_box,1.986,-1.847
1789278082,982645833,161.053,robot_1,1.009,0.248
1789278082,982714727,161.053,robot_2,1.986,-1.847
1789278082,982757083,161.054,robot_0,-0.801,-1.107
1789278082,982801404,161.054,robot_1_carried_generic_box,0.979,0.247
1789278082,982837638,161.054,robot_2_carried_generic_box,1.986,-1.847
1789278083,209875615,161.281,robot_1,1.014,0.248
1789278083,225564172,161.296,robot_2,1.986,-1.847
1789278083,225644381,161.296,robot_0,-0.806,-1.107
1789278083,225693182,161.296,robot_1_carried_generic_box,0.991,0.248
1789278083,225729747,161.296,robot_2_carried_generic_box,1.986,-1.847
1789278083,441847605,161.513,robot_1,1.025,0.249
1789278083,441930861,161.513,robot_2,1.986,-1.847
1789278083,441967497,161.513,robot_0,-0.807,-1.107
1789278083,442008518,161.513,robot_1_carried_generic_box,1.004,0.248
1789278083,442043879,161.513,robot_2_carried_generic_box,1.986,-1.847
1789278083,699274409,161.770,robot_1,1.036,0.249
1789278083,699353435,161.770,robot_2,1.986,-1.847
1789278083,714486535,161.785,robot_0,-0.807,-1.107
1789278083,714596908,161.785,robot_1_carried_generic_box,1.016,0.248
1789278083,714639326,161.785,robot_2_carried_generic_box,1.986,-1.847
1789278083,907306210,161.978,robot_1,1.050,0.249
1789278083,907375203,161.978,robot_2,1.986,-1.847
1789278083,907409973,161.978,robot_0,-0.807,-1.107
1789278083,907458615,161.978,robot_1_carried_generic_box,1.023,0.249
1789278083,907493003,161.978,robot_2_carried_generic_box,1.986,-1.847
1789278084,133325070,162.204,robot_1,1.065,0.249
1789278084,133400817,162.204,robot_2,1.986,-1.847
1789278084,133441403,162.204,robot_0,-0.807,-1.107
1789278084,133483995,162.204,robot_1_carried_generic_box,1.031,0.249
1789278084,133518546,162.204,robot_2_carried_generic_box,1.986,-1.847
1789278084,378432736,162.449,robot_1,1.077,0.249
1789278084,378513411,162.449,robot_2,1.986,-1.847
1789278084,378566155,162.449,robot_0,-0.807,-1.107
1789278084,378617598,162.449,robot_1_carried_generic_box,1.056,0.249
1789278084,378658832,162.449,robot_2_carried_generic_box,1.986,-1.847
1789278084,633350316,162.704,robot_1,1.092,0.249
1789278084,633422475,162.704,robot_2,1.986,-1.847
1789278084,633460818,162.704,robot_0,-0.807,-1.107
1789278084,633501845,162.704,robot_1_carried_generic_box,1.056,0.249
1789278084,633534032,162.704,robot_2_carried_generic_box,1.986,-1.847
1789278084,883301219,162.954,robot_1,1.110,0.249
1789278084,883372843,162.954,robot_2,1.986,-1.848
1789278084,883415163,162.954,robot_0,-0.807,-1.107
1789278084,883452606,162.954,robot_1_carried_generic_box,1.080,0.249
1789278084,883486753,162.954,robot_2_carried_generic_box,1.986,-1.847
1789278085,87914471,163.159,robot_1,1.115,0.249
1789278085,98433339,163.169,robot_2,1.986,-1.848
1789278085,98528130,163.169,robot_0,-0.807,-1.107
1789278085,98579380,163.169,robot_1_carried_generic_box,1.080,0.249
1789278085,98614917,163.169,robot_2_carried_generic_box,1.986,-1.847
1789278085,366900937,163.438,robot_1,1.125,0.249
1789278085,366992691,163.439,robot_2,1.983,-1.847
1789278085,368814983,163.440,robot_0,-0.807,-1.107
1789278085,368899262,163.440,robot_1_carried_generic_box,1.101,0.249
1789278085,368949559,163.440,robot_2_carried_generic_box,1.986,-1.848
1789278085,625828412,163.697,robot_1,1.146,0.249
1789278085,625937306,163.697,robot_2,1.968,-1.846
1789278085,625978579,163.697,robot_0,-0.807,-1.107
1789278085,626023121,163.697,robot_1_carried_generic_box,1.115,0.249
1789278085,626055903,163.697,robot_2_carried_generic_box,1.985,-1.848
1789278085,828567165,163.899,robot_1,1.158,0.249
1789278085,828635626,163.899,robot_2,1.961,-1.846
1789278085,828671019,163.899,robot_0,-0.807,-1.107
1789278085,828715664,163.899,robot_1_carried_generic_box,1.137,0.249
1789278085,828745227,163.899,robot_2_carried_generic_box,1.976,-1.847
1789278086,37928461,164.109,robot_1,1.173,0.249
1789278086,38001903,164.109,robot_2,1.959,-1.845
1789278086,38042010,164.109,robot_0,-0.807,-1.107
1789278086,38091801,164.109,robot_1_carried_generic_box,1.137,0.249
1789278086,38130077,164.109,robot_2_carried_generic_box,1.970,-1.846
1789278086,291700747,164.362,robot_1,1.188,0.249
1789278086,291773249,164.363,robot_2,1.959,-1.846
1789278086,291813035,164.363,robot_0,-0.807,-1.107
1789278086,291860040,164.363,robot_1_carried_generic_box,1.161,0.249
1789278086,291893246,164.363,robot_2_carried_generic_box,1.960,-1.846
1789278086,500528954,164.571,robot_1,1.200,0.249
1789278086,500605286,164.571,robot_2,1.959,-1.846
1789278086,500647080,164.571,robot_0,-0.807,-1.107
1789278086,500694274,164.571,robot_1_carried_generic_box,1.173,0.249
1789278086,500736363,164.571,robot_2_carried_generic_box,1.960,-1.846
1789278086,758436478,164.829,robot_1,1.220,0.249
1789278086,758506600,164.829,robot_2,1.959,-1.846
1789278086,758541088,164.829,robot_0,-0.807,-1.107
1789278086,758579239,164.829,robot_1_carried_generic_box,1.194,0.249
1789278086,758608860,164.829,robot_2_carried_generic_box,1.959,-1.846
1789278086,983867013,165.055,robot_1,1.226,0.248
1789278087,22762671,165.094,robot_2,1.959,-1.846
1789278087,22852472,165.094,robot_0,-0.807,-1.107
1789278087,22896815,165.094,robot_1_carried_generic_box,1.194,0.249
1789278087,23836144,165.095,robot_2_carried_generic_box,1.959,-1.846
1789278087,249266351,165.320,robot_1,1.239,0.248
1789278087,249345728,165.320,robot_2,1.959,-1.845
1789278087,249392344,165.320,robot_0,-0.806,-1.106
1789278087,249441633,165.320,robot_1_carried_generic_box,1.220,0.249
1789278087,249482901,165.320,robot_2_carried_generic_box,1.959,-1.846
1789278087,495772691,165.567,robot_1,1.252,0.248
1789278087,495853656,165.567,robot_2,1.959,-1.845
1789278087,495900952,165.567,robot_0,-0.800,-1.102
1789278087,495955435,165.567,robot_1_carried_generic_box,1.228,0.248
1789278087,495998760,165.567,robot_2_carried_generic_box,1.959,-1.846
1789278087,764537561,165.835,robot_1,1.263,0.248
1789278087,764620011,165.835,robot_2,1.959,-1.845
1789278087,764662436,165.835,robot_0,-0.790,-1.096
1789278087,764707423,165.835,robot_1_carried_generic_box,1.247,0.248
1789278087,764739640,165.835,robot_2_carried_generic_box,1.959,-1.845
1789278087,981634195,166.052,robot_1,1.274,0.248
1789278087,981717299,166.052,robot_2,1.960,-1.846
1789278087,981759751,166.053,robot_0,-0.784,-1.092
1789278087,981800082,166.053,robot_1_carried_generic_box,1.253,0.248
1789278087,981831689,166.053,robot_2_carried_generic_box,1.959,-1.845
1789278088,228935825,166.300,robot_1,1.284,0.247
1789278088,229017653,166.300,robot_2,1.969,-1.848
1789278088,229057350,166.300,robot_0,-0.782,-1.091
1789278088,229099888,166.300,robot_1_carried_generic_box,1.263,0.248
1789278088,229133074,166.300,robot_2_carried_generic_box,1.959,-1.845
1789278088,443241476,166.514,robot_1,1.296,0.247
1789278088,443321270,166.514,robot_2,1.982,-1.852
1789278088,443365789,166.514,robot_0,-0.782,-1.091
1789278088,443417198,166.514,robot_1_carried_generic_box,1.278,0.247
1789278088,443466756,166.514,robot_2_carried_generic_box,1.962,-1.846
1789278088,663679394,166.734,robot_1,1.307,0.246
1789278088,663761785,166.735,robot_2,2.000,-1.857
1789278088,663801548,166.735,robot_0,-0.782,-1.091
1789278088,663841651,166.735,robot_1_carried_generic_box,1.283,0.247
1789278088,663878448,166.735,robot_2_carried_generic_box,1.977,-1.850
1789278088,871852529,166.943,robot_1,1.314,0.246
1789278088,871930342,166.943,robot_2,2.008,-1.859
1789278088,871968611,166.943,robot_0,-0.782,-1.091
1789278088,872009833,166.943,robot_1_carried_generic_box,1.298,0.247
1789278088,872045633,166.943,robot_2_carried_generic_box,1.985,-1.852
1789278089,93085998,167.164,robot_1,1.326,0.245
1789278089,93169315,167.164,robot_2,2.020,-1.863
1789278089,93205100,167.164,robot_0,-0.782,-1.091
1789278089,93249630,167.164,robot_1_carried_generic_box,1.307,0.246
1789278089,93286493,167.164,robot_2_carried_generic_box,2.000,-1.857
1789278089,371537508,167.442,robot_1,1.342,0.244
1789278089,371612986,167.442,robot_2,2.037,-1.868
1789278089,371653537,167.442,robot_0,-0.782,-1.091
1789278089,371702115,167.442,robot_1_carried_generic_box,1.317,0.246
1789278089,371736673,167.442,robot_2_carried_generic_box,2.005,-1.858
1789278089,624850967,167.696,robot_1,1.350,0.244
1789278089,624939093,167.696,robot_2,2.051,-1.873
1789278089,624987611,167.696,robot_0,-0.782,-1.091
1789278089,625039059,167.696,robot_1_carried_generic_box,1.329,0.245
1789278089,625081584,167.696,robot_2_carried_generic_box,2.025,-1.865
1789278089,826160817,167.897,robot_1,1.352,0.244
1789278089,826233787,167.897,robot_2,2.063,-1.877
1789278089,826265891,167.897,robot_0,-0.782,-1.091
1789278089,826300246,167.897,robot_1_carried_generic_box,1.340,0.245
1789278089,826329223,167.897,robot_2_carried_generic_box,2.040,-1.869
1789278090,268345507,168.339,robot_1,1.352,0.244
1789278090,268443260,168.339,robot_2,2.065,-1.877
1789278090,268498990,168.339,robot_0,-0.782,-1.091
1789278090,268544339,168.339,robot_1_carried_generic_box,1.340,0.245
1789278090,268581726,168.339,robot_2_carried_generic_box,2.040,-1.869
1789278090,268616106,168.339,robot_0_carried_generic_box,-0.782,-1.091
1789278090,466712091,168.537,robot_1,1.352,0.244
1789278090,466794198,168.538,robot_2,2.075,-1.880
1789278090,466840697,168.538,robot_0,-0.782,-1.091
1789278090,466891222,168.538,robot_1_carried_generic_box,1.352,0.244
1789278090,474073166,168.545,robot_2_carried_generic_box,2.065,-1.877
1789278090,474167101,168.545,robot_0_carried_generic_box,-0.782,-1.091
1789278090,668377389,168.739,robot_1,1.352,0.244
1789278090,668451228,168.739,robot_2,2.080,-1.882
1789278090,668496284,168.739,robot_0,-0.782,-1.091
1789278090,668545298,168.739,robot_1_carried_generic_box,1.352,0.244
1789278090,668585069,168.739,robot_2_carried_generic_box,2.068,-1.878
1789278090,668619011,168.739,robot_0_carried_generic_box,-0.782,-1.091
1789278090,889167967,168.960,robot_1,1.358,0.243
1789278090,889244211,168.960,robot_2,2.082,-1.883
1789278090,889283246,168.960,robot_0,-0.782,-1.091
1789278090,889325872,168.960,robot_1_carried_generic_box,1.352,0.244
1789278090,889360045,168.960,robot_2_carried_generic_box,2.075,-1.880
1789278090,889391555,168.960,robot_0_carried_generic_box,-0.782,-1.091
1789278091,121104096,169.192,robot_1,1.367,0.242
1789278091,121189701,169.192,robot_2,2.082,-1.883
1789278091,121241079,169.192,robot_0,-0.782,-1.091
1789278091,121285808,169.192,robot_1_carried_generic_box,1.352,0.244
1789278091,121319770,169.192,robot_2_carried_generic_box,2.079,-1.882
1789278091,121349625,169.192,robot_0_carried_generic_box,-0.782,-1.091
1789278091,364076277,169.435,robot_1,1.385,0.239
1789278091,364164408,169.435,robot_2,2.082,-1.883
1789278091,364211499,169.435,robot_0,-0.782,-1.091
1789278091,364260885,169.435,robot_1_carried_generic_box,1.365,0.242
1789278091,364298272,169.435,robot_2_carried_generic_box,2.082,-1.883
1789278091,365084078,169.436,robot_0_carried_generic_box,-0.782,-1.091
1789278091,581488512,169.652,robot_1,1.399,0.237
1789278091,581556900,169.652,robot_2,2.082,-1.883
1789278091,581593771,169.652,robot_0,-0.782,-1.091
1789278091,581632795,169.652,robot_1_carried_generic_box,1.370,0.242
1789278091,581663257,169.652,robot_2_carried_generic_box,2.082,-1.883
1789278091,581696861,169.652,robot_0_carried_generic_box,-0.782,-1.091
1789278091,820429802,169.891,robot_1,1.412,0.235
1789278091,820507557,169.891,robot_2,2.082,-1.883
1789278091,820548162,169.891,robot_0,-0.782,-1.091
1789278091,820589329,169.891,robot_1_carried_generic_box,1.391,0.239
1789278091,820618635,169.891,robot_2_carried_generic_box,2.082,-1.883
1789278091,820649273,169.891,robot_0_carried_generic_box,-0.782,-1.091
1789278092,54352105,170.125,robot_1,1.429,0.232
1789278092,54423779,170.125,robot_2,2.082,-1.883
1789278092,54463634,170.125,robot_0,-0.782,-1.091
1789278092,54504635,170.125,robot_1_carried_generic_box,1.399,0.237
1789278092,54540110,170.125,robot_2_carried_generic_box,2.082,-1.883
1789278092,54582141,170.125,robot_0_carried_generic_box,-0.782,-1.091
1789278092,268534516,170.339,robot_1,1.435,0.231
1789278092,268602700,170.339,robot_2,2.082,-1.883
1789278092,268647234,170.339,robot_0,-0.782,-1.091
1789278092,268693485,170.339,robot_1_carried_generic_box,1.418,0.234
1789278092,268728787,170.339,robot_2_carried_generic_box,2.082,-1.883
1789278092,268768342,170.340,robot_0_carried_generic_box,-0.782,-1.091
1789278092,534883983,170.606,robot_1,1.438,0.231
1789278092,534972887,170.606,robot_2,2.082,-1.883
1789278092,535015583,170.606,robot_0,-0.782,-1.091
1789278092,535059348,170.606,robot_1_carried_generic_box,1.431,0.232
1789278092,535090054,170.606,robot_2_carried_generic_box,2.082,-1.883
1789278092,535116679,170.606,robot_0_carried_generic_box,-0.782,-1.091
1789278092,744722227,170.815,robot_1,1.445,0.230
1789278092,744793244,170.816,robot_2,2.082,-1.883
1789278092,744828320,170.816,robot_0,-0.782,-1.091
1789278092,744866379,170.816,robot_1_carried_generic_box,1.434,0.232
1789278092,744892745,170.816,robot_2_carried_generic_box,2.082,-1.883
1789278092,771557013,170.842,robot_0_carried_generic_box,-0.782,-1.091
1789278092,983781258,171.055,robot_1,1.449,0.229
1789278092,983843072,171.055,robot_2,2.082,-1.883
1789278092,983881239,171.055,robot_0,-0.782,-1.091
1789278093,7048290,171.078,robot_1_carried_generic_box,1.438,0.231
1789278093,7167901,171.078,robot_2_carried_generic_box,2.082,-1.883
1789278093,7211886,171.078,robot_0_carried_generic_box,-0.782,-1.091
1789278093,191070362,171.262,robot_1,1.449,0.229
1789278093,191145360,171.262,robot_2,2.082,-1.883
1789278093,191192280,171.262,robot_0,-0.782,-1.091
1789278093,191233742,171.262,robot_1_carried_generic_box,1.446,0.229
1789278093,191262778,171.262,robot_2_carried_generic_box,2.082,-1.883
1789278093,191293758,171.262,robot_0_carried_generic_box,-0.782,-1.091
1789278093,428572951,171.499,robot_1,1.449,0.229
1789278093,428643644,171.499,robot_2,2.082,-1.883
1789278093,428682530,171.499,robot_0,-0.782,-1.091
1789278093,428725316,171.499,robot_1_carried_generic_box,1.449,0.229
1789278093,428753688,171.499,robot_2_carried_generic_box,2.082,-1.883
1789278093,428788058,171.500,robot_0_carried_generic_box,-0.782,-1.091
1789278093,659357485,171.730,robot_1,1.454,0.228
1789278093,659427055,171.730,robot_2,2.082,-1.883
1789278093,659465868,171.730,robot_0,-0.782,-1.091
1789278093,659506771,171.730,robot_1_carried_generic_box,1.449,0.229
1789278093,659536754,171.730,robot_2_carried_generic_box,2.082,-1.883
1789278093,659570514,171.730,robot_0_carried_generic_box,-0.782,-1.091
1789278093,899539292,171.970,robot_1,1.464,0.225
1789278093,899609764,171.970,robot_2,2.082,-1.883
1789278093,899648387,171.970,robot_0,-0.782,-1.091
1789278093,899685871,171.970,robot_1_carried_generic_box,1.450,0.229
1789278093,899712757,171.970,robot_2_carried_generic_box,2.082,-1.883
1789278093,899737496,171.970,robot_0_carried_generic_box,-0.782,-1.091
1789278094,147255507,172.218,robot_1,1.472,0.223
1789278094,147322400,172.218,robot_2,2.086,-1.882
1789278094,147356928,172.218,robot_0,-0.782,-1.091
1789278094,147395910,172.218,robot_1_carried_generic_box,1.455,0.227
1789278094,147422926,172.218,robot_2_carried_generic_box,2.082,-1.883
1789278094,160185047,172.231,robot_0_carried_generic_box,-0.782,-1.091
1789278094,407866433,172.479,robot_1,1.482,0.220
1789278094,407937516,172.479,robot_2,2.096,-1.880
1789278094,407975366,172.479,robot_0,-0.782,-1.091
1789278094,408016067,172.479,robot_1_carried_generic_box,1.468,0.224
1789278094,408043637,172.479,robot_2_carried_generic_box,2.083,-1.883
1789278094,408072438,172.479,robot_0_carried_generic_box,-0.782,-1.091
1789278094,659462541,172.730,robot_1,1.496,0.215
1789278094,659538178,172.730,robot_2,2.111,-1.876
1789278094,659586042,172.730,robot_0,-0.782,-1.090
1789278094,659633726,172.730,robot_1_carried_generic_box,1.472,0.223
1789278094,659667540,172.730,robot_2_carried_generic_box,2.085,-1.883
1789278094,659695919,172.730,robot_0_carried_generic_box,-0.782,-1.091
1789278094,916429365,172.987,robot_1,1.514,0.209
1789278094,916499186,172.987,robot_2,2.128,-1.870
1789278094,916546080,172.987,robot_0,-0.782,-1.090
1789278094,916594688,172.987,robot_1_carried_generic_box,1.488,0.218
1789278094,916628284,172.987,robot_2_carried_generic_box,2.099,-1.879
1789278094,916665934,172.987,robot_0_carried_generic_box,-0.782,-1.091
1789278095,166259207,173.237,robot_1,1.522,0.206
1789278095,166324669,173.237,robot_2,2.137,-1.868
1789278095,166361441,173.237,robot_0,-0.782,-1.090
1789278095,166402814,173.237,robot_1_carried_generic_box,1.502,0.213
1789278095,194574117,173.265,robot_2_carried_generic_box,2.108,-1.876
1789278095,194677873,173.265,robot_0_carried_generic_box,-0.782,-1.091
1789278095,402508984,173.473,robot_1,1.535,0.202
1789278095,402580733,173.473,robot_2,2.151,-1.863
1789278095,402625022,173.473,robot_0,-0.782,-1.090
1789278095,402668640,173.473,robot_1_carried_generic_box,1.516,0.208
1789278095,402703321,173.473,robot_2_carried_generic_box,2.122,-1.872
1789278095,402737820,173.473,robot_0_carried_generic_box,-0.782,-1.090
1789278095,697293183,173.768,robot_1,1.555,0.195
1789278095,697362583,173.768,robot_2,2.164,-1.858
1789278095,697401001,173.768,robot_0,-0.782,-1.090
1789278095,697440576,173.768,robot_1_carried_generic_box,1.522,0.206
1789278095,697469982,173.768,robot_2_carried_generic_box,2.134,-1.868
1789278095,697500272,173.768,robot_0_carried_generic_box,-0.782,-1.090
1789278095,925820678,173.997,robot_1,1.569,0.190
1789278095,925892367,173.997,robot_2,2.167,-1.857
1789278095,933881688,174.005,robot_0,-0.784,-1.092
1789278095,933992036,174.005,robot_1_carried_generic_box,1.535,0.202
1789278095,934027899,174.005,robot_2_carried_generic_box,2.151,-1.863
1789278095,934063102,174.005,robot_0_carried_generic_box,-0.782,-1.090
1789278096,132021587,174.203,robot_1,1.583,0.185
1789278096,132091511,174.203,robot_2,2.167,-1.858
1789278096,132131333,174.203,robot_0,-0.787,-1.097
1789278096,132173994,174.203,robot_1_carried_generic_box,1.552,0.196
1789278096,132204187,174.203,robot_2_carried_generic_box,2.162,-1.859
1789278096,142450124,174.213,robot_0_carried_generic_box,-0.782,-1.090
1789278096,342592484,174.413,robot_1,1.597,0.180
1789278096,348224438,174.419,robot_2,2.167,-1.858
1789278096,348347814,174.419,robot_0,-0.789,-1.101
1789278096,348413155,174.419,robot_1_carried_generic_box,1.575,0.188
1789278096,348454273,174.419,robot_2_carried_generic_box,2.167,-1.857
1789278096,348495611,174.419,robot_0_carried_generic_box,-0.785,-1.094
1789278096,620775895,174.692,robot_1,1.608,0.176
1789278096,620863361,174.692,robot_2,2.167,-1.858
1789278096,620915112,174.706,robot_0,-0.795,-1.111
1789278096,635371205,174.706,robot_1_carried_generic_box,1.575,0.188
1789278096,635418088,174.706,robot_2_carried_generic_box,2.167,-1.857
1789278096,635533205,174.706,robot_0_carried_generic_box,-0.785,-1.094
1789278096,860793358,174.932,robot_1,1.618,0.172
1789278096,874176588,174.945,robot_2,2.167,-1.858
1789278096,874267327,174.945,robot_0,-0.802,-1.124
1789278096,874330587,174.945,robot_1_carried_generic_box,1.600,0.179
1789278096,874364309,174.945,robot_2_carried_generic_box,2.167,-1.858
1789278096,874400345,174.945,robot_0_carried_generic_box,-0.791,-1.104
1789278097,136919201,175.208,robot_1,1.629,0.168
1789278097,136991301,175.208,robot_2,2.167,-1.858
1789278097,137029009,175.208,robot_0,-0.807,-1.132
1789278097,137069778,175.208,robot_1_carried_generic_box,1.611,0.175
1789278097,137098248,175.208,robot_2_carried_generic_box,2.167,-1.858
1789278097,137128950,175.208,robot_0_carried_generic_box,-0.793,-1.108
1789278097,398893009,175.470,robot_1,1.643,0.163
1789278097,399012276,175.470,robot_2,2.167,-1.858
1789278097,399048329,175.470,robot_0,-0.811,-1.140
1789278097,399093595,175.470,robot_1_carried_generic_box,1.620,0.172
1789278097,399121303,175.470,robot_2_carried_generic_box,2.167,-1.858
1789278097,399149957,175.470,robot_0_carried_generic_box,-0.802,-1.124
1789278097,649947795,175.721,robot_1,1.660,0.157
1789278097,650021756,175.721,robot_2,2.167,-1.858
1789278097,650062968,175.721,robot_0,-0.818,-1.152
1789278097,650107582,175.721,robot_1_carried_generic_box,1.634,0.166
1789278097,650138395,175.721,robot_2_carried_generic_box,2.167,-1.858
1789278097,650174304,175.721,robot_0_carried_generic_box,-0.808,-1.135
1789278097,875379811,175.946,robot_1,1.674,0.152
1789278097,875468129,175.946,robot_2,2.167,-1.858
1789278097,875505745,175.946,robot_0,-0.824,-1.163
1789278097,875551691,175.946,robot_1_carried_generic_box,1.634,0.166
1789278097,875579955,175.946,robot_2_carried_generic_box,2.167,-1.858
1789278097,890052984,175.961,robot_0_carried_generic_box,-0.808,-1.135
1789278098,92026552,176.163,robot_1,1.687,0.147
1789278098,92142197,176.163,robot_2,2.167,-1.858
1789278098,92178918,176.163,robot_0,-0.830,-1.177
1789278098,96203603,176.167,robot_1_carried_generic_box,1.648,0.161
1789278098,96298326,176.167,robot_2_carried_generic_box,2.167,-1.858
1789278098,96344681,176.167,robot_0_carried_generic_box,-0.819,-1.154
1789278098,324269882,176.395,robot_1,1.696,0.144
1789278098,324347510,176.395,robot_2,2.167,-1.858
1789278098,324395010,176.395,robot_0,-0.839,-1.193
1789278098,324444639,176.395,robot_1_carried_generic_box,1.685,0.148
1789278098,324485432,176.395,robot_2_carried_generic_box,2.167,-1.858
1789278098,324525262,176.395,robot_0_carried_generic_box,-0.824,-1.163
1789278098,541979268,176.613,robot_1,1.701,0.142
1789278098,542050690,176.613,robot_2,2.167,-1.858
1789278098,542092796,176.613,robot_0,-0.844,-1.203
1789278098,542137748,176.613,robot_1_carried_generic_box,1.685,0.148
1789278098,542173548,176.613,robot_2_carried_generic_box,2.167,-1.858
1789278098,542206859,176.613,robot_0_carried_generic_box,-0.829,-1.174
1789278098,767976317,176.839,robot_1,1.711,0.138
1789278098,768076137,176.839,robot_2,2.167,-1.858
1789278098,768123126,176.839,robot_0,-0.851,-1.217
1789278098,773805546,176.845,robot_1_carried_generic_box,1.698,0.143
1789278098,773899025,176.845,robot_2_carried_generic_box,2.167,-1.858
1789278098,773946691,176.845,robot_0_carried_generic_box,-0.841,-1.198
1789278098,977410471,177.048,robot_1,1.719,0.135
1789278098,977494625,177.048,robot_2,2.167,-1.858
1789278098,977531249,177.048,robot_0,-0.855,-1.225
1789278098,977570526,177.048,robot_1_carried_generic_box,1.698,0.143
1789278098,977601789,177.048,robot_2_carried_generic_box,2.167,-1.858
1789278098,977632469,177.048,robot_0_carried_generic_box,-0.841,-1.198
1789278099,201729255,177.272,robot_1,1.733,0.129
1789278099,226067198,177.297,robot_2,2.167,-1.858
1789278099,226154156,177.297,robot_0,-0.861,-1.237
1789278099,226204180,177.297,robot_1_carried_generic_box,1.708,0.139
1789278099,226237686,177.297,robot_2_carried_generic_box,2.167,-1.858
1789278099,226276429,177.297,robot_0_carried_generic_box,-0.852,-1.219
1789278099,427151994,177.498,robot_1,1.747,0.124
1789278099,427219613,177.498,robot_2,2.167,-1.858
1789278099,427253430,177.498,robot_0,-0.866,-1.246
1789278099,438399640,177.509,robot_1_carried_generic_box,1.717,0.136
1789278099,438511994,177.509,robot_2_carried_generic_box,2.167,-1.858
1789278099,438550656,177.509,robot_0_carried_generic_box,-0.858,-1.230
1789278099,645807208,177.717,robot_1,1.756,0.121
1789278099,645892022,177.717,robot_2,2.167,-1.858
1789278099,645952914,177.717,robot_0,-0.869,-1.251
1789278099,645997214,177.717,robot_1_carried_generic_box,1.728,0.132
1789278099,646030513,177.717,robot_2_carried_generic_box,2.167,-1.858
1789278099,646065684,177.717,robot_0_carried_generic_box,-0.862,-1.238
1789278099,885776919,177.957,robot_1,1.766,0.117
1789278099,885846351,177.957,robot_2,2.167,-1.858
1789278099,885883028,177.957,robot_0,-0.873,-1.260
1789278099,903163190,177.974,robot_1_carried_generic_box,1.739,0.127
1789278099,903657119,177.974,robot_2_carried_generic_box,2.167,-1.858
1789278099,903722785,177.974,robot_0_carried_generic_box,-0.864,-1.242
1789278100,150064744,178.221,robot_1,1.784,0.109
1789278100,150158903,178.221,robot_2,2.167,-1.858
1789278100,150208239,178.221,robot_0,-0.881,-1.275
1789278100,150259633,178.221,robot_1_carried_generic_box,1.761,0.119
1789278100,150302932,178.221,robot_2_carried_generic_box,2.167,-1.858
1789278100,150342959,178.221,robot_0_carried_generic_box,-0.871,-1.255
1789278100,381491313,178.452,robot_1,1.797,0.104
1789278100,381564967,178.452,robot_2,2.168,-1.858
1789278100,381601451,178.452,robot_0,-0.885,-1.284
1789278100,381643668,178.452,robot_1_carried_generic_box,1.769,0.115
1789278100,381680987,178.452,robot_2_carried_generic_box,2.167,-1.858
1789278100,381717510,178.452,robot_0_carried_generic_box,-0.878,-1.270
1789278100,591263001,178.662,robot_1,1.811,0.099
1789278100,591334616,178.662,robot_2,2.168,-1.858
1789278100,591381897,178.662,robot_0,-0.889,-1.295
1789278100,591437487,178.662,robot_1_carried_generic_box,1.780,0.111
1789278100,591488691,178.662,robot_2_carried_generic_box,2.168,-1.858
1789278100,591548036,178.662,robot_0_carried_generic_box,-0.881,-1.277
1789278100,815846120,178.887,robot_1,1.818,0.096
1789278100,815954172,178.887,robot_2,2.168,-1.858
1789278100,815993364,178.888,robot_0,-0.894,-1.305
1789278100,818928420,178.890,robot_1_carried_generic_box,1.800,0.103
1789278100,819013085,178.890,robot_2_carried_generic_box,2.168,-1.858
1789278100,819055215,178.890,robot_0_carried_generic_box,-0.886,-1.288
1789278101,48773535,179.120,robot_1,1.826,0.093
1789278101,48847966,179.120,robot_2,2.168,-1.859
1789278101,48889716,179.120,robot_0,-0.898,-1.315
1789278101,48942157,179.120,robot_1_carried_generic_box,1.815,0.097
1789278101,48975180,179.120,robot_2_carried_generic_box,2.168,-1.858
1789278101,49004467,179.120,robot_0_carried_generic_box,-0.888,-1.292
1789278101,298976108,179.370,robot_1,1.835,0.089
1789278101,299050296,179.370,robot_2,2.166,-1.863
1789278101,299087676,179.370,robot_0,-0.902,-1.328
1789278101,299134688,179.370,robot_1_carried_generic_box,1.820,0.095
1789278101,299173497,179.370,robot_2_carried_generic_box,2.168,-1.858
1789278101,299211392,179.370,robot_0_carried_generic_box,-0.894,-1.305
1789278101,552378557,179.623,robot_1,1.841,0.086
1789278101,552451448,179.623,robot_2,2.162,-1.873
1789278101,552487669,179.623,robot_0,-0.908,-1.345
1789278101,552530086,179.623,robot_1_carried_generic_box,1.826,0.093
1789278101,552561691,179.623,robot_2_carried_generic_box,2.167,-1.861
1789278101,552589993,179.623,robot_0_carried_generic_box,-0.898,-1.317
1789278101,762753441,179.834,robot_1,1.849,0.083
1789278101,762827601,179.834,robot_2,2.160,-1.880
1789278101,762864129,179.834,robot_0,-0.911,-1.354
1789278101,762906019,179.834,robot_1_carried_generic_box,1.836,0.088
1789278101,762953104,179.834,robot_2_carried_generic_box,2.167,-1.861
1789278101,762987920,179.834,robot_0_carried_generic_box,-0.903,-1.330
1789278101,969673551,180.040,robot_1,1.856,0.080
1789278101,969743229,180.040,robot_2,2.159,-1.882
1789278101,969783659,180.041,robot_0,-0.913,-1.361
1789278101,969820685,180.041,robot_1_carried_generic_box,1.839,0.087
1789278101,969855934,180.041,robot_2_carried_generic_box,2.164,-1.868
1789278101,969885881,180.041,robot_0_carried_generic_box,-0.907,-1.342
1789278102,248702638,180.319,robot_1,1.872,0.073
1789278102,248796465,180.320,robot_2,2.159,-1.883
1789278102,248841114,180.320,robot_0,-0.919,-1.378
1789278102,258904729,180.330,robot_1_carried_generic_box,1.847,0.084
1789278102,259004805,180.330,robot_2_carried_generic_box,2.160,-1.880
1789278102,259049450,180.330,robot_0_carried_generic_box,-0.910,-1.350
1789278102,479600424,180.550,robot_1,1.883,0.068
1789278102,479681827,180.550,robot_2,2.159,-1.883
1789278102,479718480,180.550,robot_0,-0.921,-1.388
1789278102,488973679,180.561,robot_1_carried_generic_box,1.861,0.078
1789278102,490729530,180.561,robot_2_carried_generic_box,2.159,-1.882
1789278102,490789227,180.562,robot_0_carried_generic_box,-0.915,-1.367
1789278102,762269765,180.833,robot_1,1.894,0.063
1789278102,762379829,180.833,robot_2,2.159,-1.883
1789278102,762418826,180.833,robot_0,-0.924,-1.398
1789278102,762460828,180.833,robot_1_carried_generic_box,1.875,0.072
1789278102,762492009,180.833,robot_2_carried_generic_box,2.159,-1.883
1789278102,762523472,180.833,robot_0_carried_generic_box,-0.919,-1.381
1789278102,977502009,181.050,robot_1,1.903,0.059
1789278102,978868743,181.050,robot_2,2.159,-1.883
1789278102,978925800,181.050,robot_0,-0.927,-1.409
1789278102,978966424,181.050,robot_1_carried_generic_box,1.881,0.069
1789278102,978998081,181.050,robot_2_carried_generic_box,2.159,-1.883
1789278102,979025045,181.050,robot_0_carried_generic_box,-0.922,-1.390
1789278103,182319735,181.253,robot_1,1.913,0.054
1789278103,182388062,181.253,robot_2,2.159,-1.883
1789278103,182424879,181.253,robot_0,-0.930,-1.420
1789278103,182460342,181.253,robot_1_carried_generic_box,1.894,0.063
1789278103,182493302,181.253,robot_2_carried_generic_box,2.159,-1.883
1789278103,182520115,181.253,robot_0_carried_generic_box,-0.924,-1.398
1789278103,413894226,181.525,robot_1,1.930,0.047
1789278103,454366233,181.525,robot_2,2.159,-1.883
1789278103,454439803,181.525,robot_0,-0.933,-1.433
1789278103,454487703,181.525,robot_1_carried_generic_box,1.908,0.057
1789278103,454524953,181.525,robot_2_carried_generic_box,2.159,-1.883
1789278103,454561335,181.525,robot_0_carried_generic_box,-0.927,-1.409
1789278103,654116932,181.742,robot_1,1.943,0.041
1789278103,671419458,181.742,robot_2,2.159,-1.883
1789278103,671486989,181.742,robot_0,-0.935,-1.443
1789278103,671527099,181.742,robot_1_carried_generic_box,1.908,0.057
1789278103,671558423,181.742,robot_2_carried_generic_box,2.159,-1.883
1789278103,671586854,181.742,robot_0_carried_generic_box,-0.930,-1.420
1789278103,867755591,181.939,robot_1,1.953,0.036
1789278103,867835583,181.939,robot_2,2.159,-1.883
1789278103,867878812,181.939,robot_0,-0.937,-1.451
1789278103,894253232,181.965,robot_1_carried_generic_box,1.930,0.047
1789278103,894391102,181.965,robot_2_carried_generic_box,2.159,-1.883
1789278103,894439889,181.965,robot_0_carried_generic_box,-0.932,-1.429
1789278104,129847392,182.201,robot_1,1.960,0.033
1789278104,129930910,182.201,robot_2,2.159,-1.883
1789278104,129975839,182.201,robot_0,-0.939,-1.464
1789278104,130020880,182.201,robot_1_carried_generic_box,1.941,0.042
1789278104,130063194,182.201,robot_2_carried_generic_box,2.159,-1.883
1789278104,130096252,182.201,robot_0_carried_generic_box,-0.935,-1.443
1789278104,384679269,182.455,robot_1,1.964,0.031
1789278104,384750381,182.456,robot_2,2.159,-1.883
1789278104,384796151,182.456,robot_0,-0.942,-1.479
1789278104,384839638,182.456,robot_1_carried_generic_box,1.955,0.035
1789278104,384882131,182.456,robot_2_carried_generic_box,2.159,-1.883
1789278104,384931662,182.456,robot_0_carried_generic_box,-0.937,-1.451
1789278104,589021125,182.660,robot_1,1.970,0.028
1789278104,589099497,182.660,robot_2,2.159,-1.883
1789278104,589147578,182.660,robot_0,-0.944,-1.491
1789278104,589195670,182.660,robot_1_carried_generic_box,1.961,0.033
1789278104,589238509,182.660,robot_2_carried_generic_box,2.159,-1.883
1789278104,589285228,182.660,robot_0_carried_generic_box,-0.939,-1.464
1789278104,791708103,182.862,robot_1,1.974,0.026
1789278104,791779241,182.863,robot_2,2.159,-1.883
1789278104,791815010,182.863,robot_0,-0.946,-1.503
1789278104,791851497,182.863,robot_1_carried_generic_box,1.965,0.031
1789278104,791891948,182.863,robot_2_carried_generic_box,2.159,-1.883
1789278104,791934715,182.863,robot_0_carried_generic_box,-0.941,-1.473
1789278104,996979817,183.068,robot_1,1.975,0.026
1789278104,997052440,183.068,robot_2,2.159,-1.883
1789278104,997092002,183.068,robot_0,-0.947,-1.515
1789278104,997131746,183.068,robot_1_carried_generic_box,1.965,0.031
1789278104,997164426,183.068,robot_2_carried_generic_box,2.159,-1.883
1789278104,997193502,183.068,robot_0_carried_generic_box,-0.942,-1.482
1789278105,248721743,183.319,robot_1,1.975,0.026
1789278105,248799157,183.320,robot_2,2.159,-1.882
1789278105,248836267,183.320,robot_0,-0.949,-1.529
1789278105,248872981,183.320,robot_1_carried_generic_box,1.974,0.026
1789278105,248905138,183.320,robot_2_carried_generic_box,2.159,-1.883
1789278105,248947261,183.320,robot_0_carried_generic_box,-0.945,-1.500
1789278105,472379083,183.555,robot_1,1.975,0.026
1789278105,484523442,183.555,robot_2,2.160,-1.882
1789278105,484581611,183.555,robot_0,-0.951,-1.544
1789278105,484620474,183.555,robot_1_carried_generic_box,1.975,0.026
1789278105,484654220,183.555,robot_2_carried_generic_box,2.159,-1.882
1789278105,484686756,183.555,robot_0_carried_generic_box,-0.948,-1.521
1789278105,711429738,183.782,robot_1,1.975,0.026
1789278105,711506045,183.782,robot_2,2.160,-1.882
1789278105,711547961,183.782,robot_0,-0.954,-1.559
1789278105,711590375,183.782,robot_1_carried_generic_box,1.975,0.026
1789278105,711631264,183.782,robot_2_carried_generic_box,2.159,-1.882
1789278105,711668604,183.782,robot_0_carried_generic_box,-0.950,-1.532
1789278105,924617519,183.995,robot_1,1.975,0.026
1789278105,924694387,183.995,robot_2,2.160,-1.882
1789278105,924733904,183.995,robot_0,-0.955,-1.569
1789278105,924771250,183.996,robot_1_carried_generic_box,1.975,0.026
1789278105,924804336,183.996,robot_2_carried_generic_box,2.160,-1.882
1789278105,924837444,183.996,robot_0_carried_generic_box,-0.952,-1.547
1789278106,131309120,184.202,robot_1,1.975,0.026
1789278106,131388269,184.202,robot_2,2.160,-1.882
1789278106,131433868,184.202,robot_0,-0.957,-1.582
1789278106,131479281,184.202,robot_1_carried_generic_box,1.975,0.026
1789278106,131512456,184.202,robot_2_carried_generic_box,2.160,-1.882
1789278106,131545744,184.202,robot_0_carried_generic_box,-0.954,-1.559
1789278106,364692629,184.435,robot_1,1.975,0.026
1789278106,364766327,184.436,robot_2,2.160,-1.882
1789278106,364809947,184.436,robot_0,-0.958,-1.592
1789278106,364849746,184.436,robot_1_carried_generic_box,1.975,0.026
1789278106,364887220,184.436,robot_2_carried_generic_box,2.160,-1.882
1789278106,379200326,184.450,robot_0_carried_generic_box,-0.955,-1.572
1789278106,565587012,184.636,robot_1,1.975,0.026
1789278106,565655485,184.636,robot_2,2.160,-1.882
1789278106,565693185,184.636,robot_0,-0.959,-1.602
1789278106,565730327,184.636,robot_1_carried_generic_box,1.975,0.026
1789278106,565761505,184.637,robot_2_carried_generic_box,2.160,-1.882
1789278106,565790563,184.637,robot_0_carried_generic_box,-0.957,-1.585
1789278106,795713283,184.866,robot_1,1.975,0.026
1789278106,795798497,184.867,robot_2,2.160,-1.882
1789278106,795835198,184.867,robot_0,-0.961,-1.616
1789278106,795870019,184.867,robot_1_carried_generic_box,1.975,0.026
1789278106,795897348,184.867,robot_2_carried_generic_box,2.160,-1.882
1789278106,830503199,184.901,robot_0_carried_generic_box,-0.958,-1.594
1789278107,46112726,185.117,robot_1,1.975,0.026
1789278107,46190350,185.117,robot_2,2.160,-1.882
1789278107,46227311,185.117,robot_0,-0.962,-1.622
1789278107,46263821,185.117,robot_1_carried_generic_box,1.975,0.026
1789278107,46295752,185.117,robot_2_carried_generic_box,2.160,-1.882
1789278107,46326012,185.117,robot_0_carried_generic_box,-0.960,-1.605
1789278107,310976845,185.382,robot_1,1.975,0.026
1789278107,311063313,185.382,robot_2,2.160,-1.882
1789278107,324196643,185.395,robot_0,-0.963,-1.634
1789278107,324303638,185.395,robot_1_carried_generic_box,1.975,0.026
1789278107,324348860,185.395,robot_2_carried_generic_box,2.160,-1.882
1789278107,324384038,185.395,robot_0_carried_generic_box,-0.961,-1.613
1789278107,550736354,185.621,robot_1,1.975,0.026
1789278107,550811130,185.622,robot_2,2.160,-1.882
1789278107,550847651,185.622,robot_0,-0.964,-1.642
1789278107,550936039,185.622,robot_1_carried_generic_box,1.975,0.026
1789278107,550968451,185.622,robot_2_carried_generic_box,2.160,-1.882
1789278107,550997508,185.622,robot_0_carried_generic_box,-0.961,-1.613
1789278107,803041032,185.874,robot_1,1.975,0.026
1789278107,803124370,185.874,robot_2,2.160,-1.882
1789278107,803169324,185.874,robot_0,-0.965,-1.654
1789278107,803216851,185.880,robot_1_carried_generic_box,1.975,0.026
1789278107,809254923,185.882,robot_2_carried_generic_box,2.160,-1.882
1789278107,810914950,185.882,robot_0_carried_generic_box,-0.963,-1.634
1789278108,55194406,186.126,robot_1,1.975,0.025
1789278108,55288131,186.126,robot_2,2.157,-1.879
1789278108,55337669,186.126,robot_0,-0.965,-1.665
1789278108,55386802,186.126,robot_1_carried_generic_box,1.975,0.026
1789278108,55428010,186.126,robot_2_carried_generic_box,2.160,-1.882
1789278108,55466729,186.127,robot_0_carried_generic_box,-0.964,-1.640
1789278108,289686148,186.360,robot_1,1.975,0.025
1789278108,295156183,186.366,robot_2,2.147,-1.869
1789278108,295242909,186.366,robot_0,-0.966,-1.683
1789278108,295296212,186.366,robot_1_carried_generic_box,1.975,0.025
1789278108,295339459,186.366,robot_2_carried_generic_box,2.160,-1.882
1789278108,295379222,186.366,robot_0_carried_generic_box,-0.965,-1.660
1789278108,555727870,186.626,robot_1,1.975,0.025
1789278108,555803543,186.627,robot_2,2.134,-1.857
1789278108,564608912,186.635,robot_0,-0.967,-1.701
1789278108,566068430,186.637,robot_1_carried_generic_box,1.975,0.025
1789278108,566178941,186.637,robot_2_carried_generic_box,2.155,-1.876
1789278108,566228008,186.637,robot_0_carried_generic_box,-0.966,-1.668
1789278108,812857554,186.884,robot_1,1.976,0.025
1789278108,812943410,186.884,robot_2,2.123,-1.847
1789278108,812991828,186.884,robot_0,-0.968,-1.716
1789278108,813033524,186.884,robot_1_carried_generic_box,1.975,0.025
1789278108,813066857,186.884,robot_2_carried_generic_box,2.149,-1.871
1789278108,813100516,186.884,robot_0_carried_generic_box,-0.966,-1.680
1789278109,60819907,187.132,robot_1,1.988,0.026
1789278109,60902057,187.132,robot_2,2.107,-1.833
1789278109,61115737,187.132,robot_0,-0.968,-1.737
1789278109,61173823,187.132,robot_1_carried_generic_box,1.976,0.025
1789278109,61208998,187.132,robot_2_carried_generic_box,2.128,-1.851
1789278109,61237942,187.132,robot_0_carried_generic_box,-0.967,-1.707
1789278109,311059576,187.382,robot_1,1.999,0.027
1789278109,311129814,187.382,robot_2,2.098,-1.826
1789278109,311165513,187.382,robot_0,-0.969,-1.747
1789278109,311203992,187.382,robot_1_carried_generic_box,1.978,0.025
1789278109,318951286,187.400,robot_2_carried_generic_box,2.118,-1.843
1789278109,329156401,187.400,robot_0_carried_generic_box,-0.968,-1.722
1789278109,603846844,187.675,robot_1,2.012,0.029
1789278109,624747982,187.696,robot_2,2.087,-1.816
1789278109,624940165,187.696,robot_0,-0.969,-1.758
1789278109,624993405,187.696,robot_1_carried_generic_box,1.985,0.026
1789278109,625026821,187.696,robot_2_carried_generic_box,2.112,-1.837
1789278109,625056726,187.696,robot_0_carried_generic_box,-0.968,-1.740
1789278109,846580280,187.917,robot_1,2.018,0.030
1789278109,846663310,187.917,robot_2,2.075,-1.806
1789278109,846702484,187.917,robot_0,-0.969,-1.773
1789278109,846745489,187.917,robot_1_carried_generic_box,1.993,0.027
1789278109,846781621,187.918,robot_2_carried_generic_box,2.093,-1.822
1789278109,853975729,187.925,robot_0_carried_generic_box,-0.969,-1.751
1789278110,72505784,188.143,robot_1,2.019,0.030
1789278110,72606934,188.143,robot_2,2.066,-1.798
1789278110,72645494,188.143,robot_0,-0.970,-1.785
1789278110,72687318,188.143,robot_1_carried_generic_box,2.013,0.029
1789278110,72719647,188.143,robot_2_carried_generic_box,2.082,-1.812
1789278110,72746862,188.143,robot_0_carried_generic_box,-0.969,-1.758
1789278110,298336210,188.369,robot_1,2.022,0.030
1789278110,298417998,188.369,robot_2,2.054,-1.789
1789278110,298466392,188.369,robot_0,-0.970,-1.800
1789278110,298514273,188.369,robot_1_carried_generic_box,2.019,0.030
1789278110,298548049,188.369,robot_2_carried_generic_box,2.075,-1.806
1789278110,298575721,188.369,robot_0_carried_generic_box,-0.969,-1.770
1789278110,553578090,188.624,robot_1,2.038,0.033
1789278110,553645041,188.624,robot_2,2.038,-1.775
1789278110,553677040,188.624,robot_0,-0.971,-1.821
1789278110,553713828,188.624,robot_1_carried_generic_box,2.019,0.030
1789278110,553743423,188.644,robot_2_carried_generic_box,2.061,-1.795
1789278110,575485738,188.646,robot_0_carried_generic_box,-0.970,-1.794
1789278110,777534500,188.848,robot_1,2.049,0.034
1789278110,777612479,188.848,robot_2,2.029,-1.767
1789278110,777659100,188.848,robot_0,-0.971,-1.833
1789278110,777708494,188.848,robot_1_carried_generic_box,2.021,0.030
1789278110,777750493,188.848,robot_2_carried_generic_box,2.045,-1.781
1789278110,782412685,188.857,robot_0_carried_generic_box,-0.970,-1.809
1789278111,45909846,189.117,robot_1,2.062,0.036
1789278111,46026380,189.117,robot_2,2.016,-1.756
1789278111,46070294,189.117,robot_0,-0.971,-1.851
1789278111,46112699,189.117,robot_1_carried_generic_box,2.041,0.033
1789278111,46147936,189.117,robot_2_carried_generic_box,2.036,-1.773
1789278111,46178602,189.117,robot_0_carried_generic_box,-0.971,-1.821
1789278111,294120605,189.365,robot_1,2.076,0.039
1789278111,294197988,189.365,robot_2,2.004,-1.746
1789278111,294234703,189.365,robot_0,-0.972,-1.866
1789278111,294276294,189.365,robot_1_carried_generic_box,2.053,0.035
1789278111,294314009,189.365,robot_2_carried_generic_box,2.025,-1.764
1789278111,294343454,189.365,robot_0_carried_generic_box,-0.971,-1.845
1789278111,495305820,189.566,robot_1,2.088,0.041
1789278111,495386832,189.566,robot_2,1.995,-1.738
1789278111,495430731,189.566,robot_0,-0.972,-1.878
1789278111,495480205,189.566,robot_1_carried_generic_box,2.062,0.036
1789278111,495520440,189.566,robot_2_carried_generic_box,2.009,-1.750
1789278111,495558392,189.566,robot_0_carried_generic_box,-0.972,-1.857
1789278111,771515916,189.842,robot_1,2.099,0.042
1789278111,771596135,189.842,robot_2,1.983,-1.729
1789278111,771637332,189.842,robot_0,-0.972,-1.892
1789278111,771680761,189.842,robot_1_carried_generic_box,2.076,0.039
1789278111,771714244,189.842,robot_2_carried_generic_box,2.004,-1.746
1789278111,771739683,189.842,robot_0_carried_generic_box,-0.972,-1.872
1789278111,974336952,190.045,robot_1,2.108,0.044
1789278111,985907416,190.057,robot_2,1.974,-1.721
1789278111,986006114,190.057,robot_0,-0.972,-1.898
1789278111,986054105,190.057,robot_1_carried_generic_box,2.091,0.041
1789278111,986093871,190.057,robot_2_carried_generic_box,1.995,-1.738
1789278112,219274254,190.290,robot_1,2.115,0.045
1789278112,219351591,190.290,robot_2,1.965,-1.713
1789278112,219387253,190.290,robot_0,-0.973,-1.901
1789278112,219425192,190.290,robot_1_carried_generic_box,2.091,0.041
1789278112,442447535,190.513,robot_1,2.117,0.045
1789278112,442513440,190.513,robot_2,1.958,-1.707
1789278112,442549456,190.513,robot_0,-0.973,-1.909
1789278112,442588037,190.513,robot_1_carried_generic_box,2.101,0.043
1789278112,692495379,190.763,robot_1,2.117,0.045
1789278112,692592855,190.763,robot_2,1.954,-1.704
1789278112,692641508,190.763,robot_0,-0.973,-1.915
1789278112,692693418,190.763,robot_1_carried_generic_box,2.117,0.045
1789278112,926250976,190.997,robot_1,2.117,0.045
1789278112,926328112,190.997,robot_2,1.945,-1.697
1789278112,926371583,190.997,robot_0,-0.973,-1.916
1789278112,926419328,190.997,robot_1_carried_generic_box,2.117,0.045
1789278113,143757798,191.215,robot_1,2.117,0.045
1789278113,143843137,191.215,robot_2,1.936,-1.690
1789278113,143891592,191.215,robot_0,-0.973,-1.916
1789278113,144755939,191.216,robot_1_carried_generic_box,2.117,0.045
1789278113,371591397,191.442,robot_1,2.117,0.045
1789278113,371663252,191.442,robot_2,1.925,-1.681
1789278113,371700790,191.442,robot_0,-0.973,-1.916
1789278113,371740524,191.442,robot_1_carried_generic_box,2.117,0.045
1789278113,589082525,191.660,robot_1,2.117,0.045
1789278113,589154125,191.660,robot_2,1.916,-1.674
1789278113,589192533,191.660,robot_0,-0.973,-1.916
1789278113,589233340,191.660,robot_1_carried_generic_box,2.117,0.045
1789278113,795900073,191.867,robot_1,2.117,0.045
1789278113,795976999,191.867,robot_2,1.909,-1.670
1789278113,796014256,191.867,robot_0,-0.973,-1.916
1789278113,796051400,191.867,robot_1_carried_generic_box,2.117,0.045
1789278114,53778108,192.125,robot_1,2.117,0.045
1789278114,53847403,192.125,robot_2,1.899,-1.663
1789278114,53885459,192.125,robot_0,-0.973,-1.916
1789278114,53926911,192.125,robot_1_carried_generic_box,2.117,0.045
1789278114,318728370,192.389,robot_1,2.118,0.044
1789278114,330776506,192.402,robot_2,1.884,-1.654
1789278114,330881270,192.402,robot_0,-0.973,-1.916
1789278114,330945293,192.402,robot_1_carried_generic_box,2.117,0.045
1789278114,530877594,192.602,robot_1,2.118,0.044
1789278114,530957406,192.602,robot_2,1.872,-1.646
1789278114,530994262,192.602,robot_0,-0.973,-1.916
1789278114,531035844,192.602,robot_1_carried_generic_box,2.117,0.045
1789278114,776812382,192.848,robot_1,2.118,0.044
1789278114,776887236,192.848,robot_2,1.864,-1.641
1789278114,800935774,192.872,robot_0,-0.973,-1.916
1789278114,801038808,192.872,robot_1_carried_generic_box,2.117,0.045
1789278114,999301156,193.070,robot_1,2.118,0.044
1789278114,999372238,193.070,robot_2,1.862,-1.640
1789278114,999414270,193.070,robot_0,-0.973,-1.916
1789278114,999462647,193.070,robot_1_carried_generic_box,2.118,0.044
1789278115,200382251,193.271,robot_1,2.118,0.044
1789278115,200463103,193.271,robot_2,1.862,-1.640
1789278115,200500909,193.271,robot_0,-0.973,-1.916
1789278115,200544869,193.271,robot_1_carried_generic_box,2.118,0.044
1789278115,422919289,193.494,robot_1,2.118,0.044
1789278115,423023429,193.494,robot_2,1.862,-1.640
1789278115,423062525,193.494,robot_0,-0.973,-1.916
1789278115,423107164,193.494,robot_1_carried_generic_box,2.118,0.044
1789278115,678885588,193.750,robot_1,2.118,0.044
1789278115,678963859,193.750,robot_2,1.862,-1.640
1789278115,679003899,193.750,robot_0,-0.973,-1.916
1789278115,679048945,193.750,robot_1_carried_generic_box,2.118,0.044
1789278115,958060606,194.029,robot_1,2.118,0.044
1789278115,958135368,194.029,robot_2,1.862,-1.640
1789278115,958173946,194.029,robot_0,-0.973,-1.916
1789278115,958215169,194.029,robot_1_carried_generic_box,2.118,0.044
1789278116,219480813,194.290,robot_1,2.118,0.044
1789278116,219554723,194.290,robot_2,1.862,-1.640
1789278116,219594365,194.290,robot_0,-0.973,-1.916
1789278116,219639606,194.290,robot_1_carried_generic_box,2.118,0.044
1789278116,504570011,194.575,robot_1,2.118,0.044
1789278116,504645550,194.575,robot_2,1.862,-1.640
1789278116,504690997,194.575,robot_0,-0.973,-1.916
1789278116,504744578,194.613,robot_1_carried_generic_box,2.118,0.044
1789278116,769857917,194.841,robot_1,2.118,0.044
1789278116,769948459,194.841,robot_2,1.862,-1.640
1789278116,769989628,194.841,robot_0,-0.974,-1.916
1789278116,770036393,194.841,robot_1_carried_generic_box,2.118,0.044
1789278116,994273621,195.065,robot_1,2.118,0.044
1789278116,994340643,195.065,robot_2,1.862,-1.640
1789278116,994377295,195.065,robot_0,-0.974,-1.916
1789278116,997871185,195.069,robot_1_carried_generic_box,2.118,0.044
1789278117,223812534,195.295,robot_1,2.116,0.040
1789278117,223890594,195.295,robot_2,1.862,-1.640
1789278117,262804594,195.334,robot_0,-0.976,-1.912
1789278117,262907174,195.334,robot_1_carried_generic_box,2.118,0.044
1789278117,457228948,195.528,robot_1,2.111,0.033
1789278117,457300242,195.528,robot_2,1.862,-1.640
1789278117,457334543,195.528,robot_0,-0.981,-1.906
1789278117,457374174,195.528,robot_1_carried_generic_box,2.118,0.044
1789278117,676958491,195.748,robot_1,2.106,0.026
1789278117,677038051,195.748,robot_2,1.862,-1.640
1789278117,677075739,195.748,robot_0,-0.987,-1.898
1789278117,677116682,195.748,robot_1_carried_generic_box,2.115,0.038
1789278117,923915017,195.995,robot_1,2.105,0.024
1789278117,923989298,195.995,robot_2,1.862,-1.640
1789278117,924022334,195.995,robot_0,-0.990,-1.894
1789278117,924063899,195.995,robot_1_carried_generic_box,2.110,0.032
1789278118,160149738,196.231,robot_1,2.105,0.024
1789278118,160227515,196.231,robot_2,1.862,-1.640
1789278118,160268477,196.231,robot_0,-0.990,-1.894
1789278118,160319480,196.231,robot_1_carried_generic_box,2.105,0.025
1789278118,375285023,196.446,robot_1,2.105,0.024
1789278118,375362604,196.446,robot_2,1.862,-1.640
1789278118,375400083,196.446,robot_0,-0.990,-1.894
1789278118,375440921,196.446,robot_1_carried_generic_box,2.105,0.024
1789278118,597808617,196.669,robot_1,2.105,0.024
1789278118,597885157,196.669,robot_2,1.862,-1.640
1789278118,607566898,196.678,robot_0,-0.990,-1.894
1789278118,607682956,196.678,robot_1_carried_generic_box,2.105,0.024
1789278118,851896638,196.953,robot_1,2.105,0.024
1789278118,882295105,196.953,robot_2,1.862,-1.640
1789278118,882370225,196.953,robot_0,-0.990,-1.894
1789278118,882415789,196.953,robot_1_carried_generic_box,2.105,0.024
1789278119,82668766,197.153,robot_1,2.105,0.024
1789278119,99201728,197.170,robot_2,1.862,-1.639
1789278119,102413176,197.173,robot_0,-0.990,-1.894
1789278119,102526126,197.173,robot_1_carried_generic_box,2.105,0.024
1789278119,365109465,197.436,robot_1,2.105,0.024
1789278119,365226284,197.436,robot_2,1.856,-1.640
1789278119,365264760,197.436,robot_0,-0.990,-1.894
1789278119,365308639,197.436,robot_1_carried_generic_box,2.105,0.024
1789278119,532758300,197.604,robot_1,2.105,0.024
1789278119,532829084,197.604,robot_2,1.842,-1.641
1789278119,532863216,197.604,robot_0,-0.990,-1.894
1789278119,532900252,197.604,robot_1_carried_generic_box,2.105,0.024
1789278119,735233259,197.806,robot_1,2.105,0.024
1789278119,735309429,197.806,robot_2,1.834,-1.642
1789278119,735348788,197.806,robot_0,-0.990,-1.894
1789278119,735392994,197.806,robot_1_carried_generic_box,2.105,0.024
1789278119,968737912,198.039,robot_1,2.105,0.024
1789278119,968814913,198.040,robot_2,1.824,-1.643
1789278119,968861699,198.040,robot_0,-0.990,-1.894
1789278119,968909366,198.041,robot_1_carried_generic_box,2.105,0.024
1789278120,218234465,198.289,robot_1,2.105,0.024
1789278120,218382055,198.289,robot_2,1.816,-1.644
1789278120,218430326,198.289,robot_0,-0.990,-1.894
1789278120,218479158,198.289,robot_1_carried_generic_box,2.105,0.024
1789278120,416478357,198.525,robot_1,2.105,0.024
1789278120,454202390,198.525,robot_2,1.802,-1.646
1789278120,454261584,198.525,robot_0,-0.990,-1.894
1789278120,454304285,198.525,robot_1_carried_generic_box,2.105,0.024
1789278120,696312823,198.767,robot_1,2.105,0.024
1789278120,696386938,198.767,robot_2,1.790,-1.647
1789278120,696423334,198.767,robot_0,-0.990,-1.894
1789278120,696465269,198.767,robot_1_carried_generic_box,2.105,0.024
1789278120,952046955,199.023,robot_1,2.106,0.024
1789278120,952129360,199.023,robot_2,1.772,-1.650
1789278120,952167469,199.023,robot_0,-0.990,-1.894
1789278120,952209068,199.023,robot_1_carried_generic_box,2.105,0.024
1789278121,186633012,199.257,robot_1,2.106,0.024
1789278121,186700007,199.257,robot_2,1.758,-1.651
1789278121,186733722,199.257,robot_0,-0.990,-1.894
1789278121,186770882,199.258,robot_1_carried_generic_box,2.105,0.024
1789278121,436750191,199.508,robot_1,2.106,0.024
1789278121,451472733,199.522,robot_2,1.745,-1.653
1789278121,451563338,199.522,robot_0,-0.990,-1.894
1789278121,451621118,199.522,robot_1_carried_generic_box,2.106,0.024
1789278121,677795234,199.749,robot_1,2.106,0.024
1789278121,677865319,199.749,robot_2,1.736,-1.654
1789278121,677901648,199.749,robot_0,-0.990,-1.894
1789278121,677949356,199.749,robot_1_carried_generic_box,2.106,0.024
1789278121,879870601,199.951,robot_1,2.106,0.024
1789278121,944571134,200.015,robot_2,1.719,-1.656
1789278121,944661128,200.015,robot_0,-0.990,-1.894
1789278121,944707509,200.015,robot_1_carried_generic_box,2.106,0.024
1789278122,125637726,200.196,robot_1,2.106,0.024
1789278122,125712183,200.196,robot_2,1.711,-1.657
1789278122,125750032,200.196,robot_0,-0.990,-1.894
1789278122,125789764,200.197,robot_1_carried_generic_box,2.106,0.024
1789278122,341476625,200.412,robot_1,2.106,0.024
1789278122,341581584,200.412,robot_2,1.699,-1.658
1789278122,341630281,200.412,robot_0,-0.990,-1.894
1789278122,341694095,200.412,robot_1_carried_generic_box,2.106,0.024
1789278122,537487773,200.608,robot_1,2.106,0.024
1789278122,537564903,200.608,robot_2,1.683,-1.659
1789278122,537607988,200.608,robot_0,-0.990,-1.894
1789278122,537657255,200.608,robot_1_carried_generic_box,2.106,0.024
1789278122,756640753,200.827,robot_1,2.106,0.024
1789278122,756724035,200.827,robot_2,1.675,-1.660
1789278122,756773245,200.828,robot_0,-0.990,-1.894
1789278122,756823966,200.828,robot_1_carried_generic_box,2.106,0.024
1789278122,961544429,201.032,robot_1,2.106,0.024
1789278122,961631985,201.047,robot_2,1.663,-1.661
1789278122,975942845,201.047,robot_0,-0.990,-1.894
1789278122,976016621,201.047,robot_1_carried_generic_box,2.106,0.024
1789278123,231040913,201.302,robot_1,2.107,0.024
1789278123,231142244,201.302,robot_2,1.654,-1.662
1789278123,231419069,201.302,robot_0,-0.990,-1.894
1789278123,231479949,201.302,robot_1_carried_generic_box,2.106,0.024
1789278123,388976966,201.460,robot_1,2.107,0.024
1789278123,389051602,201.460,robot_2,1.646,-1.662
1789278123,389090745,201.460,robot_0,-0.990,-1.894
1789278123,389136311,201.460,robot_1_carried_generic_box,2.106,0.024
1789278123,593754399,201.665,robot_1,2.107,0.024
1789278123,596292326,201.667,robot_2,1.637,-1.663
1789278123,596375881,201.667,robot_0,-0.990,-1.894
1789278123,596423325,201.667,robot_1_carried_generic_box,2.107,0.024
1789278123,834697198,201.905,robot_1,2.107,0.024
1789278123,834766545,201.906,robot_2,1.624,-1.664
1789278123,834796773,201.906,robot_0,-0.990,-1.894
1789278123,834837070,201.906,robot_1_carried_generic_box,2.107,0.024
1789278124,40233438,202.111,robot_1,2.107,0.024
1789278124,40309853,202.111,robot_2,1.621,-1.664
1789278124,40346460,202.111,robot_0,-0.990,-1.894
1789278124,40392955,202.111,robot_1_carried_generic_box,2.107,0.024
1789278124,274046659,202.345,robot_1,2.106,0.025
1789278124,274118705,202.345,robot_2,1.620,-1.664
1789278124,274148756,202.345,robot_0,-0.990,-1.894
1789278124,274187100,202.345,robot_1_carried_generic_box,2.107,0.024
1789278124,476336355,202.547,robot_1,2.103,0.032
1789278124,476407302,202.547,robot_2,1.620,-1.664
1789278124,476446191,202.547,robot_0,-0.990,-1.894
1789278124,494193879,202.565,robot_1_carried_generic_box,2.107,0.024
1789278124,697791356,202.769,robot_1,2.098,0.040
1789278124,697863742,202.769,robot_2,1.620,-1.664
1789278124,697896181,202.769,robot_0,-0.990,-1.895
1789278124,741882670,202.813,robot_1_carried_generic_box,2.107,0.024
1789278124,940497686,203.011,robot_1,2.092,0.052
1789278124,940575902,203.011,robot_2,1.623,-1.664
1789278124,940614661,203.011,robot_0,-0.990,-1.895
1789278124,940662826,203.011,robot_1_carried_generic_box,2.103,0.032
1789278125,179040968,203.250,robot_1,2.087,0.061
1789278125,179108144,203.250,robot_2,1.627,-1.664
1789278125,179137394,203.250,robot_0,-0.990,-1.895
1789278125,207471066,203.278,robot_1_carried_generic_box,2.097,0.042
1789278125,433464099,203.504,robot_1,2.083,0.068
1789278125,433537058,203.504,robot_2,1.628,-1.664
1789278125,433567498,203.504,robot_0,-0.990,-1.895
1789278125,433606177,203.504,robot_1_carried_generic_box,2.090,0.056
1789278125,648251073,203.719,robot_1,2.078,0.076
1789278125,655033434,203.726,robot_2,1.634,-1.664
1789278125,655126379,203.726,robot_0,-0.990,-1.895
1789278125,655187890,203.726,robot_1_carried_generic_box,2.090,0.056
1789278125,864429157,203.935,robot_1,2.075,0.082
1789278125,864498935,203.935,robot_2,1.643,-1.665
1789278125,864533932,203.935,robot_0,-0.991,-1.895
1789278125,864571804,203.935,robot_1_carried_generic_box,2.081,0.070
1789278126,124054581,204.195,robot_1,2.074,0.084
1789278126,124124394,204.195,robot_2,1.647,-1.665
1789278126,124158784,204.195,robot_0,-0.991,-1.895
1789278126,124196784,204.195,robot_1_carried_generic_box,2.077,0.079
1789278126,324390324,204.395,robot_1,2.070,0.092
1789278126,324461845,204.395,robot_2,1.647,-1.665
1789278126,324499858,204.395,robot_0,-0.991,-1.895
1789278126,324539903,204.395,robot_1_carried_generic_box,2.075,0.082
1789278126,535402697,204.606,robot_1,2.064,0.102
1789278126,535474666,204.606,robot_2,1.647,-1.665
1789278126,535510909,204.606,robot_0,-0.991,-1.895
1789278126,535553068,204.606,robot_1_carried_generic_box,2.074,0.084
1789278126,771346006,204.842,robot_1,2.059,0.112
1789278126,771427469,204.842,robot_2,1.647,-1.665
1789278126,771465983,204.842,robot_0,-0.991,-1.895
1789278126,771508896,204.842,robot_1_carried_generic_box,2.071,0.088
1789278127,15847769,205.087,robot_1,2.051,0.128
1789278127,15948948,205.087,robot_2,1.647,-1.665
1789278127,15990311,205.087,robot_0,-0.991,-1.895
1789278127,16031849,205.087,robot_1_carried_generic_box,2.061,0.108
1789278127,219662054,205.290,robot_1,2.046,0.139
1789278127,219735161,205.290,robot_2,1.647,-1.665
1789278127,219774617,205.291,robot_0,-0.991,-1.895
1789278127,219817071,205.291,robot_1_carried_generic_box,2.057,0.117
1789278127,451404112,205.522,robot_1,2.039,0.151
1789278127,451603418,205.522,robot_2,1.647,-1.665
1789278127,451657482,205.522,robot_0,-0.991,-1.895
1789278127,451703477,205.522,robot_1_carried_generic_box,2.050,0.131
1789278127,681418717,205.752,robot_1,2.035,0.161
1789278127,681486157,205.752,robot_2,1.647,-1.665
1789278127,681522911,205.752,robot_0,-0.991,-1.895
1789278127,681561617,205.752,robot_1_carried_generic_box,2.045,0.141
1789278127,901894093,205.973,robot_1,2.029,0.171
1789278127,931964512,206.003,robot_2,1.647,-1.665
1789278127,932037723,206.003,robot_0,-0.991,-1.895
1789278127,932081070,206.003,robot_1_carried_generic_box,2.041,0.149
1789278128,137676579,206.208,robot_1,2.023,0.184
1789278128,137744106,206.208,robot_2,1.647,-1.665
1789278128,137783043,206.209,robot_0,-0.991,-1.896
1789278128,137823829,206.209,robot_1_carried_generic_box,2.033,0.164
1789278128,363223818,206.434,robot_1,2.018,0.195
1789278128,363302024,206.434,robot_2,1.647,-1.665
1789278128,363337080,206.434,robot_0,-0.991,-1.896
1789278128,363374938,206.434,robot_1_carried_generic_box,2.029,0.171
1789278128,620217565,206.691,robot_1,2.009,0.212
1789278128,620300490,206.691,robot_2,1.647,-1.665
1789278128,620339026,206.691,robot_0,-0.990,-1.896
1789278128,620388225,206.691,robot_1_carried_generic_box,2.018,0.195
1789278128,837702161,206.908,robot_1,2.006,0.219
1789278128,837779402,206.909,robot_2,1.647,-1.665
1789278128,837825886,206.909,robot_0,-0.990,-1.896
1789278128,837873734,206.909,robot_1_carried_generic_box,2.012,0.206
1789278129,55750777,207.127,robot_1,2.004,0.223
1789278129,75515381,207.146,robot_2,1.647,-1.665
1789278129,75605708,207.146,robot_0,-0.990,-1.896
1789278129,75654817,207.146,robot_1_carried_generic_box,2.012,0.206
1789278129,277342354,207.348,robot_1,2.000,0.232
1789278129,277414158,207.348,robot_2,1.647,-1.665
1789278129,277453213,207.348,robot_0,-0.990,-1.896
1789278129,277495428,207.348,robot_1_carried_generic_box,2.005,0.220
1789278129,499193316,207.570,robot_1,1.997,0.238
1789278129,499268966,207.570,robot_2,1.647,-1.665
1789278129,499307542,207.570,robot_0,-0.990,-1.896
1789278129,499352355,207.570,robot_1_carried_generic_box,2.004,0.223
1789278129,703652198,207.774,robot_1,1.993,0.246
1789278129,718472429,207.789,robot_2,1.647,-1.664
1789278129,718558565,207.789,robot_0,-0.990,-1.896
1789278129,718603227,207.789,robot_1_carried_generic_box,1.999,0.233
1789278129,967315701,208.038,robot_1,1.989,0.256
1789278129,967397339,208.038,robot_2,1.647,-1.664
1789278129,967433806,208.038,robot_0,-0.990,-1.896
1789278129,967473136,208.038,robot_1_carried_generic_box,1.997,0.238
1789278130,170250723,208.241,robot_1,1.982,0.270
1789278130,170321496,208.241,robot_2,1.647,-1.664
1789278130,170360290,208.241,robot_0,-0.985,-1.893
1789278130,170401218,208.241,robot_1_carried_generic_box,1.995,0.241
1789278130,385865771,208.457,robot_1,1.976,0.284
1789278130,429263511,208.500,robot_2,1.647,-1.664
1789278130,429351790,208.500,robot_0,-0.983,-1.892
1789278130,429397627,208.500,robot_1_carried_generic_box,1.987,0.259
1789278130,621999944,208.693,robot_1,1.972,0.295
1789278130,622073122,208.693,robot_2,1.651,-1.662
1789278130,622111478,208.693,robot_0,-0.983,-1.892
1789278130,622153463,208.693,robot_1_carried_generic_box,1.984,0.267
1789278130,871241111,208.942,robot_1,1.965,0.308
1789278130,871316130,208.942,robot_2,1.659,-1.657
1789278130,871358786,208.942,robot_0,-0.980,-1.890
1789278130,871407308,208.942,robot_1_carried_generic_box,1.980,0.276
1789278131,110223314,209.181,robot_1,1.957,0.328
1789278131,110307165,209.181,robot_2,1.668,-1.652
1789278131,110345257,209.181,robot_0,-0.978,-1.888
1789278131,110388941,209.181,robot_1_carried_generic_box,1.975,0.287
1789278131,329713327,209.400,robot_1,1.952,0.339
1789278131,329789230,209.401,robot_2,1.668,-1.651
1789278131,329827553,209.401,robot_0,-0.975,-1.886
1789278131,329871626,209.401,robot_1_carried_generic_box,1.967,0.306
1789278131,564928683,209.636,robot_1,1.945,0.355
1789278131,565000532,209.636,robot_2,1.668,-1.651
1789278131,565037645,209.636,robot_0,-0.972,-1.884
1789278131,565080455,209.636,robot_1_carried_generic_box,1.967,0.306
1789278131,807908664,209.879,robot_1,1.938,0.371
1789278131,807982787,209.879,robot_2,1.668,-1.651
1789278131,808025802,209.879,robot_0,-0.971,-1.883
1789278131,808069447,209.879,robot_1_carried_generic_box,1.947,0.350
1789278132,29851364,210.101,robot_1,1.933,0.382
1789278132,29931467,210.101,robot_2,1.668,-1.651
1789278132,29975345,210.101,robot_0,-0.969,-1.880
1789278132,30032859,210.101,robot_1_carried_generic_box,1.942,0.361
1789278132,264449310,210.335,robot_1,1.926,0.398
1789278132,264518918,210.335,robot_2,1.668,-1.651
1789278132,264556396,210.335,robot_0,-0.967,-1.879
1789278132,264597309,210.335,robot_1_carried_generic_box,1.939,0.369
1789278132,498635417,210.569,robot_1,1.921,0.409
1789278132,498703396,210.569,robot_2,1.668,-1.651
1789278132,498742146,210.569,robot_0,-0.966,-1.877
1789278132,498780167,210.570,robot_1_carried_generic_box,1.936,0.376
1789278132,734218502,210.805,robot_1,1.914,0.426
1789278132,734287445,210.805,robot_2,1.668,-1.651
1789278132,734328056,210.805,robot_0,-0.959,-1.867
1789278132,734378351,210.805,robot_1_carried_generic_box,1.925,0.401
1789278132,955765100,211.027,robot_1,1.909,0.437
1789278132,955840181,211.027,robot_2,1.668,-1.651
1789278132,955878231,211.027,robot_0,-0.953,-1.858
1789278132,986867869,211.058,robot_1_carried_generic_box,1.925,0.401
1789278133,158561672,211.229,robot_1,1.905,0.447
1789278133,158635688,211.229,robot_2,1.668,-1.651
1789278133,158682721,211.229,robot_0,-0.947,-1.848
1789278133,158732470,211.229,robot_1_carried_generic_box,1.917,0.417
1789278133,366888097,211.438,robot_1,1.902,0.454
1789278133,395319810,211.466,robot_2,1.668,-1.651
1789278133,395397051,211.466,robot_0,-0.942,-1.840
1789278133,395442593,211.466,robot_1_carried_generic_box,1.911,0.431
1789278133,579499128,211.650,robot_1,1.900,0.458
1789278133,579572091,211.650,robot_2,1.668,-1.651
1789278133,579614008,211.650,robot_0,-0.938,-1.832
1789278133,579652239,211.650,robot_1_carried_generic_box,1.904,0.449
1789278133,787200142,211.858,robot_1,1.899,0.461
1789278133,787278578,211.858,robot_2,1.668,-1.652
1789278133,787325425,211.858,robot_0,-0.932,-1.822
1789278133,789934208,211.861,robot_1_carried_generic_box,1.902,0.454
1789278134,9997429,212.081,robot_1,1.897,0.465
1789278134,10070948,212.081,robot_2,1.668,-1.652
1789278134,10117054,212.081,robot_0,-0.926,-1.808
1789278134,24888536,212.098,robot_1_carried_generic_box,1.900,0.458
1789278134,261386098,212.332,robot_1,1.895,0.469
1789278134,261453550,212.332,robot_2,1.669,-1.652
1789278134,261494125,212.332,robot_0,-0.919,-1.795
1789278134,261534027,212.332,robot_1_carried_generic_box,1.898,0.462
1789278134,491246009,212.562,robot_1,1.891,0.481
1789278134,491340176,212.562,robot_2,1.669,-1.652
1789278134,491379575,212.562,robot_0,-0.912,-1.778
1789278134,491422526,212.562,robot_1_carried_generic_box,1.897,0.465
1789278134,709779798,212.781,robot_1,1.887,0.492
1789278134,709853446,212.781,robot_2,1.669,-1.652
1789278134,709892043,212.781,robot_0,-0.907,-1.767
1789278134,726187972,212.797,robot_1_carried_generic_box,1.895,0.470
1789278134,934394723,213.005,robot_1,1.884,0.500
1789278134,934472478,213.005,robot_2,1.669,-1.652
1789278134,934511179,213.005,robot_0,-0.903,-1.759
1789278134,934557648,213.005,robot_1_carried_generic_box,1.893,0.476
1789278135,178773127,213.250,robot_1,1.878,0.514
1789278135,178853296,213.250,robot_2,1.669,-1.652
1789278135,178912270,213.270,robot_0,-0.897,-1.747
1789278135,199417603,213.270,robot_1_carried_generic_box,1.889,0.486
1789278135,409620772,213.480,robot_1,1.875,0.523
1789278135,409695030,213.480,robot_2,1.669,-1.652
1789278135,409746354,213.480,robot_0,-0.895,-1.741
1789278135,409795222,213.481,robot_1_carried_generic_box,1.885,0.497
1789278135,628885506,213.700,robot_1,1.872,0.532
1789278135,634374435,213.705,robot_2,1.669,-1.652
1789278135,634458632,213.705,robot_0,-0.891,-1.732
1789278135,634510196,213.705,robot_1_carried_generic_box,1.877,0.519
1789278135,840896711,213.917,robot_1,1.867,0.545
1789278135,846386544,213.917,robot_2,1.669,-1.652
1789278135,846451724,213.917,robot_0,-0.888,-1.726
1789278135,846498183,213.917,robot_1_carried_generic_box,1.875,0.525
1789278136,81341857,214.152,robot_1,1.862,0.560
1789278136,81409020,214.152,robot_2,1.669,-1.652
1789278136,81448512,214.152,robot_0,-0.888,-1.725
1789278136,81487343,214.152,robot_1_carried_generic_box,1.870,0.537
1789278136,365376992,214.436,robot_1,1.857,0.573
1789278136,365446515,214.436,robot_2,1.668,-1.652
1789278136,365486341,214.436,robot_0,-0.888,-1.725
1789278136,365529823,214.436,robot_1_carried_generic_box,1.866,0.548
1789278136,617792319,214.689,robot_1,1.855,0.578
1789278136,617868652,214.689,robot_2,1.668,-1.652
1789278136,617912523,214.689,robot_0,-0.888,-1.725
1789278136,617961387,214.689,robot_1_carried_generic_box,1.858,0.571
1789278136,871481460,214.942,robot_1,1.855,0.578
1789278136,886034194,214.957,robot_2,1.668,-1.651
1789278136,897107706,214.968,robot_0,-0.887,-1.722
1789278136,897221930,214.968,robot_1_carried_generic_box,1.856,0.577
1789278137,79918257,215.173,robot_1,1.855,0.578
1789278137,102337544,215.173,robot_2,1.668,-1.651
1789278137,102383568,215.173,robot_0,-0.884,-1.713
1789278137,102429978,215.173,robot_1_carried_generic_box,1.855,0.578
1789278137,296278467,215.367,robot_1,1.855,0.578
1789278137,296351579,215.367,robot_2,1.668,-1.651
1789278137,296387917,215.367,robot_0,-0.881,-1.699
1789278137,296424035,215.367,robot_1_carried_generic_box,1.855,0.578
1789278137,526098232,215.597,robot_1,1.855,0.578
1789278137,526167855,215.597,robot_2,1.668,-1.651
1789278137,526211603,215.597,robot_0,-0.879,-1.691
1789278137,526262837,215.597,robot_1_carried_generic_box,1.855,0.578
1789278137,753652556,215.824,robot_1,1.855,0.578
1789278137,753737366,215.824,robot_2,1.668,-1.651
1789278137,753783044,215.825,robot_0,-0.876,-1.679
1789278137,756459410,215.827,robot_1_carried_generic_box,1.855,0.578
1789278137,978584525,216.049,robot_1,1.855,0.578
1789278137,978665420,216.049,robot_2,1.668,-1.651
1789278137,978711310,216.049,robot_0,-0.873,-1.665
1789278137,978750586,216.049,robot_1_carried_generic_box,1.855,0.578
1789278138,172629091,216.243,robot_1,1.855,0.579
1789278138,172704992,216.243,robot_2,1.668,-1.651
1789278138,172744957,216.243,robot_0,-0.871,-1.655
1789278138,172785199,216.244,robot_1_carried_generic_box,1.855,0.578
1789278138,418945187,216.490,robot_1,1.854,0.585
1789278138,419014975,216.490,robot_2,1.668,-1.651
1789278138,419053793,216.490,robot_0,-0.868,-1.638
1789278138,419093528,216.490,robot_1_carried_generic_box,1.855,0.578
1789278138,639271985,216.710,robot_1,1.854,0.593
1789278138,639382097,216.710,robot_2,1.668,-1.651
1789278138,639425676,216.710,robot_0,-0.866,-1.626
1789278138,639469332,216.715,robot_1_carried_generic_box,1.855,0.579
1789278138,898247185,216.969,robot_1,1.854,0.603
1789278138,898325665,216.969,robot_2,1.668,-1.651
1789278138,901094796,216.972,robot_0,-0.863,-1.612
1789278138,901183037,216.972,robot_1_carried_generic_box,1.854,0.585
1789278139,110305539,217.181,robot_1,1.854,0.608
1789278139,110374767,217.181,robot_2,1.668,-1.651
1789278139,110411972,217.181,robot_0,-0.861,-1.602
1789278139,110450492,217.181,robot_1_carried_generic_box,1.854,0.591
1789278139,326990876,217.398,robot_1,1.854,0.619
1789278139,327067019,217.398,robot_2,1.668,-1.651
1789278139,327105187,217.398,robot_0,-0.860,-1.594
1789278139,327306921,217.398,robot_1_carried_generic_box,1.854,0.600
1789278139,534087920,217.605,robot_1,1.855,0.625
1789278139,534162296,217.605,robot_2,1.668,-1.651
1789278139,534201303,217.605,robot_0,-0.860,-1.593
1789278139,534240083,217.605,robot_1_carried_generic_box,1.854,0.606
1789278139,736650836,217.807,robot_1,1.856,0.635
1789278139,736715980,217.807,robot_2,1.668,-1.651
1789278139,736752906,217.807,robot_0,-0.860,-1.593
1789278139,736789426,217.808,robot_1_carried_generic_box,1.854,0.614
1789278139,947757873,218.019,robot_1,1.857,0.642
1789278139,947866782,218.019,robot_2,1.668,-1.651
1789278139,947901101,218.019,robot_0,-0.860,-1.593
1789278139,953054841,218.024,robot_1_carried_generic_box,1.855,0.625
1789278140,168272043,218.239,robot_1,1.860,0.661
1789278140,173026148,218.244,robot_2,1.668,-1.651
1789278140,173118354,218.244,robot_0,-0.860,-1.593
1789278140,173163361,218.244,robot_1_carried_generic_box,1.856,0.637
1789278140,424373967,218.495,robot_1,1.861,0.669
1789278140,424514093,218.495,robot_2,1.668,-1.651
1789278140,424550965,218.495,robot_0,-0.860,-1.589
1789278140,424589413,218.495,robot_1_carried_generic_box,1.859,0.654
1789278140,638136241,218.709,robot_1,1.861,0.671
1789278140,638227529,218.709,robot_2,1.668,-1.651
1789278140,638273571,218.709,robot_0,-0.859,-1.577
1789278140,638323429,218.709,robot_1_carried_generic_box,1.860,0.663
1789278140,854205046,218.925,robot_1,1.861,0.671
1789278140,854272485,218.925,robot_2,1.668,-1.651
1789278140,854309449,218.925,robot_0,-0.859,-1.563
1789278140,854343402,218.925,robot_1_carried_generic_box,1.861,0.670
1789278141,116012558,219.187,robot_1,1.863,0.677
1789278141,116090548,219.187,robot_2,1.668,-1.651
1789278141,116130299,219.187,robot_0,-0.859,-1.550
1789278141,116167121,219.187,robot_1_carried_generic_box,1.861,0.671
1789278141,342176109,219.413,robot_1,1.868,0.690
1789278141,342243659,219.413,robot_2,1.667,-1.651
1789278141,342283625,219.413,robot_0,-0.859,-1.532
1789278141,342317948,219.413,robot_1_carried_generic_box,1.861,0.671
1789278141,609196510,219.680,robot_1,1.873,0.702
1789278141,609270942,219.680,robot_2,1.667,-1.651
1789278141,609308694,219.680,robot_0,-0.860,-1.518
1789278141,609348606,219.680,robot_1_carried_generic_box,1.865,0.681
1789278141,864155556,219.935,robot_1,1.879,0.714
1789278141,864256945,219.935,robot_2,1.667,-1.651
1789278141,864296485,219.935,robot_0,-0.860,-1.509
1789278141,864338245,219.935,robot_1_carried_generic_box,1.870,0.695
1789278142,69725964,220.140,robot_1,1.884,0.724
1789278142,69813851,220.141,robot_2,1.667,-1.651
1789278142,79894509,220.151,robot_0,-0.861,-1.506
1789278142,79999035,220.151,robot_1_carried_generic_box,1.870,0.695
1789278142,319596892,220.390,robot_1,1.889,0.734
1789278142,319680728,220.390,robot_2,1.667,-1.651
1789278142,319718676,220.390,robot_0,-0.861,-1.505
1789278142,319756484,220.391,robot_1_carried_generic_box,1.875,0.706
1789278142,588118361,220.659,robot_1,1.893,0.743
1789278142,588215416,220.659,robot_2,1.667,-1.651
1789278142,588258388,220.659,robot_0,-0.862,-1.494
1789278142,588294475,220.659,robot_1_carried_generic_box,1.884,0.724
1789278142,812816659,220.884,robot_1,1.893,0.743
1789278142,812896733,220.884,robot_2,1.667,-1.651
1789278142,812947399,220.884,robot_0,-0.862,-1.493
1789278142,812993200,220.884,robot_1_carried_generic_box,1.893,0.742
1789278143,43056280,221.114,robot_1,1.893,0.743
1789278143,43132098,221.114,robot_2,1.667,-1.651
1789278143,43168807,221.114,robot_0,-0.862,-1.493
1789278143,43207403,221.114,robot_1_carried_generic_box,1.893,0.742
1789278143,259447351,221.330,robot_1,1.893,0.743
1789278143,259520145,221.330,robot_2,1.667,-1.652
1789278143,259557780,221.330,robot_0,-0.862,-1.489
1789278143,259596262,221.330,robot_1_carried_generic_box,1.893,0.743
1789278143,466708731,221.537,robot_1,1.893,0.743
1789278143,466775500,221.538,robot_2,1.667,-1.657
1789278143,466811607,221.538,robot_0,-0.864,-1.481
1789278143,466856710,221.538,robot_1_carried_generic_box,1.893,0.743
1789278143,707792740,221.779,robot_1,1.893,0.743
1789278143,707863618,221.779,robot_2,1.668,-1.669
1789278143,707905142,221.779,robot_0,-0.868,-1.464
1789278143,723865166,221.795,robot_1_carried_generic_box,1.893,0.743
1789278144,6141588,222.077,robot_1,1.892,0.743
1789278144,6224253,222.077,robot_2,1.669,-1.679
1789278144,6262916,222.077,robot_0,-0.871,-1.449
1789278144,6309233,222.077,robot_1_carried_generic_box,1.893,0.743
1789278144,217410033,222.288,robot_1,1.892,0.743
1789278144,217480828,222.288,robot_2,1.671,-1.691
1789278144,217521309,222.288,robot_0,-0.873,-1.439
1789278144,217562408,222.288,robot_1_carried_generic_box,1.893,0.743
1789278144,424391645,222.495,robot_1,1.893,0.744
1789278144,424469059,222.495,robot_2,1.672,-1.703
1789278144,424504054,222.495,robot_0,-0.875,-1.432
1789278144,424538247,222.495,robot_1_carried_generic_box,1.892,0.743
1789278144,700916296,222.772,robot_1,1.895,0.746
1789278144,701000718,222.772,robot_2,1.674,-1.715
1789278144,701045616,222.772,robot_0,-0.877,-1.424
1789278144,701089869,222.772,robot_1_carried_generic_box,1.892,0.743
1789278144,928244513,222.999,robot_1,1.895,0.746
1789278144,928327683,222.999,robot_2,1.676,-1.726
1789278144,928374237,222.999,robot_0,-0.880,-1.412
1789278144,928421242,222.999,robot_1_carried_generic_box,1.893,0.744
1789278145,183798243,223.255,robot_1,1.895,0.746
1789278145,183883817,223.255,robot_2,1.678,-1.743
1789278145,206025953,223.277,robot_0,-0.883,-1.403
1789278145,206118008,223.277,robot_1_carried_generic_box,1.895,0.746
1789278145,392342151,223.463,robot_1,1.898,0.748
1789278145,392433072,223.463,robot_2,1.679,-1.751
1789278145,392479406,223.463,robot_0,-0.883,-1.400
1789278145,392529419,223.463,robot_1_carried_generic_box,1.895,0.746
1789278145,632246354,223.703,robot_1,1.906,0.753
1789278145,632557951,223.703,robot_2,1.681,-1.764
1789278145,632610861,223.703,robot_0,-0.886,-1.392
1789278145,632646756,223.703,robot_1_carried_generic_box,1.896,0.747
1789278145,890312539,223.961,robot_1,1.917,0.759
1789278145,890384951,223.961,robot_2,1.682,-1.777
1789278145,890419685,223.961,robot_0,-0.888,-1.385
1789278145,890458301,223.961,robot_1_carried_generic_box,1.899,0.749
1789278146,128501205,224.199,robot_1,1.929,0.764
1789278146,128577299,224.199,robot_2,1.684,-1.794
1789278146,128613209,224.199,robot_0,-0.891,-1.373
1789278146,128650797,224.199,robot_1_carried_generic_box,1.912,0.756
1789278146,364333608,224.435,robot_1,1.945,0.771
1789278146,398184189,224.469,robot_2,1.686,-1.812
1789278146,398276179,224.469,robot_0,-0.897,-1.356
1789278146,398326128,224.469,robot_1_carried_generic_box,1.920,0.760
1789278146,565216931,224.636,robot_1,1.953,0.774
1789278146,565286156,224.636,robot_2,1.687,-1.820
1789278146,565320708,224.636,robot_0,-0.900,-1.348
1789278146,565362408,224.636,robot_1_carried_generic_box,1.929,0.764
1789278146,807055629,224.878,robot_1,1.966,0.779
1789278146,807159065,224.878,robot_2,1.688,-1.831
1789278146,807208206,224.878,robot_0,-0.903,-1.337
1789278146,807260231,224.878,robot_1_carried_generic_box,1.934,0.766
1789278147,44578188,225.115,robot_1,1.978,0.783
1789278147,44653748,225.115,robot_2,1.689,-1.846
1789278147,44693184,225.115,robot_0,-0.905,-1.332
1789278147,44735738,225.115,robot_1_carried_generic_box,1.951,0.773
1789278147,266843549,225.338,robot_1,1.989,0.787
1789278147,280700764,225.351,robot_2,1.690,-1.857
1789278147,280819667,225.352,robot_0,-0.905,-1.332
1789278147,280875694,225.352,robot_1_carried_generic_box,1.970,0.781
1789278147,467107193,225.538,robot_1,1.998,0.790
1789278147,467180707,225.538,robot_2,1.691,-1.868
1789278147,467223659,225.571,robot_0,-0.905,-1.332
1789278147,500813875,225.572,robot_1_carried_generic_box,1.970,0.781
1789278147,741252650,225.812,robot_1,2.011,0.794
1789278147,741355652,225.812,robot_2,1.692,-1.876
1789278147,741395869,225.812,robot_0,-0.906,-1.329
1789278147,741435142,225.812,robot_1_carried_generic_box,1.991,0.788
1789278147,947529945,226.018,robot_1,2.023,0.798
1789278147,947609921,226.034,robot_2,1.692,-1.877
1789278147,963499070,226.034,robot_0,-0.907,-1.328
1789278147,963571357,226.034,robot_1_carried_generic_box,1.998,0.790
1789278148,178239367,226.249,robot_1,2.037,0.801
1789278148,178319249,226.249,robot_2,1.692,-1.877
1789278148,178357179,226.249,robot_0,-0.906,-1.328
1789278148,178396774,226.249,robot_1_carried_generic_box,2.009,0.793
1789278148,440552573,226.511,robot_1,2.048,0.804
1789278148,440628744,226.511,robot_2,1.692,-1.878
1789278148,445481283,226.516,robot_0,-0.907,-1.327
1789278148,446898137,226.520,robot_1_carried_generic_box,2.020,0.797
1789278148,702742133,226.774,robot_1,2.064,0.808
1789278148,702817542,226.774,robot_2,1.694,-1.885
1789278148,702856121,226.774,robot_0,-0.911,-1.319
1789278148,702897357,226.774,robot_1_carried_generic_box,2.046,0.804
1789278148,914839035,226.986,robot_1,2.078,0.812
1789278148,914915586,227.026,robot_2,1.694,-1.889
1789278148,955658386,227.026,robot_0,-0.918,-1.307
1789278148,955721368,227.026,robot_1_carried_generic_box,2.053,0.806
1789278149,138212024,227.209,robot_1,2.093,0.816
1789278149,138342109,227.209,robot_2,1.696,-1.896
1789278149,138391169,227.209,robot_0,-0.926,-1.294
1789278149,138443152,227.209,robot_1_carried_generic_box,2.070,0.810
1789278149,369864014,227.441,robot_1,2.102,0.818
1789278149,369948482,227.441,robot_2,1.698,-1.906
1789278149,369991950,227.441,robot_0,-0.932,-1.284
1789278149,370035701,227.441,robot_1_carried_generic_box,2.084,0.814
1789278149,634438364,227.705,robot_1,2.109,0.819
1789278149,634516146,227.705,robot_2,1.702,-1.921
1789278149,634554641,227.705,robot_0,-0.939,-1.273
1789278149,634604639,227.705,robot_1_carried_generic_box,2.093,0.816
1789278149,841371990,227.912,robot_1,2.110,0.820
1789278149,841452227,227.912,robot_2,1.706,-1.935
1789278149,841488932,227.912,robot_0,-0.943,-1.266
1789278149,841529456,227.912,robot_1_carried_generic_box,2.102,0.818
1789278150,50317884,228.121,robot_1,2.110,0.820
1789278150,50395656,228.121,robot_2,1.710,-1.950
1789278150,50431805,228.121,robot_0,-0.944,-1.265
1789278150,50471886,228.121,robot_1_carried_generic_box,2.109,0.819
1789278150,260882060,228.332,robot_1,2.110,0.820
1789278150,302818567,228.374,robot_2,1.714,-1.963
1789278150,302896716,228.374,robot_0,-0.944,-1.265
1789278150,302948413,228.374,robot_1_carried_generic_box,2.110,0.820
1789278150,482050458,228.553,robot_1,2.110,0.819
1789278150,482133989,228.553,robot_2,1.716,-1.971
1789278150,482175410,228.553,robot_0,-0.944,-1.265
1789278150,482217873,228.553,robot_1_carried_generic_box,2.110,0.820
1789278150,721085305,228.792,robot_1,2.110,0.819
1789278150,721176494,228.792,robot_2,1.719,-1.981
1789278150,721220319,228.792,robot_0,-0.944,-1.265
1789278150,721261658,228.792,robot_1_carried_generic_box,2.110,0.820
1789278150,958213900,229.029,robot_1,2.110,0.819
1789278150,958286888,229.029,robot_2,1.722,-1.991
1789278150,958320971,229.029,robot_0,-0.944,-1.265
1789278150,958360018,229.029,robot_1_carried_generic_box,2.110,0.819
1789278151,227002189,229.298,robot_1,2.110,0.819
1789278151,227078764,229.298,robot_2,1.724,-1.995
1789278151,227114862,229.298,robot_0,-0.944,-1.265
1789278151,227154109,229.298,robot_1_carried_generic_box,2.110,0.819
1789278151,444700028,229.515,robot_1,2.110,0.819
1789278151,444768907,229.516,robot_2,1.726,-2.002
1789278151,444806927,229.516,robot_0,-0.944,-1.265
1789278151,444849541,229.516,robot_1_carried_generic_box,2.110,0.819
1789278151,692015089,229.763,robot_1,2.110,0.819
1789278151,692112039,229.763,robot_2,1.730,-2.015
1789278151,692155319,229.763,robot_0,-0.944,-1.265
1789278151,692561154,229.763,robot_1_carried_generic_box,2.110,0.819
1789278151,891042593,229.962,robot_1,2.110,0.819
1789278151,895016263,229.966,robot_2,1.733,-2.026
1789278151,895105115,229.966,robot_0,-0.944,-1.265
1789278151,895157800,229.966,robot_1_carried_generic_box,2.110,0.819
1789278152,107198936,230.178,robot_1,2.110,0.819
1789278152,107285552,230.178,robot_2,1.736,-2.034
1789278152,107332878,230.178,robot_0,-0.944,-1.265
1789278152,107381759,230.178,robot_1_carried_generic_box,2.110,0.819
1789278152,328121219,230.399,robot_1,2.110,0.819
1789278152,328195137,230.399,robot_2,1.742,-2.051
1789278152,328233552,230.399,robot_0,-0.944,-1.265
1789278152,331003772,230.402,robot_1_carried_generic_box,2.110,0.819
1789278152,547038331,230.618,robot_1,2.110,0.819
1789278152,547112435,230.618,robot_2,1.747,-2.065
1789278152,547151047,230.618,robot_0,-0.944,-1.265
1789278152,547191451,230.618,robot_1_carried_generic_box,2.110,0.819
1789278152,797760915,230.869,robot_1,2.110,0.819
1789278152,797838556,230.869,robot_2,1.752,-2.082
1789278152,797876715,230.869,robot_0,-0.944,-1.264
1789278152,823898886,230.895,robot_1_carried_generic_box,2.110,0.819
1789278153,49723789,231.121,robot_1,2.110,0.819
1789278153,49824204,231.121,robot_2,1.758,-2.099
1789278153,49869441,231.121,robot_0,-0.944,-1.264
1789278153,49916847,231.128,robot_1_carried_generic_box,2.110,0.819
1789278153,300946557,231.372,robot_1,2.110,0.818
1789278153,301038617,231.372,robot_2,1.760,-2.106
1789278153,301083661,231.372,robot_0,-0.944,-1.264
1789278153,301130066,231.372,robot_1_carried_generic_box,2.110,0.819
1789278153,526425819,231.597,robot_1,2.110,0.818
1789278153,526507755,231.597,robot_2,1.762,-2.110
1789278153,526561633,231.597,robot_0,-0.944,-1.264
1789278153,526611505,231.597,robot_1_carried_generic_box,2.110,0.819
1789278153,740457234,231.811,robot_1,2.110,0.818
1789278153,740553286,231.811,robot_2,1.763,-2.114
1789278153,740594648,231.811,robot_0,-0.944,-1.264
1789278153,740636936,231.811,robot_1_carried_generic_box,2.110,0.819
1789278153,992417401,232.063,robot_1,2.111,0.818
1789278153,992520149,232.063,robot_2,1.766,-2.122
1789278153,992576791,232.063,robot_0,-0.942,-1.265
1789278153,992629923,232.063,robot_1_carried_generic_box,2.110,0.818
1789278154,221295909,232.292,robot_1,2.111,0.818
1789278154,221378996,232.292,robot_2,1.768,-2.128
1789278154,221426499,232.292,robot_0,-0.934,-1.268
1789278154,221478023,232.292,robot_1_carried_generic_box,2.110,0.818
1789278154,471907423,232.543,robot_1,2.111,0.818
1789278154,471980714,232.543,robot_2,1.771,-2.135
1789278154,472016164,232.543,robot_0,-0.925,-1.271
1789278154,472055960,232.543,robot_1_carried_generic_box,2.111,0.818
1789278154,703778090,232.775,robot_1,2.111,0.818
1789278154,703854467,232.775,robot_2,1.773,-2.141
1789278154,703889510,232.775,robot_0,-0.922,-1.272
1789278154,703937792,232.775,robot_1_carried_generic_box,2.111,0.818
1789278154,940219288,233.011,robot_1,2.111,0.818
1789278154,940295348,233.011,robot_2,1.780,-2.156
1789278154,940330860,233.011,robot_0,-0.922,-1.272
1789278154,940367888,233.011,robot_1_carried_generic_box,2.111,0.818
1789278155,179316129,233.250,robot_1,2.111,0.818
1789278155,179391645,233.250,robot_2,1.785,-2.170
1789278155,179431654,233.250,robot_0,-0.922,-1.272
1789278155,179472915,233.250,robot_1_carried_generic_box,2.111,0.818
1789278155,417842806,233.489,robot_1,2.111,0.818
1789278155,417928588,233.489,robot_2,1.790,-2.181
1789278155,417973161,233.489,robot_0,-0.922,-1.272
1789278155,418022576,233.489,robot_1_carried_generic_box,2.111,0.818
1789278155,660351780,233.731,robot_1,2.111,0.818
1789278155,660426486,233.731,robot_2,1.797,-2.200
1789278155,660467641,233.731,robot_0,-0.922,-1.272
1789278155,660508767,233.731,robot_1_carried_generic_box,2.111,0.818
1789278155,902199759,233.973,robot_1,2.111,0.818
1789278155,902266271,233.973,robot_2,1.802,-2.212
1789278155,902301983,233.973,robot_0,-0.922,-1.272
1789278155,902344101,233.973,robot_1_carried_generic_box,2.111,0.818
1789278156,145523670,234.216,robot_1,2.111,0.818
1789278156,145601496,234.216,robot_2,1.808,-2.226
1789278156,145633812,234.216,robot_0,-0.922,-1.272
1789278156,145670877,234.216,robot_1_carried_generic_box,2.111,0.818
1789278156,348386382,234.419,robot_1,2.111,0.818
1789278156,348464346,234.419,robot_2,1.812,-2.236
1789278156,348505273,234.419,robot_0,-0.922,-1.272
1789278156,348551679,234.419,robot_1_carried_generic_box,2.111,0.818
1789278156,593130656,234.664,robot_1,2.111,0.818
1789278156,593224091,234.664,robot_2,1.817,-2.247
1789278156,593271765,234.664,robot_0,-0.922,-1.272
1789278156,593324879,234.664,robot_1_carried_generic_box,2.111,0.818
1789278156,802933428,234.874,robot_1,2.111,0.818
1789278156,803007626,234.874,robot_2,1.821,-2.257
1789278156,803048349,234.874,robot_0,-0.922,-1.272
1789278156,809387039,234.880,robot_1_carried_generic_box,2.111,0.818
1789278157,56670100,235.127,robot_1,2.112,0.818
1789278157,56743303,235.127,robot_2,1.825,-2.265
1789278157,56777945,235.128,robot_0,-0.922,-1.272
1789278157,56814713,235.128,robot_1_carried_generic_box,2.111,0.818
1789278157,312094671,235.383,robot_1,2.112,0.818
1789278157,312174362,235.383,robot_2,1.828,-2.272
1789278157,312211170,235.383,robot_0,-0.922,-1.272
1789278157,312249736,235.383,robot_1_carried_generic_box,2.111,0.818
1789278157,542582451,235.613,robot_1,2.112,0.818
1789278157,542674950,235.613,robot_2,1.833,-2.283
1789278157,542720714,235.613,robot_0,-0.922,-1.272
1789278157,542772494,235.614,robot_1_carried_generic_box,2.111,0.818
1789278157,754609235,235.825,robot_1,2.112,0.818
1789278157,754684889,235.825,robot_2,1.839,-2.296
1789278157,754728593,235.825,robot_0,-0.922,-1.272
1789278157,754775392,235.826,robot_1_carried_generic_box,2.112,0.818
1789278157,967692780,236.038,robot_1,2.112,0.818
1789278157,967785020,236.039,robot_2,1.844,-2.307
1789278157,968752941,236.040,robot_0,-0.922,-1.272
1789278157,968823384,236.040,robot_1_carried_generic_box,2.112,0.818
1789278158,192248240,236.263,robot_1,2.112,0.818
1789278158,192320526,236.263,robot_2,1.849,-2.318
1789278158,192356143,236.263,robot_0,-0.922,-1.272
1789278158,192395514,236.263,robot_1_carried_generic_box,2.112,0.818
1789278158,419893627,236.491,robot_1,2.112,0.818
1789278158,438185761,236.509,robot_2,1.853,-2.328
1789278158,438257507,236.509,robot_0,-0.922,-1.272
1789278158,438300156,236.509,robot_1_carried_generic_box,2.112,0.818
1789278158,651202662,236.722,robot_1,2.112,0.818
1789278158,651275684,236.722,robot_2,1.856,-2.334
1789278158,651322534,236.722,robot_0,-0.922,-1.272
1789278158,651374406,236.722,robot_1_carried_generic_box,2.112,0.818
1789278158,900422179,236.972,robot_1,2.112,0.818
1789278158,901496080,236.972,robot_2,1.857,-2.336
1789278158,902468269,236.973,robot_0,-0.922,-1.272
1789278158,902578028,236.973,robot_1_carried_generic_box,2.112,0.818
1789278159,108457639,237.179,robot_1,2.112,0.818
1789278159,108549985,237.179,robot_2,1.858,-2.337
1789278159,108590195,237.179,robot_0,-0.922,-1.272
1789278159,108633923,237.179,robot_1_carried_generic_box,2.112,0.818
1789278159,338532216,237.409,robot_1,2.113,0.818
1789278159,338601922,237.409,robot_2,1.860,-2.342
1789278159,338637217,237.409,robot_0,-0.922,-1.272
1789278159,338677103,237.409,robot_1_carried_generic_box,2.112,0.818
1789278159,538914328,237.616,robot_1,2.112,0.820
1789278159,545132301,237.616,robot_2,1.863,-2.346
1789278159,545182015,237.616,robot_0,-0.922,-1.272
1789278159,545221742,237.616,robot_1_carried_generic_box,2.112,0.818
1789278159,767259625,237.838,robot_1,2.110,0.826
1789278159,767340839,237.838,robot_2,1.863,-2.347
1789278159,767381931,237.838,robot_0,-0.922,-1.272
1789278159,767425065,237.838,robot_1_carried_generic_box,2.112,0.818
1789278160,9685291,238.080,robot_1,2.107,0.835
1789278160,9763980,238.081,robot_2,1.863,-2.347
1789278160,9805856,238.081,robot_0,-0.922,-1.272
1789278160,9846198,238.081,robot_1_carried_generic_box,2.112,0.820
1789278160,262964438,238.334,robot_1,2.103,0.849
1789278160,263034119,238.334,robot_2,1.863,-2.347
1789278160,263068831,238.334,robot_0,-0.922,-1.272
1789278160,263106921,238.334,robot_1_carried_generic_box,2.111,0.825
1789278160,517543652,238.588,robot_1,2.098,0.862
1789278160,517608393,238.588,robot_2,1.863,-2.347
1789278160,517644077,238.588,robot_0,-0.922,-1.272
1789278160,517685878,238.588,robot_1_carried_generic_box,2.106,0.840
1789278160,758893280,238.830,robot_1,2.096,0.867
1789278160,772160250,238.843,robot_2,1.863,-2.347
1789278160,772263578,238.843,robot_0,-0.922,-1.272
1789278160,772307533,238.843,robot_1_carried_generic_box,2.101,0.854
1789278160,962229231,239.033,robot_1,2.093,0.877
1789278160,962300036,239.033,robot_2,1.866,-2.351
1789278160,962336959,239.033,robot_0,-0.922,-1.272
1789278160,962377115,239.033,robot_1_carried_generic_box,2.098,0.861
1789278161,176212461,239.247,robot_1,2.089,0.888
1789278161,176297582,239.247,robot_2,1.871,-2.357
1789278161,176344333,239.247,robot_0,-0.922,-1.272
1789278161,176393159,239.247,robot_1_carried_generic_box,2.097,0.866
1789278161,378771257,239.450,robot_1,2.085,0.899
1789278161,378847076,239.450,robot_2,1.878,-2.365
1789278161,378883556,239.450,robot_0,-0.921,-1.272
1789278161,386351766,239.457,robot_1_carried_generic_box,2.094,0.872
1789278161,631760683,239.703,robot_1,2.081,0.910
1789278161,631829082,239.703,robot_2,1.892,-2.380
1789278161,631864915,239.703,robot_0,-0.914,-1.272
1789278161,631908013,239.703,robot_1_carried_generic_box,2.085,0.899
1789278161,834965067,239.906,robot_1,2.079,0.915
1789278161,835036378,239.906,robot_2,1.901,-2.389
1789278161,835069406,239.906,robot_0,-0.913,-1.272
1789278161,835113739,239.906,robot_1_carried_generic_box,2.085,0.899
1789278162,63118055,240.134,robot_1,2.076,0.925
1789278162,63233481,240.134,robot_2,1.911,-2.399
1789278162,63268408,240.134,robot_0,-0.913,-1.272
1789278162,63311013,240.134,robot_1_carried_generic_box,2.080,0.911
1789278162,305429878,240.376,robot_1,2.071,0.939
1789278162,305512418,240.376,robot_2,1.920,-2.407
1789278162,305548022,240.376,robot_0,-0.913,-1.272
1789278162,305588839,240.376,robot_1_carried_generic_box,2.080,0.911
1789278162,560642584,240.631,robot_1,2.066,0.952
1789278162,560723950,240.631,robot_2,1.930,-2.417
1789278162,560766875,240.632,robot_0,-0.909,-1.272
1789278162,560816003,240.632,robot_1_carried_generic_box,2.074,0.931
1789278162,822139238,240.893,robot_1,2.064,0.960
1789278162,827736098,240.899,robot_2,1.941,-2.427
1789278162,827833103,240.899,robot_0,-0.902,-1.273
1789278162,827883919,240.899,robot_1_carried_generic_box,2.070,0.942
1789278163,21688869,241.092,robot_1,2.062,0.965
1789278163,21767072,241.093,robot_2,1.952,-2.438
1789278163,21807402,241.093,robot_0,-0.901,-1.273
1789278163,21854215,241.093,robot_1_carried_generic_box,2.065,0.957
1789278163,275181239,241.346,robot_1,2.061,0.970
1789278163,276109274,241.347,robot_2,1.958,-2.443
1789278163,280089375,241.351,robot_0,-0.901,-1.273
1789278163,285065280,241.356,robot_1_carried_generic_box,2.065,0.957
1789278163,485357087,241.556,robot_1,2.059,0.974
1789278163,485429435,241.556,robot_2,1.964,-2.448
1789278163,485463368,241.556,robot_0,-0.901,-1.273
1789278163,485502780,241.556,robot_1_carried_generic_box,2.064,0.960
1789278163,707607038,241.778,robot_1,2.059,0.975
1789278163,707683168,241.778,robot_2,1.967,-2.451
1789278163,707717156,241.778,robot_0,-0.901,-1.273
1789278163,707760101,241.779,robot_1_carried_generic_box,2.061,0.969
1789278163,929327148,242.000,robot_1,2.057,0.981
1789278163,929403846,242.000,robot_2,1.967,-2.451
1789278163,929442141,242.000,robot_0,-0.901,-1.273
1789278163,929486378,242.000,robot_1_carried_generic_box,2.059,0.974
1789278164,146248484,242.217,robot_1,2.056,0.986
1789278164,146328150,242.217,robot_2,1.967,-2.451
1789278164,146361599,242.217,robot_0,-0.901,-1.273
1789278164,146401917,242.217,robot_1_carried_generic_box,2.059,0.975
1789278164,352796791,242.424,robot_1,2.056,0.986
1789278164,352871075,242.424,robot_2,1.967,-2.451
1789278164,352908188,242.424,robot_0,-0.901,-1.273
1789278164,352958740,242.424,robot_1_carried_generic_box,2.057,0.981
1789278164,581422464,242.652,robot_1,2.055,0.988
1789278164,581496199,242.652,robot_2,1.967,-2.451
1789278164,581531638,242.652,robot_0,-0.901,-1.273
1789278164,581576934,242.652,robot_1_carried_generic_box,2.056,0.986
1789278164,834020451,242.905,robot_1,2.054,0.995
1789278164,834096016,242.905,robot_2,1.967,-2.451
1789278164,834130897,242.905,robot_0,-0.901,-1.273
1789278164,834173010,242.905,robot_1_carried_generic_box,2.056,0.987
1789278165,35082190,243.106,robot_1,2.053,1.000
1789278165,35168272,243.106,robot_2,1.967,-2.451
1789278165,35207019,243.106,robot_0,-0.901,-1.273
1789278165,35249373,243.106,robot_1_carried_generic_box,2.055,0.991
1789278165,295673270,243.366,robot_1,2.051,1.011
1789278165,295764840,243.367,robot_2,1.967,-2.451
1789278165,295807723,243.367,robot_0,-0.901,-1.273
1789278165,295847352,243.367,robot_1_carried_generic_box,2.054,0.996
1789278165,510724672,243.581,robot_1,2.050,1.017
1789278165,510796263,243.582,robot_2,1.967,-2.452
1789278165,510831109,243.582,robot_0,-0.901,-1.273
1789278165,510870196,243.582,robot_1_carried_generic_box,2.053,1.002
1789278165,726970647,243.798,robot_1,2.049,1.025
1789278165,727989681,243.799,robot_2,1.966,-2.452
1789278165,728059906,243.804,robot_0,-0.901,-1.273
1789278165,737112798,243.808,robot_1_carried_generic_box,2.051,1.011
1789278165,975785715,244.047,robot_1,2.048,1.039
1789278165,975875613,244.047,robot_2,1.966,-2.452
1789278165,975924454,244.047,robot_0,-0.901,-1.273
1789278165,975967053,244.047,robot_1_carried_generic_box,2.050,1.021
1789278166,230278070,244.301,robot_1,2.046,1.060
1789278166,230366890,244.301,robot_2,1.966,-2.452
1789278166,230407314,244.301,robot_0,-0.901,-1.273
1789278166,230454773,244.301,robot_1_carried_generic_box,2.048,1.033
1789278166,481716597,244.552,robot_1,2.044,1.077
1789278166,497469911,244.568,robot_2,1.966,-2.452
1789278166,497552453,244.568,robot_0,-0.901,-1.273
1789278166,497608088,244.568,robot_1_carried_generic_box,2.047,1.048
1789278166,722487295,244.793,robot_1,2.043,1.092
1789278166,722568435,244.793,robot_2,1.966,-2.452
1789278166,722604917,244.793,robot_0,-0.900,-1.272
1789278166,722646885,244.793,robot_1_carried_generic_box,2.045,1.069
1789278166,970136290,245.041,robot_1,2.041,1.106
1789278166,970215407,245.041,robot_2,1.966,-2.452
1789278166,970252532,245.041,robot_0,-0.894,-1.269
1789278166,970294178,245.041,robot_1_carried_generic_box,2.044,1.080
1789278167,176560472,245.247,robot_1,2.041,1.113
1789278167,176637526,245.247,robot_2,1.966,-2.452
1789278167,176672715,245.247,robot_0,-0.887,-1.265
1789278167,176718229,245.247,robot_1_carried_generic_box,2.043,1.089
1789278167,391976716,245.463,robot_1,2.040,1.122
1789278167,392046760,245.463,robot_2,1.966,-2.452
1789278167,392076492,245.463,robot_0,-0.881,-1.262
1789278167,392111090,245.463,robot_1_carried_generic_box,2.042,1.101
1789278167,634863945,245.706,robot_1,2.039,1.137
1789278167,643220179,245.714,robot_2,1.966,-2.452
1789278167,643299016,245.714,robot_0,-0.878,-1.261
1789278167,643348867,245.714,robot_1_carried_generic_box,2.040,1.117
1789278167,901425002,245.972,robot_1,2.038,1.152
1789278167,901524567,245.972,robot_2,1.966,-2.452
1789278167,901565431,245.972,robot_0,-0.878,-1.261
1789278167,901607063,245.972,robot_1_carried_generic_box,2.040,1.125
1789278168,103330710,246.174,robot_1,2.037,1.167
1789278168,103418272,246.174,robot_2,1.966,-2.452
1789278168,103451754,246.174,robot_0,-0.878,-1.261
1789278168,103491953,246.174,robot_1_carried_generic_box,2.038,1.143
1789278168,328565232,246.399,robot_1,2.036,1.182
1789278168,328657590,246.399,robot_2,1.970,-2.452
1789278168,328699602,246.399,robot_0,-0.878,-1.261
1789278168,328750516,246.399,robot_1_carried_generic_box,2.038,1.143
1789278168,554138902,246.625,robot_1,2.035,1.192
1789278168,554228403,246.625,robot_2,1.980,-2.452
1789278168,554269905,246.625,robot_0,-0.878,-1.261
1789278168,554316546,246.625,robot_1_carried_generic_box,2.036,1.173
1789278168,794888014,246.866,robot_1,2.034,1.206
1789278168,794962519,246.866,robot_2,1.994,-2.451
1789278168,794995122,246.866,robot_0,-0.878,-1.261
1789278168,795034948,246.866,robot_1_carried_generic_box,2.035,1.188
1789278169,157761,247.071,robot_1,2.033,1.224
1789278169,239148,247.071,robot_2,2.011,-2.451
1789278169,276814,247.071,robot_0,-0.878,-1.261
1789278169,320910,247.071,robot_1_carried_generic_box,2.035,1.194
1789278169,227133943,247.298,robot_1,2.031,1.244
1789278169,227220465,247.298,robot_2,2.020,-2.450
1789278169,227257677,247.298,robot_0,-0.878,-1.261
1789278169,227302766,247.298,robot_1_carried_generic_box,2.033,1.218
1789278169,431655487,247.502,robot_1,2.030,1.259
1789278169,431726550,247.502,robot_2,2.023,-2.450
1789278169,431758044,247.503,robot_0,-0.878,-1.261
1789278169,431800051,247.503,robot_1_carried_generic_box,2.032,1.233
1789278169,634283498,247.714,robot_1,2.029,1.274
1789278169,643806995,247.715,robot_2,2.033,-2.449
1789278169,643893427,247.715,robot_0,-0.878,-1.261
1789278169,643939641,247.715,robot_1_carried_generic_box,2.031,1.247
1789278169,898575409,247.969,robot_1,2.029,1.284
1789278169,898688643,247.969,robot_2,2.039,-2.449
1789278169,898724960,247.969,robot_0,-0.878,-1.260
1789278169,898767244,247.970,robot_1_carried_generic_box,2.030,1.265
1789278170,129518533,248.200,robot_1,2.028,1.297
1789278170,129610189,248.200,robot_2,2.040,-2.449
1789278170,129649859,248.200,robot_0,-0.879,-1.260
1789278170,129692952,248.200,robot_1_carried_generic_box,2.029,1.274
1789278170,345665551,248.416,robot_1,2.027,1.312
1789278170,345742617,248.416,robot_2,2.045,-2.448
1789278170,345780848,248.417,robot_0,-0.879,-1.260
1789278170,345829643,248.417,robot_1_carried_generic_box,2.029,1.274
1789278170,588713569,248.659,robot_1,2.026,1.327
1789278170,588786320,248.660,robot_2,2.058,-2.447
1789278170,588816954,248.660,robot_0,-0.879,-1.260
1789278170,588860001,248.660,robot_1_carried_generic_box,2.027,1.306
1789278170,812728126,248.883,robot_1,2.026,1.332
1789278170,812795329,248.893,robot_2,2.069,-2.445
1789278170,822684999,248.893,robot_0,-0.879,-1.260
1789278170,822759956,248.894,robot_1_carried_generic_box,2.026,1.318
1789278171,66319578,249.137,robot_1,2.025,1.332
1789278171,66409446,249.137,robot_2,2.080,-2.444
1789278171,66451721,249.137,robot_0,-0.879,-1.260
1789278171,66569458,249.137,robot_1_carried_generic_box,2.026,1.329
1789278171,259984854,249.331,robot_1,2.025,1.334
1789278171,260067910,249.331,robot_2,2.088,-2.443
1789278171,260105470,249.331,robot_0,-0.879,-1.260
1789278171,260150177,249.331,robot_1_carried_generic_box,2.026,1.332
1789278171,497097557,249.568,robot_1,2.025,1.339
1789278171,497172559,249.568,robot_2,2.102,-2.441
1789278171,497208755,249.568,robot_0,-0.879,-1.260
1789278171,497250918,249.568,robot_1_carried_generic_box,2.025,1.332
1789278171,706564562,249.777,robot_1,2.025,1.344
1789278171,706651210,249.777,robot_2,2.114,-2.439
1789278171,706694415,249.777,robot_0,-0.879,-1.260
1789278171,706744912,249.777,robot_1_carried_generic_box,2.025,1.332
1789278171,965635715,250.036,robot_1,2.025,1.356
1789278171,965708250,250.036,robot_2,2.134,-2.436
1789278171,965745392,250.036,robot_0,-0.879,-1.260
1789278171,965790108,250.037,robot_1_carried_generic_box,2.025,1.341
1789278172,241448036,250.312,robot_1,2.026,1.366
1789278172,241522762,250.312,robot_2,2.146,-2.434
1789278172,241559694,250.312,robot_0,-0.879,-1.260
1789278172,241608142,250.312,robot_1_carried_generic_box,2.025,1.350
1789278172,468975320,250.540,robot_1,2.026,1.378
1789278172,469057880,250.540,robot_2,2.152,-2.434
1789278172,469098373,250.540,robot_0,-0.879,-1.260
1789278172,469150441,250.540,robot_1_carried_generic_box,2.025,1.356
1789278172,712191343,250.783,robot_1,2.027,1.393
1789278172,712261210,250.783,robot_2,2.164,-2.432
1789278172,712297610,250.783,robot_0,-0.879,-1.260
1789278172,712341011,250.783,robot_1_carried_generic_box,2.026,1.366
1789278172,920412544,250.991,robot_1,2.028,1.411
1789278172,920484273,250.991,robot_2,2.177,-2.430
1789278172,920524284,250.991,robot_0,-0.879,-1.260
1789278172,920572675,250.991,robot_1_carried_generic_box,2.026,1.375
1789278173,188698236,251.259,robot_1,2.029,1.426
1789278173,188767717,251.260,robot_2,2.180,-2.429
1789278173,188803893,251.260,robot_0,-0.879,-1.261
1789278173,188844565,251.260,robot_1_carried_generic_box,2.027,1.402
1789278173,414913551,251.486,robot_1,2.030,1.442
1789278173,414995379,251.486,robot_2,2.181,-2.429
1789278173,415028560,251.486,robot_0,-0.879,-1.268
1789278173,415068275,251.486,robot_1_carried_generic_box,2.028,1.414
1789278173,682508714,251.753,robot_1,2.030,1.458
1789278173,682570941,251.753,robot_2,2.181,-2.429
1789278173,682608431,251.753,robot_0,-0.877,-1.284
1789278173,690705220,251.761,robot_1_carried_generic_box,2.029,1.426
1789278173,936324960,252.007,robot_1,2.032,1.476
1789278173,936395467,252.007,robot_2,2.181,-2.429
1789278173,936428706,252.007,robot_0,-0.874,-1.302
1789278173,936468085,252.007,robot_1_carried_generic_box,2.030,1.447
1789278174,150085960,252.221,robot_1,2.032,1.488
1789278174,150172779,252.221,robot_2,2.181,-2.429
1789278174,150213947,252.221,robot_0,-0.873,-1.312
1789278174,150258450,252.221,robot_1_carried_generic_box,2.031,1.464
1789278174,341855379,252.413,robot_1,2.033,1.494
1789278174,342481479,252.413,robot_2,2.181,-2.429
1789278174,342565096,252.413,robot_0,-0.872,-1.316
1789278174,342610786,252.413,robot_1_carried_generic_box,2.032,1.479
1789278174,600115869,252.671,robot_1,2.033,1.502
1789278174,600182771,252.671,robot_2,2.181,-2.429
1789278174,600217608,252.671,robot_0,-0.872,-1.317
1789278174,600257728,252.671,robot_1_carried_generic_box,2.032,1.488
1789278174,853722577,252.924,robot_1,2.034,1.514
1789278174,853789781,252.925,robot_2,2.181,-2.429
1789278174,853828754,252.925,robot_0,-0.871,-1.320
1789278174,861652446,252.932,robot_1_carried_generic_box,2.033,1.494
1789278175,76327920,253.147,robot_1,2.035,1.526
1789278175,76393053,253.147,robot_2,2.181,-2.429
1789278175,76426074,253.147,robot_0,-0.871,-1.320
1789278175,76469150,253.147,robot_1_carried_generic_box,2.033,1.505
1789278175,308985764,253.380,robot_1,2.036,1.541
1789278175,309055506,253.380,robot_2,2.181,-2.429
1789278175,309091826,253.380,robot_0,-0.870,-1.324
1789278175,309139699,253.380,robot_1_carried_generic_box,2.034,1.511
1789278175,553786478,253.625,robot_1,2.037,1.553
1789278175,553854927,253.625,robot_2,2.181,-2.430
1789278175,553885255,253.625,robot_0,-0.866,-1.336
1789278175,553930093,253.625,robot_1_carried_generic_box,2.036,1.538
1789278175,779286634,253.850,robot_1,2.038,1.562
1789278175,779357688,253.850,robot_2,2.181,-2.430
1789278175,779393935,253.850,robot_0,-0.863,-1.344
1789278175,794746232,253.866,robot_1_carried_generic_box,2.037,1.550
1789278175,990997241,254.062,robot_1,2.040,1.579
1789278175,991060835,254.062,robot_2,2.181,-2.430
1789278175,991094935,254.062,robot_0,-0.858,-1.357
1789278175,991136159,254.062,robot_1_carried_generic_box,2.037,1.555
1789278176,220200843,254.291,robot_1,2.041,1.593
1789278176,220266725,254.291,robot_2,2.181,-2.430
1789278176,220299555,254.291,robot_0,-0.853,-1.367
1789278176,220332902,254.291,robot_1_carried_generic_box,2.038,1.562
1789278176,445580258,254.516,robot_1,2.042,1.602
1789278176,454700716,254.525,robot_2,2.181,-2.430
1789278176,454781672,254.526,robot_0,-0.850,-1.375
1789278176,454827182,254.526,robot_1_carried_generic_box,2.040,1.588
1789278176,721137991,254.792,robot_1,2.042,1.608
1789278176,721211487,254.792,robot_2,2.180,-2.431
1789278176,721253783,254.792,robot_0,-0.845,-1.384
1789278176,721297312,254.792,robot_1_carried_generic_box,2.041,1.598
1789278176,971779589,255.043,robot_1,2.043,1.617
1789278176,971844633,255.043,robot_2,2.174,-2.437
1789278176,971875655,255.043,robot_0,-0.841,-1.394
1789278176,971913316,255.043,robot_1_carried_generic_box,2.042,1.602
1789278177,182389170,255.253,robot_1,2.044,1.621
1789278177,182459012,255.253,robot_2,2.168,-2.444
1789278177,182499716,255.253,robot_0,-0.838,-1.398
1789278177,182543626,255.253,robot_1_carried_generic_box,2.043,1.612
1789278177,417145609,255.488,robot_1,2.044,1.621
1789278177,417215424,255.488,robot_2,2.165,-2.447
1789278177,417252627,255.488,robot_0,-0.833,-1.408
1789278177,417289708,255.488,robot_1_carried_generic_box,2.044,1.620
1789278177,672054645,255.743,robot_1,2.044,1.625
1789278177,672132895,255.743,robot_2,2.165,-2.447
1789278177,672173389,255.743,robot_0,-0.826,-1.418
1789278177,672213376,255.743,robot_1_carried_generic_box,2.044,1.621
1789278177,910221456,255.981,robot_1,2.045,1.628
1789278177,910336501,255.981,robot_2,2.165,-2.447
1789278177,910375550,255.981,robot_0,-0.817,-1.433
1789278177,910412138,255.981,robot_1_carried_generic_box,2.044,1.621
1789278178,134900274,256.233,robot_1,2.046,1.632
1789278178,162069614,256.233,robot_2,2.165,-2.447
1789278178,162133380,256.233,robot_0,-0.808,-1.445
1789278178,162178003,256.233,robot_1_carried_generic_box,2.045,1.627
1789278178,362598483,256.433,robot_1,2.048,1.643
1789278178,362705221,256.433,robot_2,2.165,-2.447
1789278178,362742638,256.433,robot_0,-0.800,-1.458
1789278178,362778730,256.434,robot_1_carried_generic_box,2.045,1.629
1789278178,607232301,256.678,robot_1,2.051,1.654
1789278178,607341025,256.678,robot_2,2.165,-2.447
1789278178,607371073,256.678,robot_0,-0.791,-1.471
1789278178,607404534,256.678,robot_1_carried_generic_box,2.047,1.638
1789278178,865315576,256.936,robot_1,2.051,1.657
1789278178,865386040,256.936,robot_2,2.165,-2.447
1789278178,865415579,256.936,robot_0,-0.786,-1.478
1789278178,865448809,256.936,robot_1_carried_generic_box,2.049,1.645
1789278179,128831511,257.200,robot_1,2.054,1.666
1789278179,128910216,257.200,robot_2,2.165,-2.447
1789278179,128955730,257.200,robot_0,-0.776,-1.492
1789278179,128995349,257.200,robot_1_carried_generic_box,2.050,1.653
1789278179,380092520,257.451,robot_1,2.057,1.676
1789278179,380191606,257.451,robot_2,2.165,-2.447
1789278179,380222020,257.451,robot_0,-0.768,-1.504
1789278179,380255134,257.451,robot_1_carried_generic_box,2.051,1.657
1789278179,615174751,257.686,robot_1,2.060,1.688
1789278179,615243842,257.686,robot_2,2.165,-2.447
1789278179,615276826,257.686,robot_0,-0.762,-1.512
1789278179,615313880,257.686,robot_1_carried_generic_box,2.053,1.664
1789278179,844605152,257.915,robot_1,2.065,1.705
1789278179,844683434,257.915,robot_2,2.165,-2.447
1789278179,844723493,257.915,robot_0,-0.753,-1.526
1789278179,844768208,257.916,robot_1_carried_generic_box,2.056,1.674
1789278180,102989081,258.174,robot_1,2.069,1.717
1789278180,103069606,258.174,robot_2,2.165,-2.447
1789278180,103109030,258.174,robot_0,-0.744,-1.538
1789278180,103154909,258.174,robot_1_carried_generic_box,2.063,1.696
1789278180,310928990,258.382,robot_1,2.074,1.731
1789278180,311005946,258.382,robot_2,2.165,-2.447
1789278180,311046568,258.382,robot_0,-0.737,-1.548
1789278180,311089187,258.382,robot_1_carried_generic_box,2.066,1.707
1789278180,519728189,258.590,robot_1,2.079,1.748
1789278180,519796478,258.591,robot_2,2.166,-2.447
1789278180,519828458,258.591,robot_0,-0.727,-1.562
1789278180,519863900,258.591,robot_1_carried_generic_box,2.070,1.720
1789278180,738880744,258.810,robot_1,2.083,1.760
1789278180,738962719,258.810,robot_2,2.166,-2.447
1789278180,739002893,258.810,robot_0,-0.722,-1.569
1789278180,739041346,258.810,robot_1_carried_generic_box,2.076,1.737
1789278181,8251094,259.079,robot_1,2.090,1.783
1789278181,8317742,259.079,robot_2,2.166,-2.447
1789278181,8350626,259.079,robot_0,-0.709,-1.587
1789278181,8386527,259.079,robot_1_carried_generic_box,2.079,1.748
1789278181,230086396,259.301,robot_1,2.093,1.791
1789278181,230170209,259.301,robot_2,2.166,-2.447
1789278181,230207895,259.301,robot_0,-0.704,-1.595
1789278181,230246555,259.301,robot_1_carried_generic_box,2.084,1.763
1789278181,437389930,259.508,robot_1,2.098,1.805
1789278181,437462621,259.508,robot_2,2.166,-2.447
1789278181,437496078,259.508,robot_0,-0.695,-1.607
1789278181,437532358,259.508,robot_1_carried_generic_box,2.088,1.777
1789278181,664399810,259.735,robot_1,2.102,1.817
1789278181,664473403,259.735,robot_2,2.166,-2.447
1789278181,664511427,259.735,robot_0,-0.686,-1.619
1789278181,664555532,259.735,robot_1_carried_generic_box,2.091,1.785
1789278181,892876218,259.964,robot_1,2.106,1.831
1789278181,926093978,259.997,robot_2,2.166,-2.447
1789278181,926182726,259.997,robot_0,-0.676,-1.633
1789278181,926231709,259.997,robot_1_carried_generic_box,2.098,1.805
1789278182,122964754,260.194,robot_1,2.110,1.843
1789278182,123053612,260.194,robot_2,2.166,-2.447
1789278182,123091798,260.194,robot_0,-0.668,-1.644
1789278182,123131998,260.194,robot_1_carried_generic_box,2.102,1.819
1789278182,344373663,260.415,robot_1,2.111,1.847
1789278182,344441961,260.415,robot_2,2.166,-2.447
1789278182,344472030,260.415,robot_0,-0.663,-1.651
1789278182,344513176,260.415,robot_1_carried_generic_box,2.105,1.828
1789278182,553236459,260.624,robot_1,2.112,1.850
1789278182,553309300,260.624,robot_2,2.166,-2.447
1789278182,553341129,260.624,robot_0,-0.656,-1.660
1789278182,553380478,260.624,robot_1_carried_generic_box,2.108,1.839
1789278182,766085567,260.837,robot_1,2.114,1.855
1789278182,766157787,260.837,robot_2,2.166,-2.447
1789278182,766195185,260.837,robot_0,-0.646,-1.674
1789278182,766237203,260.837,robot_1_carried_generic_box,2.112,1.848
1789278182,996803836,261.068,robot_1,2.118,1.865
1789278182,996877571,261.068,robot_2,2.166,-2.447
1789278182,996911133,261.068,robot_0,-0.637,-1.687
1789278182,996990240,261.068,robot_1_carried_generic_box,2.112,1.850
1789278183,229658976,261.300,robot_1,2.123,1.879
1789278183,229732588,261.300,robot_2,2.166,-2.447
1789278183,229768943,261.301,robot_0,-0.628,-1.699
1789278183,229805359,261.301,robot_1_carried_generic_box,2.114,1.855
1789278183,443972029,261.515,robot_1,2.126,1.887
1789278183,444068645,261.515,robot_2,2.167,-2.447
1789278183,444106100,261.515,robot_0,-0.624,-1.705
1789278183,444144889,261.515,robot_1_carried_generic_box,2.116,1.860
1789278183,687775790,261.759,robot_1,2.131,1.899
1789278183,687848320,261.759,robot_2,2.166,-2.446
1789278183,687881083,261.759,robot_0,-0.615,-1.716
1789278183,687915932,261.768,robot_1_carried_generic_box,2.120,1.871
1789278183,908380917,261.979,robot_1,2.135,1.910
1789278183,908467157,261.979,robot_2,2.164,-2.443
1789278183,908506374,261.979,robot_0,-0.608,-1.726
1789278183,908542294,261.979,robot_1_carried_generic_box,2.124,1.882
1789278184,168849626,262.240,robot_1,2.138,1.920
1789278184,168938989,262.240,robot_2,2.159,-2.435
1789278184,168974071,262.240,robot_0,-0.601,-1.736
1789278184,169009630,262.240,robot_1_carried_generic_box,2.129,1.894
1789278184,386595153,262.457,robot_1,2.140,1.924
1789278184,386673464,262.457,robot_2,2.153,-2.427
1789278184,386714169,262.457,robot_0,-0.597,-1.741
1789278184,386758387,262.458,robot_1_carried_generic_box,2.135,1.910
1789278184,614440567,262.685,robot_1,2.140,1.924
1789278184,614524541,262.685,robot_2,2.146,-2.417
1789278184,614565480,262.685,robot_0,-0.593,-1.746
1789278184,614608972,262.685,robot_1_carried_generic_box,2.138,1.920
1789278184,850313469,262.921,robot_1,2.140,1.924
1789278184,850399335,262.921,robot_2,2.141,-2.410
1789278184,850433205,262.921,robot_0,-0.590,-1.750
1789278184,850472015,262.921,robot_1_carried_generic_box,2.140,1.923
1789278185,66621127,263.137,robot_1,2.140,1.924
1789278185,66699766,263.137,robot_2,2.133,-2.399
1789278185,66733043,263.137,robot_0,-0.586,-1.756
1789278185,66767553,263.138,robot_1_carried_generic_box,2.140,1.924
1789278185,317460179,263.388,robot_1,2.140,1.924
1789278185,326519789,263.397,robot_2,2.126,-2.390
1789278185,326607430,263.397,robot_0,-0.579,-1.764
1789278185,326654068,263.397,robot_1_carried_generic_box,2.140,1.924
1789278185,546915938,263.618,robot_1,2.140,1.924
1789278185,547002995,263.618,robot_2,2.117,-2.378
1789278185,547044694,263.618,robot_0,-0.576,-1.768
1789278185,547081525,263.618,robot_1_carried_generic_box,2.140,1.924
1789278185,784741227,263.855,robot_1,2.140,1.923
1789278185,784817943,263.856,robot_2,2.107,-2.364
1789278185,784860691,263.856,robot_0,-0.575,-1.769
1789278185,784904991,263.856,robot_1_carried_generic_box,2.140,1.924
1789278186,51793103,264.123,robot_1,2.140,1.923
1789278186,51866598,264.123,robot_2,2.098,-2.352
1789278186,51905458,264.123,robot_0,-0.574,-1.770
1789278186,70917556,264.142,robot_1_carried_generic_box,2.140,1.924
1789278186,254917627,264.326,robot_1,2.140,1.923
1789278186,255000620,264.326,robot_2,2.091,-2.342
1789278186,255040544,264.326,robot_0,-0.570,-1.775
1789278186,255079024,264.326,robot_1_carried_generic_box,2.140,1.923
1789278186,456433535,264.527,robot_1,2.140,1.923
1789278186,456502893,264.527,robot_2,2.083,-2.333
1789278186,456541552,264.527,robot_0,-0.563,-1.783
1789278186,456578706,264.527,robot_1_carried_generic_box,2.140,1.923
1789278186,668540321,264.739,robot_1,2.140,1.923
1789278186,668614467,264.746,robot_2,2.074,-2.321
1789278186,675077280,264.746,robot_0,-0.555,-1.791
1789278186,675136928,264.746,robot_1_carried_generic_box,2.140,1.923
1789278186,872549001,264.943,robot_1,2.140,1.923
1789278186,872615274,264.943,robot_2,2.066,-2.309
1789278186,872647435,264.943,robot_0,-0.551,-1.795
1789278186,872683137,264.943,robot_1_carried_generic_box,2.140,1.923
1789278187,100480936,265.171,robot_1,2.141,1.923
1789278187,100556205,265.171,robot_2,2.061,-2.302
1789278187,100593923,265.171,robot_0,-0.551,-1.795
1789278187,100630659,265.171,robot_1_carried_generic_box,2.140,1.923
1789278187,383615201,265.454,robot_1,2.141,1.923
1789278187,383688441,265.454,robot_2,2.054,-2.293
1789278187,383727805,265.454,robot_0,-0.549,-1.797
1789278187,383766078,265.455,robot_1_carried_generic_box,2.140,1.923
1789278187,619709142,265.690,robot_1,2.141,1.923
1789278187,619799211,265.691,robot_2,2.044,-2.280
1789278187,619838995,265.691,robot_0,-0.548,-1.798
1789278187,619878017,265.691,robot_1_carried_generic_box,2.141,1.923
1789278187,821653734,265.892,robot_1,2.141,1.924
1789278187,821722695,265.892,robot_2,2.038,-2.272
1789278187,821762111,265.893,robot_0,-0.548,-1.798
1789278187,821799831,265.893,robot_1_carried_generic_box,2.141,1.923
1789278188,33648842,266.104,robot_1,2.141,1.924
1789278188,33730659,266.104,robot_2,2.034,-2.265
1789278188,33767040,266.105,robot_0,-0.547,-1.799
1789278188,33805428,266.105,robot_1_carried_generic_box,2.141,1.923
1789278188,248708906,266.319,robot_1,2.141,1.924
1789278188,248787335,266.320,robot_2,2.028,-2.257
1789278188,248829825,266.320,robot_0,-0.542,-1.803
1789278188,248867447,266.320,robot_1_carried_generic_box,2.141,1.924
1789278188,482991340,266.554,robot_1,2.140,1.928
1789278188,483061803,266.554,robot_2,2.022,-2.249
1789278188,483103218,266.554,robot_0,-0.537,-1.807
1789278188,483142377,266.554,robot_1_carried_generic_box,2.141,1.924
1789278188,726382742,266.797,robot_1,2.139,1.930
1789278188,726455975,266.797,robot_2,2.017,-2.241
1789278188,726496653,266.797,robot_0,-0.536,-1.807
1789278188,726536013,266.797,robot_1_carried_generic_box,2.141,1.924
1789278188,932211386,267.003,robot_1,2.139,1.930
1789278188,932284705,267.003,robot_2,2.012,-2.233
1789278188,932317007,267.003,robot_0,-0.536,-1.808
1789278188,932350016,267.003,robot_1_carried_generic_box,2.140,1.927
1789278189,154620080,267.225,robot_1,2.138,1.933
1789278189,154695790,267.225,robot_2,2.005,-2.221
1789278189,154732559,267.225,robot_0,-0.536,-1.808
1789278189,154771400,267.226,robot_1_carried_generic_box,2.140,1.929
1789278189,360060141,267.431,robot_1,2.138,1.935
1789278189,360130157,267.431,robot_2,2.000,-2.211
1789278189,360168464,267.431,robot_0,-0.536,-1.808
1789278189,360208114,267.431,robot_1_carried_generic_box,2.140,1.930
1789278189,607669141,267.678,robot_1,2.135,1.941
1789278189,607750218,267.679,robot_2,1.991,-2.195
1789278189,607796311,267.679,robot_0,-0.532,-1.810
1789278189,607840998,267.679,robot_1_carried_generic_box,2.138,1.933
1789278189,839039684,267.910,robot_1,2.135,1.942
1789278189,839124861,267.910,robot_2,1.984,-2.181
1789278189,839168035,267.914,robot_0,-0.531,-1.810
1789278189,843532744,267.914,robot_1_carried_generic_box,2.137,1.938
1789278190,73071393,268.144,robot_1,2.133,1.948
1789278190,73150368,268.144,robot_2,1.978,-2.168
1789278190,73193666,268.144,robot_0,-0.531,-1.810
1789278190,73236765,268.144,robot_1_carried_generic_box,2.135,1.941
1789278190,356448567,268.427,robot_1,2.127,1.963
1789278190,356531357,268.427,robot_2,1.971,-2.154
1789278190,356570143,268.427,robot_0,-0.529,-1.811
1789278190,356605711,268.427,robot_1_carried_generic_box,2.135,1.942
1789278190,644917838,268.717,robot_1,2.123,1.974
1789278190,646296065,268.717,robot_2,1.964,-2.140
1789278190,646344103,268.717,robot_0,-0.516,-1.814
1789278190,646386062,268.717,robot_1_carried_generic_box,2.130,1.955
1789278190,853440150,268.924,robot_1,2.121,1.980
1789278190,858165974,268.929,robot_2,1.959,-2.130
1789278190,858253843,268.929,robot_0,-0.506,-1.816
1789278190,858296872,268.929,robot_1_carried_generic_box,2.126,1.967
1789278191,102418513,269.173,robot_1,2.117,1.990
1789278191,102503295,269.173,robot_2,1.956,-2.122
1789278191,102543699,269.173,robot_0,-0.494,-1.819
1789278191,102581398,269.173,robot_1_carried_generic_box,2.123,1.973
1789278191,334275252,269.405,robot_1,2.112,2.004
1789278191,334354509,269.405,robot_2,1.952,-2.113
1789278191,334401539,269.405,robot_0,-0.481,-1.821
1789278191,334445728,269.405,robot_1_carried_generic_box,2.121,1.978
1789278191,567116682,269.638,robot_1,2.108,2.015
1789278191,567195135,269.638,robot_2,1.948,-2.106
1789278191,567241462,269.638,robot_0,-0.475,-1.822
1789278191,567284966,269.638,robot_1_carried_generic_box,2.116,1.993
1789278191,840738022,269.911,robot_1,2.102,2.032
1789278191,840813104,269.912,robot_2,1.944,-2.095
1789278191,852373214,269.923,robot_0,-0.470,-1.823
1789278191,852485679,269.923,robot_1_carried_generic_box,2.113,2.001
1789278192,91053147,270.162,robot_1,2.095,2.052
1789278192,91126375,270.162,robot_2,1.939,-2.082
1789278192,91163158,270.162,robot_0,-0.453,-1.824
1789278192,91201521,270.162,robot_1_carried_generic_box,2.109,2.013
1789278192,319821133,270.391,robot_1,2.090,2.066
1789278192,319896255,270.424,robot_2,1.935,-2.072
1789278192,353605924,270.424,robot_0,-0.438,-1.825
1789278192,353675951,270.424,robot_1_carried_generic_box,2.099,2.041
1789278192,534612825,270.605,robot_1,2.086,2.078
1789278192,534686610,270.605,robot_2,1.932,-2.065
1789278192,534724616,270.605,robot_0,-0.426,-1.825
1789278192,534765553,270.606,robot_1_carried_generic_box,2.095,2.052
1789278192,797015933,270.868,robot_1,2.080,2.094
1789278192,797105004,270.868,robot_2,1.928,-2.049
1789278192,797150151,270.868,robot_0,-0.413,-1.826
1789278192,797192876,270.868,robot_1_carried_generic_box,2.091,2.063
1789278193,89077618,271.160,robot_1,2.077,2.102
1789278193,89183590,271.160,robot_2,1.925,-2.041
1789278193,89234901,271.160,robot_0,-0.403,-1.826
1789278193,89282862,271.160,robot_1_carried_generic_box,2.084,2.083
1789278193,266954940,271.338,robot_1,2.075,2.107
1789278193,267043900,271.338,robot_2,1.923,-2.032
1789278193,267087638,271.338,robot_0,-0.391,-1.826
1789278193,267130158,271.338,robot_1_carried_generic_box,2.080,2.094
1789278193,480046710,271.551,robot_1,2.072,2.117
1789278193,480121077,271.551,robot_2,1.920,-2.019
1789278193,480156260,271.551,robot_0,-0.376,-1.826
1789278193,526022486,271.597,robot_1_carried_generic_box,2.078,2.101
1789278193,702118821,271.773,robot_1,2.068,2.128
1789278193,702191991,271.773,robot_2,1.918,-2.011
1789278193,702232447,271.773,robot_0,-0.364,-1.826
1789278193,702270559,271.773,robot_1_carried_generic_box,2.075,2.107
1789278193,954868411,272.026,robot_1,2.062,2.148
1789278193,954966556,272.026,robot_2,1.914,-1.991
1789278193,955006081,272.026,robot_0,-0.343,-1.826
1789278193,955044833,272.026,robot_1_carried_generic_box,2.072,2.117
1789278194,202193293,272.273,robot_1,2.057,2.161
1789278194,202280455,272.273,robot_2,1.912,-1.981
1789278194,202319317,272.273,robot_0,-0.328,-1.826
1789278194,202357573,272.273,robot_1_carried_generic_box,2.068,2.128
1789278194,457854219,272.529,robot_1,2.054,2.171
1789278194,477906101,272.549,robot_2,1.909,-1.963
1789278194,478003383,272.549,robot_0,-0.307,-1.826
1789278194,478054757,272.549,robot_1_carried_generic_box,2.058,2.159
1789278194,701672673,272.772,robot_1,2.054,2.172
1789278194,701747705,272.773,robot_2,1.907,-1.948
1789278194,701790357,272.773,robot_0,-0.292,-1.826
1789278194,701837009,272.773,robot_1_carried_generic_box,2.055,2.167
1789278194,943646011,273.014,robot_1,2.052,2.177
1789278194,943715200,273.014,robot_2,1.904,-1.930
1789278194,943755618,273.015,robot_0,-0.282,-1.826
1789278194,943801171,273.015,robot_1_carried_generic_box,2.054,2.172
1789278195,172518208,273.243,robot_1,2.049,2.188
1789278195,172594582,273.243,robot_2,1.902,-1.916
1789278195,172632123,273.243,robot_0,-0.281,-1.826
1789278195,172674013,273.243,robot_1_carried_generic_box,2.054,2.172
1789278195,409517204,273.480,robot_1,2.045,2.202
1789278195,409594887,273.480,robot_2,1.901,-1.906
1789278195,409632639,273.480,robot_0,-0.278,-1.826
1789278195,409676242,273.480,robot_1_carried_generic_box,2.052,2.175
1789278195,620268506,273.691,robot_1,2.043,2.211
1789278195,620347264,273.691,robot_2,1.900,-1.897
1789278195,620389063,273.691,robot_0,-0.277,-1.826
1789278195,620432859,273.691,robot_1_carried_generic_box,2.051,2.180
1789278195,883373230,273.954,robot_1,2.039,2.224
1789278195,883447241,273.954,robot_2,1.898,-1.886
1789278195,883487487,273.954,robot_0,-0.272,-1.826
1789278195,883533446,273.954,robot_1_carried_generic_box,2.048,2.190
1789278196,111691145,274.182,robot_1,2.036,2.233
1789278196,111775160,274.183,robot_2,1.897,-1.876
1789278196,111814411,274.184,robot_0,-0.261,-1.825
1789278196,113284917,274.184,robot_1_carried_generic_box,2.042,2.214
1789278196,315112312,274.386,robot_1,2.033,2.245
1789278196,315187465,274.386,robot_2,1.896,-1.866
1789278196,315230064,274.386,robot_0,-0.247,-1.824
1789278196,315277901,274.386,robot_1_carried_generic_box,2.038,2.229
1789278196,546985558,274.618,robot_1,2.029,2.260
1789278196,547066447,274.618,robot_2,1.894,-1.853
1789278196,547108586,274.618,robot_0,-0.233,-1.823
1789278196,547145742,274.618,robot_1_carried_generic_box,2.035,2.238
1789278196,823765372,274.895,robot_1,2.025,2.277
1789278196,823876881,274.895,robot_2,1.892,-1.839
1789278196,823938855,274.895,robot_0,-0.215,-1.822
1789278196,823993892,274.895,robot_1_carried_generic_box,2.033,2.248
1789278197,23260961,275.094,robot_1,2.021,2.294
1789278197,23347348,275.094,robot_2,1.890,-1.824
1789278197,24199005,275.095,robot_0,-0.198,-1.821
1789278197,24287993,275.095,robot_1_carried_generic_box,2.026,2.272
1789278197,292537736,275.363,robot_1,2.017,2.308
1789278197,295465780,275.366,robot_2,1.889,-1.809
1789278197,295553651,275.366,robot_0,-0.189,-1.820
1789278197,295598796,275.366,robot_1_carried_generic_box,2.023,2.283
1789278197,508777750,275.580,robot_1,2.014,2.319
1789278197,508852318,275.580,robot_2,1.887,-1.797
1789278197,508896236,275.580,robot_0,-0.182,-1.819
1789278197,521428000,275.592,robot_1_carried_generic_box,2.021,2.294
1789278197,809324701,275.880,robot_1,2.011,2.331
1789278197,809396574,275.880,robot_2,1.886,-1.783
1789278197,809437024,275.880,robot_0,-0.170,-1.818
1789278197,809481236,275.880,robot_1_carried_generic_box,2.017,2.308
1789278198,29244107,276.100,robot_1,2.007,2.347
1789278198,29321630,276.100,robot_2,1.884,-1.770
1789278198,29365400,276.100,robot_0,-0.162,-1.818
1789278198,29415507,276.100,robot_1_carried_generic_box,2.014,2.319
1789278198,305297446,276.376,robot_1,2.005,2.354
1789278198,305366111,276.376,robot_2,1.882,-1.755
1789278198,305410289,276.379,robot_0,-0.154,-1.817
1789278198,308818204,276.380,robot_1_carried_generic_box,2.011,2.331
1789278198,507372651,276.578,robot_1,2.005,2.356
1789278198,507436709,276.578,robot_2,1.880,-1.738
1789278198,507470379,276.578,robot_0,-0.144,-1.816
1789278198,507506183,276.578,robot_1_carried_generic_box,2.008,2.345
1789278198,747084821,276.818,robot_1,2.005,2.356
1789278198,747192732,276.818,robot_2,1.879,-1.729
1789278198,747250063,276.818,robot_0,-0.135,-1.815
1789278198,747304701,276.818,robot_1_carried_generic_box,2.005,2.353
1789278198,978114423,277.049,robot_1,2.005,2.356
1789278198,978203335,277.049,robot_2,1.878,-1.717
1789278198,978249891,277.049,robot_0,-0.120,-1.813
1789278198,978289452,277.071,robot_1_carried_generic_box,2.005,2.356
1789278199,237990654,277.309,robot_1,2.004,2.362
1789278199,238063423,277.309,robot_2,1.876,-1.705
1789278199,238109303,277.309,robot_0,-0.105,-1.811
1789278199,238152518,277.309,robot_1_carried_generic_box,2.005,2.356
1789278199,467816564,277.539,robot_1,2.002,2.374
1789278199,467890362,277.539,robot_2,1.875,-1.695
1789278199,467942696,277.539,robot_0,-0.095,-1.809
1789278199,467994781,277.539,robot_1_carried_generic_box,2.005,2.356
1789278199,684470655,277.755,robot_1,2.000,2.386
1789278199,684560627,277.755,robot_2,1.874,-1.685
1789278199,684618009,277.755,robot_0,-0.081,-1.808
1789278199,684685903,277.755,robot_1_carried_generic_box,2.004,2.362
1789278199,915986153,277.987,robot_1,1.999,2.390
1789278199,916056151,277.987,robot_2,1.873,-1.676
1789278199,916096222,277.987,robot_0,-0.072,-1.806
1789278199,916139678,277.987,robot_1_carried_generic_box,2.002,2.374
1789278200,118403946,278.189,robot_1,1.999,2.394
1789278200,118474381,278.189,robot_2,1.871,-1.665
1789278200,118513791,278.189,robot_0,-0.064,-1.805
1789278200,118556736,278.189,robot_1_carried_generic_box,2.000,2.384
1789278200,339735289,278.410,robot_1,1.998,2.401
1789278200,339803562,278.411,robot_2,1.870,-1.653
1789278200,339839078,278.411,robot_0,-0.049,-1.803
1789278200,339877862,278.411,robot_1_carried_generic_box,1.999,2.390
1789278200,644453409,278.715,robot_1,1.998,2.403
1789278200,644531249,278.715,robot_2,1.868,-1.637
1789278200,644565494,278.715,robot_0,-0.031,-1.801
1789278200,644609154,278.715,robot_1_carried_generic_box,1.998,2.398
1789278200,882584451,278.953,robot_1,1.998,2.404
1789278200,882662511,278.953,robot_2,1.866,-1.624
1789278200,882705521,278.953,robot_0,-0.021,-1.799
1789278200,882753120,278.953,robot_1_carried_generic_box,1.998,2.403
1789278201,101847604,279.173,robot_1,1.998,2.413
1789278201,101913828,279.177,robot_2,1.865,-1.610
1789278201,106066511,279.177,robot_0,-0.017,-1.799
1789278201,107677990,279.178,robot_1_carried_generic_box,1.998,2.403
1789278201,312785841,279.384,robot_1,1.999,2.427
1789278201,312847942,279.384,robot_2,1.863,-1.597
1789278201,312879875,279.384,robot_0,-0.017,-1.799
1789278201,312929418,279.384,robot_1_carried_generic_box,1.998,2.405
1789278201,529356314,279.600,robot_1,1.999,2.440
1789278201,529421223,279.600,robot_2,1.861,-1.586
1789278201,529453287,279.600,robot_0,-0.017,-1.799
1789278201,529492042,279.600,robot_1_carried_generic_box,1.998,2.409
1789278201,795717010,279.866,robot_1,2.000,2.449
1789278201,795786233,279.867,robot_2,1.860,-1.571
1789278201,795820762,279.867,robot_0,-0.017,-1.799
1789278201,795863080,279.867,robot_1_carried_generic_box,1.999,2.433
1789278202,4495992,280.075,robot_1,2.001,2.463
1789278202,4557576,280.075,robot_2,1.858,-1.560
1789278202,4591279,280.075,robot_0,-0.017,-1.799
1789278202,4635631,280.075,robot_1_carried_generic_box,1.999,2.438
1789278202,251613037,280.322,robot_1,2.003,2.478
1789278202,251678572,280.322,robot_2,1.857,-1.550
1789278202,251713538,280.322,robot_0,-0.017,-1.799
1789278202,251756974,280.323,robot_1_carried_generic_box,2.000,2.451
1789278202,460313578,280.531,robot_1,2.004,2.490
1789278202,460385350,280.531,robot_2,1.856,-1.542
1789278202,460420571,280.531,robot_0,-0.017,-1.799
1789278202,460464531,280.531,robot_1_carried_generic_box,2.002,2.466
1789278202,738561047,280.809,robot_1,2.006,2.505
1789278202,738639970,280.809,robot_2,1.854,-1.528
1789278202,738672531,280.809,robot_0,-0.017,-1.799
1789278202,738711850,280.809,robot_1_carried_generic_box,2.003,2.475
1789278202,944792721,281.016,robot_1,2.007,2.509
1789278202,944857128,281.016,robot_2,1.853,-1.520
1789278202,944893981,281.016,robot_0,-0.017,-1.799
1789278202,966164926,281.037,robot_1_carried_generic_box,2.005,2.495
1789278203,483685564,281.554,robot_1,2.007,2.509
1789278203,483757240,281.555,robot_2,1.852,-1.516
1789278203,483792300,281.555,robot_0,-0.017,-1.799
1789278203,483841322,281.555,robot_1_carried_generic_box,2.006,2.504
1789278203,483875769,281.555,robot_2_carried_generic_box,1.854,-1.530
1789278203,732132344,281.803,robot_1,2.007,2.513
1789278203,732207567,281.803,robot_2,1.850,-1.503
1789278203,732239589,281.803,robot_0,-0.017,-1.799
1789278203,732288174,281.803,robot_1_carried_generic_box,2.007,2.509
1789278203,732316981,281.803,robot_2_carried_generic_box,1.852,-1.516
1789278203,993906163,282.065,robot_1,2.009,2.523
1789278203,993984644,282.065,robot_2,1.848,-1.488
1789278203,994017943,282.065,robot_0,-0.017,-1.799
1789278203,994059547,282.065,robot_1_carried_generic_box,2.007,2.511
1789278203,994091270,282.065,robot_2_carried_generic_box,1.852,-1.514
1789278204,235701322,282.306,robot_1,2.012,2.540
1789278204,235767537,282.307,robot_2,1.846,-1.472
1789278204,235797033,282.307,robot_0,-0.017,-1.799
1789278204,235837785,282.307,robot_1_carried_generic_box,2.008,2.514
1789278204,235870508,282.307,robot_2_carried_generic_box,1.851,-1.506
1789278204,460094108,282.531,robot_1,2.015,2.555
1789278204,460189870,282.531,robot_2,1.844,-1.458
1789278204,460232287,282.531,robot_0,-0.017,-1.799
1789278204,460281214,282.531,robot_1_carried_generic_box,2.009,2.523
1789278204,460316880,282.531,robot_2_carried_generic_box,1.849,-1.491
1789278204,673962142,282.745,robot_1,2.017,2.570
1789278204,674032123,282.745,robot_2,1.842,-1.445
1789278204,674067653,282.745,robot_0,-0.017,-1.799
1789278204,674106882,282.745,robot_1_carried_generic_box,2.013,2.546
1789278204,674135071,282.745,robot_2_carried_generic_box,1.845,-1.470
1789278204,916386222,282.987,robot_1,2.021,2.588
1789278204,916448665,282.987,robot_2,1.839,-1.428
1789278204,916482437,282.987,robot_0,-0.017,-1.799
1789278204,916522514,282.987,robot_1_carried_generic_box,2.016,2.561
1789278204,916551131,282.987,robot_2_carried_generic_box,1.844,-1.458
1789278205,175539581,283.246,robot_1,2.022,2.595
1789278205,196006305,283.267,robot_2,1.838,-1.419
1789278205,196088905,283.267,robot_0,-0.017,-1.799
1789278205,196136517,283.267,robot_1_carried_generic_box,2.018,2.573
1789278205,196169726,283.267,robot_2_carried_generic_box,1.841,-1.439
1789278205,416137914,283.487,robot_1,2.024,2.607
1789278205,416202361,283.487,robot_2,1.836,-1.407
1789278205,416238675,283.487,robot_0,-0.017,-1.799
1789278205,416283562,283.487,robot_1_carried_generic_box,2.020,2.584
1789278205,416314991,283.487,robot_2_carried_generic_box,1.840,-1.434
1789278205,649226028,283.720,robot_1,2.026,2.619
1789278205,649292149,283.720,robot_2,1.834,-1.395
1789278205,649324689,283.720,robot_0,-0.017,-1.799
1789278205,649363915,283.720,robot_1_carried_generic_box,2.021,2.593
1789278205,649394740,283.720,robot_2_carried_generic_box,1.839,-1.425
1789278205,878969341,283.950,robot_1,2.029,2.634
1789278205,879045490,283.950,robot_2,1.832,-1.380
1789278205,879083443,283.950,robot_0,-0.017,-1.800
1789278205,879125146,283.950,robot_1_carried_generic_box,2.024,2.607
1789278205,879156443,283.950,robot_2_carried_generic_box,1.836,-1.407
1789278206,104958643,284.176,robot_1,2.031,2.646
1789278206,105074010,284.176,robot_2,1.830,-1.366
1789278206,105103599,284.176,robot_0,-0.015,-1.798
1789278206,105145943,284.176,robot_1_carried_generic_box,2.026,2.619
1789278206,105178515,284.176,robot_2_carried_generic_box,1.834,-1.392
1789278206,305149765,284.376,robot_1,2.033,2.655
1789278206,305221505,284.376,robot_2,1.828,-1.351
1789278206,305260412,284.376,robot_0,-0.011,-1.791
1789278206,305298951,284.376,robot_1_carried_generic_box,2.029,2.637
1789278206,305328889,284.376,robot_2_carried_generic_box,1.832,-1.377
1789278206,537727073,284.608,robot_1,2.035,2.666
1789278206,537819116,284.609,robot_2,1.826,-1.339
1789278206,537869323,284.609,robot_0,-0.005,-1.783
1789278206,537910700,284.609,robot_1_carried_generic_box,2.031,2.646
1789278206,537953099,284.609,robot_2_carried_generic_box,1.830,-1.368
1789278206,745852131,284.817,robot_1,2.037,2.680
1789278206,762387292,284.833,robot_2,1.824,-1.324
1789278206,762514937,284.833,robot_0,0.003,-1.770
1789278206,762562604,284.833,robot_1_carried_generic_box,2.034,2.660
1789278206,762597982,284.833,robot_2_carried_generic_box,1.828,-1.351
1789278206,946374206,285.017,robot_1,2.039,2.689
1789278206,946467011,285.017,robot_2,1.823,-1.318
1789278206,946516848,285.017,robot_0,0.008,-1.763
1789278206,946569636,285.017,robot_1_carried_generic_box,2.034,2.660
1789278206,946611625,285.017,robot_2_carried_generic_box,1.827,-1.345
1789278207,156115244,285.227,robot_1,2.041,2.701
1789278207,156202302,285.227,robot_2,1.822,-1.312
1789278207,156243174,285.227,robot_0,0.014,-1.752
1789278207,156287633,285.227,robot_1_carried_generic_box,2.037,2.677
1789278207,156323259,285.227,robot_2_carried_generic_box,1.824,-1.327
1789278207,377070819,285.448,robot_1,2.043,2.709
1789278207,377153064,285.448,robot_2,1.821,-1.310
1789278207,377197986,285.448,robot_0,0.018,-1.745
1789278207,377285452,285.448,robot_1_carried_generic_box,2.039,2.686
1789278207,377325565,285.448,robot_2_carried_generic_box,1.823,-1.318
1789278207,662431814,285.733,robot_1,2.046,2.723
1789278207,662514535,285.733,robot_2,1.821,-1.308
1789278207,662561739,285.733,robot_0,0.029,-1.726
1789278207,662609786,285.733,robot_1_carried_generic_box,2.041,2.698
1789278207,662648513,285.733,robot_2_carried_generic_box,1.822,-1.311
1789278207,887557731,285.958,robot_1,2.047,2.731
1789278207,887633838,285.958,robot_2,1.820,-1.304
1789278207,887677104,285.958,robot_0,0.035,-1.716
1789278207,887725681,285.958,robot_1_carried_generic_box,2.043,2.709
1789278207,887758104,285.959,robot_2_carried_generic_box,1.821,-1.310
1789278208,117465817,286.188,robot_1,2.050,2.742
1789278208,117537881,286.188,robot_2,1.819,-1.297
1789278208,117575586,286.188,robot_0,0.043,-1.701
1789278208,117615133,286.188,robot_1_carried_generic_box,2.046,2.722
1789278208,117644568,286.188,robot_2_carried_generic_box,1.821,-1.309
1789278208,390144464,286.461,robot_1,2.052,2.753
1789278208,390228171,286.461,robot_2,1.818,-1.293
1789278208,390266396,286.461,robot_0,0.048,-1.692
1789278208,390306353,286.461,robot_1_carried_generic_box,2.047,2.728
1789278208,390341460,286.461,robot_2_carried_generic_box,1.820,-1.304
1789278208,606537805,286.677,robot_1,2.056,2.770
1789278208,606608680,286.677,robot_2,1.815,-1.282
1789278208,606649458,286.677,robot_0,0.057,-1.676
1789278208,606693669,286.677,robot_1_carried_generic_box,2.051,2.747
1789278208,606725278,286.677,robot_2_carried_generic_box,1.819,-1.297
1789278208,831116235,286.902,robot_1,2.059,2.785
1789278208,831196243,286.906,robot_2,1.812,-1.269
1789278208,835264293,286.906,robot_0,0.064,-1.663
1789278208,835332353,286.906,robot_1_carried_generic_box,2.053,2.758
1789278208,835368579,286.906,robot_2_carried_generic_box,1.818,-1.293
1789278209,69499123,287.140,robot_1,2.062,2.799
1789278209,69579018,287.140,robot_2,1.810,-1.260
1789278209,69627004,287.140,robot_0,0.071,-1.649
1789278209,69682738,287.140,robot_1_carried_generic_box,2.055,2.767
1789278209,69728833,287.140,robot_2_carried_generic_box,1.814,-1.277
1789278209,292504367,287.363,robot_1,2.065,2.814
1789278209,292581601,287.363,robot_2,1.807,-1.251
1789278209,292621908,287.363,robot_0,0.078,-1.636
1789278209,292664082,287.363,robot_1_carried_generic_box,2.060,2.791
1789278209,292701233,287.363,robot_2_carried_generic_box,1.811,-1.265
1789278209,556150894,287.627,robot_1,2.069,2.829
1789278209,556225346,287.627,robot_2,1.804,-1.237
1789278209,556262335,287.627,robot_0,0.084,-1.625
1789278209,556298076,287.627,robot_1_carried_generic_box,2.063,2.805
1789278209,556328145,287.627,robot_2_carried_generic_box,1.810,-1.260
1789278209,795318839,287.866,robot_1,2.072,2.846
1789278209,795403320,287.866,robot_2,1.801,-1.226
1789278209,795448303,287.866,robot_0,0.088,-1.619
1789278209,795490254,287.866,robot_1_carried_generic_box,2.066,2.817
1789278209,795522626,287.866,robot_2_carried_generic_box,1.805,-1.242
1789278209,996733173,288.067,robot_1,2.074,2.855
1789278209,996817210,288.068,robot_2,1.799,-1.219
1789278209,996866145,288.068,robot_0,0.088,-1.619
1789278209,996911969,288.070,robot_1_carried_generic_box,2.069,2.832
1789278209,999689226,288.070,robot_2_carried_generic_box,1.803,-1.233
1789278210,236556179,288.307,robot_1,2.078,2.870
1789278210,236628169,288.307,robot_2,1.796,-1.209
1789278210,236662900,288.307,robot_0,0.089,-1.616
1789278210,236701026,288.307,robot_1_carried_generic_box,2.072,2.843
1789278210,236731373,288.307,robot_2_carried_generic_box,1.801,-1.228
1789278210,468842159,288.540,robot_1,2.080,2.881
1789278210,468927093,288.540,robot_2,1.793,-1.198
1789278210,468962060,288.540,robot_0,0.092,-1.611
1789278210,468997466,288.540,robot_1_carried_generic_box,2.075,2.858
1789278210,469030399,288.540,robot_2_carried_generic_box,1.797,-1.212
1789278210,710553474,288.781,robot_1,2.081,2.884
1789278210,710620857,288.781,robot_2,1.790,-1.187
1789278210,710665137,288.781,robot_0,0.093,-1.608
1789278210,710703359,288.781,robot_1_carried_generic_box,2.077,2.867
1789278210,710736549,288.781,robot_2_carried_generic_box,1.795,-1.205
1789278210,952527254,289.023,robot_1,2.083,2.893
1789278210,952613939,289.023,robot_2,1.784,-1.170
1789278210,952653589,289.023,robot_0,0.097,-1.599
1789278210,952692243,289.023,robot_1_carried_generic_box,2.080,2.879
1789278210,952724769,289.023,robot_2_carried_generic_box,1.792,-1.196
1789278211,183202394,289.254,robot_1,2.086,2.907
1789278211,183277817,289.254,robot_2,1.780,-1.157
1789278211,183318289,289.254,robot_0,0.101,-1.590
1789278211,183360662,289.254,robot_1_carried_generic_box,2.081,2.886
1789278211,183392219,289.254,robot_2_carried_generic_box,1.789,-1.184
1789278211,395865129,289.467,robot_1,2.090,2.921
1789278211,399183373,289.470,robot_2,1.777,-1.145
1789278211,399266896,289.470,robot_0,0.107,-1.577
1789278211,399308218,289.470,robot_1_carried_generic_box,2.083,2.895
1789278211,399339461,289.470,robot_2_carried_generic_box,1.785,-1.173
1789278211,603105328,289.674,robot_1,2.093,2.933
1789278211,603181924,289.674,robot_2,1.773,-1.134
1789278211,603218049,289.674,robot_0,0.111,-1.568
1789278211,603260987,289.674,robot_1_carried_generic_box,2.086,2.904
1789278211,603299523,289.674,robot_2_carried_generic_box,1.781,-1.159
1789278211,863996384,289.935,robot_1,2.097,2.949
1789278211,864073426,289.935,robot_2,1.768,-1.117
1789278211,864115215,289.935,robot_0,0.118,-1.551
1789278211,864151407,289.935,robot_1_carried_generic_box,2.089,2.918
1789278211,864183611,289.935,robot_2_carried_generic_box,1.775,-1.139
1789278212,125538725,290.196,robot_1,2.099,2.957
1789278212,125612163,290.196,robot_2,1.764,-1.103
1789278212,125649473,290.196,robot_0,0.126,-1.535
1789278212,125689006,290.196,robot_1_carried_generic_box,2.096,2.944
1789278212,125722612,290.196,robot_2_carried_generic_box,1.772,-1.128
1789278212,390023675,290.461,robot_1,2.101,2.964
1789278212,390104156,290.461,robot_2,1.759,-1.089
1789278212,390148510,290.461,robot_0,0.131,-1.521
1789278212,390192032,290.461,robot_1_carried_generic_box,2.098,2.953
1789278212,390229360,290.461,robot_2_carried_generic_box,1.763,-1.100
1789278212,639820675,290.711,robot_1,2.103,2.974
1789278212,639899808,290.711,robot_2,1.756,-1.077
1789278212,639956369,290.711,robot_0,0.134,-1.514
1789278212,640008819,290.711,robot_1_carried_generic_box,2.099,2.959
1789278212,640062812,290.711,robot_2_carried_generic_box,1.762,-1.097
1789278212,894734068,290.966,robot_1,2.106,2.983
1789278212,897541414,290.968,robot_2,1.753,-1.067
1789278212,897630034,290.968,robot_0,0.136,-1.511
1789278212,897672673,290.968,robot_1_carried_generic_box,2.099,2.959
1789278212,897706532,290.968,robot_2_carried_generic_box,1.760,-1.092
1789278213,126940208,291.198,robot_1,2.108,2.990
1789278213,127029819,291.198,robot_2,1.750,-1.058
1789278213,127076888,291.198,robot_0,0.140,-1.500
1789278213,127119053,291.198,robot_1_carried_generic_box,2.105,2.979
1789278213,127156578,291.198,robot_2_carried_generic_box,1.757,-1.080
1789278213,387729186,291.458,robot_1,2.108,2.991
1789278213,387800185,291.459,robot_2,1.746,-1.046
1789278213,387837982,291.459,robot_0,0.144,-1.491
1789278213,387876265,291.459,robot_1_carried_generic_box,2.107,2.987
1789278213,387909111,291.459,robot_2_carried_generic_box,1.751,-1.064
1789278213,616867592,291.688,robot_1,2.108,2.992
1789278213,616947197,291.688,robot_2,1.741,-1.032
1789278213,616996094,291.688,robot_0,0.149,-1.478
1789278213,617039556,291.688,robot_1_carried_generic_box,2.108,2.991
1789278213,617081960,291.688,robot_2_carried_generic_box,1.750,-1.058
1789278213,828756859,291.900,robot_1,2.109,2.995
1789278213,828828891,291.900,robot_2,1.739,-1.025
1789278213,828874620,291.900,robot_0,0.152,-1.472
1789278213,828911361,291.916,robot_1_carried_generic_box,2.108,2.991
1789278213,845499233,291.916,robot_2_carried_generic_box,1.747,-1.049
1789278214,32006426,292.103,robot_1,2.113,3.005
1789278214,32077771,292.103,robot_2,1.734,-1.011
1789278214,32117346,292.103,robot_0,0.155,-1.464
1789278214,32153149,292.103,robot_1_carried_generic_box,2.108,2.991
1789278214,32193074,292.103,robot_2_carried_generic_box,1.740,-1.029
1789278214,259647120,292.330,robot_1,2.116,3.014
1789278214,259716363,292.330,robot_2,1.729,-0.996
1789278214,259752337,292.330,robot_0,0.161,-1.447
1789278214,259789380,292.331,robot_1_carried_generic_box,2.109,2.995
1789278214,259825981,292.331,robot_2_carried_generic_box,1.740,-1.029
1789278214,475841607,292.547,robot_1,2.116,3.015
1789278214,475914870,292.561,robot_2,1.728,-0.992
1789278214,490294030,292.561,robot_0,0.165,-1.436
1789278214,490348318,292.561,robot_1_carried_generic_box,2.115,3.012
1789278214,490386884,292.561,robot_2_carried_generic_box,1.733,-1.006
1789278214,722185224,292.793,robot_1,2.118,3.019
1789278214,722268648,292.793,robot_2,1.726,-0.987
1789278214,722315437,292.793,robot_0,0.171,-1.422
1789278214,722359507,292.793,robot_1_carried_generic_box,2.116,3.013
1789278214,722392560,292.793,robot_2_carried_generic_box,1.730,-0.999
1789278214,962568377,293.033,robot_1,2.119,3.023
1789278214,962649638,293.033,robot_2,1.723,-0.976
1789278214,962695318,293.033,robot_0,0.176,-1.408
1789278214,962739935,293.033,robot_1_carried_generic_box,2.116,3.015
1789278214,962781046,293.034,robot_2_carried_generic_box,1.728,-0.992
1789278215,188440252,293.259,robot_1,2.120,3.026
1789278215,188512318,293.259,robot_2,1.720,-0.968
1789278215,188549472,293.259,robot_0,0.180,-1.397
1789278215,188588991,293.259,robot_1_carried_generic_box,2.117,3.018
1789278215,188621802,293.259,robot_2_carried_generic_box,1.727,-0.990
1789278215,392067283,293.463,robot_1,2.122,3.030
1789278215,392137976,293.463,robot_2,1.716,-0.957
1789278215,392173541,293.463,robot_0,0.185,-1.385
1789278215,401972640,293.473,robot_1_carried_generic_box,2.119,3.022
1789278215,402083411,293.473,robot_2_carried_generic_box,1.722,-0.975
1789278215,626513124,293.697,robot_1,2.123,3.031
1789278215,626594515,293.697,robot_2,1.711,-0.946
1789278215,626633154,293.697,robot_0,0.189,-1.374
1789278215,626670152,293.697,robot_1_carried_generic_box,2.120,3.024
1789278215,626701588,293.697,robot_2_carried_generic_box,1.722,-0.975
1789278215,866801117,293.938,robot_1,2.123,3.031
1789278215,866871601,293.938,robot_2,1.706,-0.932
1789278215,866908002,293.938,robot_0,0.194,-1.360
1789278215,880036489,293.951,robot_1_carried_generic_box,2.123,3.030
1789278215,880151866,293.951,robot_2_carried_generic_box,1.715,-0.955
1789278216,95966321,294.167,robot_1,2.123,3.031
1789278216,96039461,294.167,robot_2,1.701,-0.920
1789278216,96073013,294.167,robot_0,0.198,-1.350
1789278216,96110499,294.167,robot_1_carried_generic_box,2.123,3.031
1789278216,96139343,294.167,robot_2_carried_generic_box,1.711,-0.944
1789278216,356421636,294.427,robot_1,2.123,3.031
1789278216,356492114,294.427,robot_2,1.697,-0.907
1789278216,356529902,294.427,robot_0,0.201,-1.340
1789278216,356572210,294.427,robot_1_carried_generic_box,2.123,3.031
1789278216,356604237,294.427,robot_2_carried_generic_box,1.706,-0.932
1789278216,585270384,294.656,robot_1,2.123,3.031
1789278216,585336252,294.656,robot_2,1.691,-0.893
1789278216,585370630,294.656,robot_0,0.206,-1.327
1789278216,585407305,294.656,robot_1_carried_generic_box,2.123,3.031
1789278216,585436099,294.656,robot_2_carried_generic_box,1.699,-0.912
1789278216,831476136,294.902,robot_1,2.123,3.031
1789278216,831545208,294.902,robot_2,1.685,-0.877
1789278216,831599633,294.902,robot_0,0.211,-1.312
1789278216,831641980,294.902,robot_1_carried_generic_box,2.123,3.031
1789278216,831673529,294.902,robot_2_carried_generic_box,1.697,-0.907
1789278217,42516820,295.113,robot_1,2.123,3.031
1789278217,42581817,295.113,robot_2,1.682,-0.870
1789278217,42621220,295.113,robot_0,0.214,-1.304
1789278217,42663831,295.113,robot_1_carried_generic_box,2.123,3.031
1789278217,42697746,295.113,robot_2_carried_generic_box,1.691,-0.893
1789278217,249833992,295.321,robot_1,2.123,3.031
1789278217,249897836,295.321,robot_2,1.680,-0.865
1789278217,252196604,295.323,robot_0,0.218,-1.293
1789278217,252294631,295.323,robot_1_carried_generic_box,2.123,3.031
1789278217,252339030,295.323,robot_2_carried_generic_box,1.684,-0.875
1789278217,470401307,295.541,robot_1,2.123,3.031
1789278217,470465854,295.541,robot_2,1.677,-0.858
1789278217,470500877,295.541,robot_0,0.221,-1.285
1789278217,470547368,295.541,robot_1_carried_generic_box,2.123,3.031
1789278217,470579220,295.541,robot_2_carried_generic_box,1.682,-0.870
1789278217,725271120,295.796,robot_1,2.123,3.031
1789278217,725341398,295.796,robot_2,1.672,-0.844
1789278217,725383391,295.796,robot_0,0.225,-1.272
1789278217,725431736,295.796,robot_1_carried_generic_box,2.123,3.031
1789278217,725472235,295.796,robot_2_carried_generic_box,1.680,-0.864
1789278217,935675513,296.009,robot_1,2.123,3.031
1789278217,939386290,296.010,robot_2,1.667,-0.834
1789278217,939488851,296.010,robot_0,0.229,-1.261
1789278217,939544489,296.010,robot_1_carried_generic_box,2.123,3.031
1789278217,939585457,296.010,robot_2_carried_generic_box,1.676,-0.855
1789278218,148964874,296.220,robot_1,2.123,3.031
1789278218,149047198,296.220,robot_2,1.663,-0.823
1789278218,149087759,296.220,robot_0,0.233,-1.249
1789278218,149133004,296.220,robot_1_carried_generic_box,2.123,3.031
1789278218,149171465,296.220,robot_2_carried_generic_box,1.672,-0.844
1789278218,406202695,296.477,robot_1,2.123,3.031
1789278218,406282281,296.477,robot_2,1.656,-0.806
1789278218,406320381,296.477,robot_0,0.239,-1.232
1789278218,406363138,296.477,robot_1_carried_generic_box,2.123,3.031
1789278218,406397988,296.477,robot_2_carried_generic_box,1.672,-0.844
1789278218,656842772,296.728,robot_1,2.123,3.031
1789278218,657158935,296.728,robot_2,1.651,-0.794
1789278218,657231388,296.728,robot_0,0.244,-1.218
1789278218,657281946,296.728,robot_1_carried_generic_box,2.123,3.031
1789278218,657325018,296.728,robot_2_carried_generic_box,1.661,-0.817
1789278218,900872380,296.975,robot_1,2.123,3.031
1789278218,904834191,296.976,robot_2,1.648,-0.786
1789278218,904898091,296.976,robot_0,0.249,-1.201
1789278218,904947916,296.976,robot_1_carried_generic_box,2.123,3.031
1789278218,904978250,296.976,robot_2_carried_generic_box,1.651,-0.794
1789278219,199853534,297.271,robot_1,2.123,3.031
1789278219,200062475,297.271,robot_2,1.647,-0.785
1789278219,200109772,297.271,robot_0,0.253,-1.191
1789278219,200163024,297.271,robot_1_carried_generic_box,2.123,3.031
1789278219,200203629,297.271,robot_2_carried_generic_box,1.648,-0.787
1789278219,407721552,297.478,robot_1,2.124,3.030
1789278219,407795637,297.479,robot_2,1.646,-0.782
1789278219,407833852,297.479,robot_0,0.255,-1.184
1789278219,407874290,297.479,robot_1_carried_generic_box,2.123,3.031
1789278219,407908297,297.479,robot_2_carried_generic_box,1.647,-0.785
1789278219,636575586,297.707,robot_1,2.124,3.027
1789278219,636649784,297.707,robot_2,1.644,-0.777
1789278219,636687755,297.707,robot_0,0.257,-1.177
1789278219,636727029,297.707,robot_1_carried_generic_box,2.123,3.031
1789278219,636759120,297.708,robot_2_carried_generic_box,1.647,-0.785
1789278219,838070657,297.909,robot_1,2.124,3.022
1789278219,838149902,297.909,robot_2,1.640,-0.770
1789278219,838184944,297.909,robot_0,0.259,-1.173
1789278219,838226609,297.909,robot_1_carried_generic_box,2.123,3.031
1789278219,838263092,297.909,robot_2_carried_generic_box,1.647,-0.784
1789278220,94722014,298.165,robot_1,2.124,3.014
1789278220,94801272,298.166,robot_2,1.634,-0.757
1789278220,94835198,298.166,robot_0,0.260,-1.170
1789278220,94875972,298.166,robot_1_carried_generic_box,2.124,3.028
1789278220,94907490,298.166,robot_2_carried_generic_box,1.644,-0.779
1789278220,351379351,298.422,robot_1,2.124,3.013
1789278220,351448823,298.422,robot_2,1.631,-0.751
1789278220,351485910,298.422,robot_0,0.260,-1.170
1789278220,377346226,298.448,robot_1_carried_generic_box,2.124,3.014
1789278220,377585263,298.448,robot_2_carried_generic_box,1.639,-0.768
1789278220,581800582,298.653,robot_1,2.124,3.013
1789278220,581887271,298.653,robot_2,1.628,-0.746
1789278220,590691901,298.661,robot_0,0.260,-1.170
1789278220,590828089,298.662,robot_1_carried_generic_box,2.124,3.013
1789278220,590880239,298.662,robot_2_carried_generic_box,1.634,-0.757
1789278220,783568960,298.854,robot_1,2.125,3.013
1789278220,783647273,298.854,robot_2,1.623,-0.735
1789278220,783686705,298.854,robot_0,0.260,-1.170
1789278220,783737949,298.854,robot_1_carried_generic_box,2.124,3.013
1789278220,783779642,298.855,robot_2_carried_generic_box,1.631,-0.750
1789278221,38872220,299.110,robot_1,2.125,3.013
1789278221,38961899,299.110,robot_2,1.618,-0.726
1789278221,38997842,299.110,robot_0,0.260,-1.169
1789278221,39040395,299.110,robot_1_carried_generic_box,2.124,3.013
1789278221,39073759,299.110,robot_2_carried_generic_box,1.628,-0.746
1789278221,243461872,299.314,robot_1,2.125,3.013
1789278221,243536690,299.314,robot_2,1.615,-0.720
1789278221,243570901,299.314,robot_0,0.260,-1.167
1789278221,243615676,299.314,robot_1_carried_generic_box,2.125,3.013
1789278221,243646877,299.314,robot_2_carried_generic_box,1.624,-0.737
1789278221,463004059,299.534,robot_1,2.125,3.013
1789278221,463079423,299.548,robot_2,1.608,-0.708
1789278221,477308834,299.548,robot_0,0.262,-1.155
1789278221,477384851,299.548,robot_1_carried_generic_box,2.125,3.013
1789278221,477423204,299.548,robot_2_carried_generic_box,1.616,-0.722
1789278221,680449687,299.751,robot_1,2.125,3.013
1789278221,680520979,299.751,robot_2,1.601,-0.695
1789278221,680553473,299.751,robot_0,0.263,-1.141
1789278221,680595224,299.751,robot_1_carried_generic_box,2.125,3.013
1789278221,680630023,299.751,robot_2_carried_generic_box,1.611,-0.714
1789278221,988714576,300.059,robot_1,2.125,3.013
1789278221,988788868,300.060,robot_2,1.592,-0.679
1789278221,988826981,300.060,robot_0,0.264,-1.123
1789278221,988871654,300.060,robot_1_carried_generic_box,2.125,3.013
1789278221,988902534,300.060,robot_2_carried_generic_box,1.608,-0.708
1789278222,206501136,300.277,robot_1,2.125,3.013
1789278222,206579391,300.277,robot_2,1.586,-0.669
1789278222,206619467,300.277,robot_0,0.265,-1.111
1789278222,206659178,300.277,robot_1_carried_generic_box,2.125,3.013
1789278222,206690406,300.277,robot_2_carried_generic_box,1.596,-0.687
1789278222,416448992,300.487,robot_1,2.125,3.013
1789278222,416517065,300.487,robot_2,1.578,-0.656
1789278222,416552248,300.487,robot_0,0.265,-1.099
1789278222,416590131,300.487,robot_1_carried_generic_box,2.125,3.013
1789278222,416622992,300.487,robot_2_carried_generic_box,1.592,-0.679
1789278222,666844059,300.738,robot_1,2.125,3.013
1789278222,666925154,300.738,robot_2,1.571,-0.643
1789278222,666961395,300.738,robot_0,0.265,-1.085
1789278222,667013477,300.738,robot_1_carried_generic_box,2.125,3.013
1789278222,667048556,300.738,robot_2_carried_generic_box,1.584,-0.666
1789278222,959980737,301.031,robot_1,2.125,3.013
1789278222,960056383,301.031,robot_2,1.563,-0.630
1789278222,960088613,301.031,robot_0,0.265,-1.070
1789278222,960129982,301.031,robot_1_carried_generic_box,2.125,3.013
1789278222,960160549,301.031,robot_2_carried_generic_box,1.578,-0.656
1789278223,181590612,301.252,robot_1,2.126,3.013
1789278223,181666717,301.252,robot_2,1.554,-0.614
1789278223,181702250,301.252,robot_0,0.265,-1.054
1789278223,181750210,301.252,robot_1_carried_generic_box,2.125,3.013
1789278223,181792447,301.253,robot_2_carried_generic_box,1.572,-0.645
1789278223,413048992,301.484,robot_1,2.126,3.013
1789278223,413148378,301.484,robot_2,1.549,-0.606
1789278223,413183563,301.484,robot_0,0.265,-1.039
1789278223,413230653,301.484,robot_1_carried_generic_box,2.125,3.013
1789278223,413269088,301.484,robot_2_carried_generic_box,1.559,-0.622
1789278223,670606800,301.741,robot_1,2.126,3.013
1789278223,670674455,301.741,robot_2,1.547,-0.602
1789278223,688252588,301.759,robot_0,0.265,-1.025
1789278223,688350593,301.761,robot_1_carried_generic_box,2.126,3.013
1789278223,690719230,301.761,robot_2_carried_generic_box,1.554,-0.614
1789278223,876143525,301.947,robot_1,2.126,3.013
1789278223,876217408,301.947,robot_2,1.546,-0.600
1789278223,876251855,301.947,robot_0,0.265,-1.013
1789278223,876293634,301.947,robot_1_carried_generic_box,2.126,3.013
1789278223,876332516,301.947,robot_2_carried_generic_box,1.548,-0.603
1789278224,98490400,302.169,robot_1,2.126,3.013
1789278224,98574460,302.169,robot_2,1.542,-0.594
1789278224,98611618,302.169,robot_0,0.264,-0.998
1789278224,98666155,302.169,robot_1_carried_generic_box,2.126,3.013
1789278224,98710577,302.169,robot_2_carried_generic_box,1.547,-0.602
1789278224,301910341,302.376,robot_1,2.126,3.013
1789278224,305715474,302.376,robot_2,1.540,-0.591
1789278224,305765152,302.377,robot_0,0.264,-0.986
1789278224,305809290,302.377,robot_1_carried_generic_box,2.126,3.013
1789278224,305843440,302.377,robot_2_carried_generic_box,1.546,-0.599
1789278224,519357376,302.590,robot_1,2.126,3.013
1789278224,519432668,302.590,robot_2,1.536,-0.584
1789278224,519463811,302.590,robot_0,0.264,-0.974
1789278224,519505315,302.590,robot_1_carried_generic_box,2.126,3.013
1789278224,519543308,302.590,robot_2_carried_generic_box,1.546,-0.599
1789278224,738425563,302.809,robot_1,2.126,3.014
1789278224,738509639,302.809,robot_2,1.530,-0.575
1789278224,738545891,302.809,robot_0,0.264,-0.962
1789278224,738588708,302.809,robot_1_carried_generic_box,2.126,3.013
1789278224,742217835,302.813,robot_2_carried_generic_box,1.540,-0.591
1789278224,985246171,303.056,robot_1,2.126,3.014
1789278224,985322983,303.056,robot_2,1.522,-0.562
1789278224,985361178,303.056,robot_0,0.264,-0.951
1789278224,985402214,303.056,robot_1_carried_generic_box,2.126,3.013
1789278224,985434131,303.056,robot_2_carried_generic_box,1.536,-0.584
1789278225,198738546,303.269,robot_1,2.126,3.014
1789278225,198808069,303.270,robot_2,1.514,-0.550
1789278225,198835810,303.270,robot_0,0.263,-0.939
1789278225,198874530,303.270,robot_1_carried_generic_box,2.126,3.014
1789278225,198908362,303.270,robot_2_carried_generic_box,1.527,-0.570
1789278225,410255241,303.481,robot_1,2.126,3.014
1789278225,410327984,303.481,robot_2,1.506,-0.538
1789278225,410358457,303.481,robot_0,0.263,-0.926
1789278225,410397185,303.481,robot_1_carried_generic_box,2.126,3.014
1789278225,410426936,303.481,robot_2_carried_generic_box,1.517,-0.555
1789278225,632691653,303.703,robot_1,2.126,3.014
1789278225,632760729,303.704,robot_2,1.500,-0.530
1789278225,632795001,303.704,robot_0,0.263,-0.912
1789278225,632837528,303.704,robot_1_carried_generic_box,2.126,3.014
1789278225,632872378,303.704,robot_2_carried_generic_box,1.512,-0.547
1789278225,856950456,303.928,robot_1,2.126,3.014
1789278225,857070935,303.928,robot_2,1.492,-0.517
1789278225,857109617,303.928,robot_0,0.262,-0.899
1789278225,857160769,303.928,robot_1_carried_generic_box,2.126,3.014
1789278225,857200196,303.928,robot_2_carried_generic_box,1.508,-0.541
1789278226,81552374,304.152,robot_1,2.126,3.014
1789278226,81633085,304.152,robot_2,1.485,-0.507
1789278226,81670286,304.152,robot_0,0.262,-0.887
1789278226,81721065,304.152,robot_1_carried_generic_box,2.126,3.014
1789278226,81764354,304.153,robot_2_carried_generic_box,1.503,-0.534
1789278226,313747635,304.385,robot_1,2.126,3.014
1789278226,313821461,304.385,robot_2,1.477,-0.494
1789278226,313855929,304.385,robot_0,0.262,-0.872
1789278226,313892880,304.385,robot_1_carried_generic_box,2.126,3.014
1789278226,323367679,304.394,robot_2_carried_generic_box,1.490,-0.515
1789278226,528084489,304.599,robot_1,2.126,3.014
1789278226,528168074,304.599,robot_2,1.470,-0.484
1789278226,528200855,304.599,robot_0,0.261,-0.868
1789278226,528238926,304.599,robot_1_carried_generic_box,2.126,3.014
1789278226,528270542,304.599,robot_2_carried_generic_box,1.483,-0.503
1789278226,788712283,304.862,robot_1,2.126,3.014
1789278226,791200751,304.862,robot_2,1.463,-0.475
1789278226,791257727,304.862,robot_0,0.261,-0.867
1789278226,791300087,304.862,robot_1_carried_generic_box,2.126,3.014
1789278226,791479343,304.862,robot_2_carried_generic_box,1.478,-0.497
1789278227,48460380,305.119,robot_1,2.126,3.014
1789278227,63024433,305.134,robot_2,1.456,-0.464
1789278227,63094424,305.134,robot_0,0.261,-0.865
1789278227,63150830,305.134,robot_1_carried_generic_box,2.126,3.014
1789278227,63189828,305.134,robot_2_carried_generic_box,1.468,-0.482
1789278227,263569791,305.334,robot_1,2.124,3.015
1789278227,263644033,305.334,robot_2,1.450,-0.455
1789278227,263674657,305.334,robot_0,0.261,-0.865
1789278227,263713403,305.334,robot_1_carried_generic_box,2.126,3.014
1789278227,263742296,305.334,robot_2_carried_generic_box,1.461,-0.472
1789278227,478586704,305.549,robot_1,2.116,3.016
1789278227,478658560,305.549,robot_2,1.442,-0.443
1789278227,478690184,305.549,robot_0,0.261,-0.862
1789278227,478732554,305.549,robot_1_carried_generic_box,2.126,3.014
1789278227,480317506,305.551,robot_2_carried_generic_box,1.461,-0.472
1789278227,737406008,305.808,robot_1,2.101,3.019
1789278227,737480685,305.808,robot_2,1.432,-0.428
1789278227,737515109,305.808,robot_0,0.260,-0.852
1789278227,737558580,305.808,robot_1_carried_generic_box,2.122,3.015
1789278227,737592756,305.808,robot_2_carried_generic_box,1.445,-0.448
1789278227,979794722,306.051,robot_1,2.088,3.020
1789278227,979865950,306.051,robot_2,1.423,-0.416
1789278227,979898415,306.051,robot_0,0.258,-0.834
1789278227,979949875,306.051,robot_1_carried_generic_box,2.111,3.017
1789278227,979984980,306.051,robot_2_carried_generic_box,1.440,-0.441
1789278228,205839278,306.277,robot_1,2.075,3.022
1789278228,205912674,306.277,robot_2,1.415,-0.404
1789278228,205955970,306.277,robot_0,0.256,-0.819
1789278228,206007489,306.277,robot_1_carried_generic_box,2.097,3.019
1789278228,206049316,306.277,robot_2_carried_generic_box,1.433,-0.431
1789278228,412361672,306.483,robot_1,2.070,3.022
1789278228,412443152,306.483,robot_2,1.409,-0.396
1789278228,412479989,306.483,robot_0,0.254,-0.809
1789278228,412524504,306.483,robot_1_carried_generic_box,2.085,3.021
1789278228,412568569,306.483,robot_2_carried_generic_box,1.422,-0.414
1789278228,654400033,306.725,robot_1,2.064,3.023
1789278228,654481938,306.725,robot_2,1.400,-0.383
1789278228,654520419,306.725,robot_0,0.252,-0.792
1789278228,654573551,306.725,robot_1_carried_generic_box,2.080,3.021
1789278228,669954285,306.741,robot_2_carried_generic_box,1.415,-0.404
1789278228,872812562,306.944,robot_1,2.056,3.024
1789278228,872889884,306.944,robot_2,1.393,-0.373
1789278228,899938787,306.971,robot_0,0.251,-0.785
1789278228,900059055,306.971,robot_1_carried_generic_box,2.072,3.022
1789278228,900104853,306.971,robot_2_carried_generic_box,1.408,-0.394
1789278229,104647092,307.175,robot_1,2.044,3.025
1789278229,104724549,307.175,robot_2,1.387,-0.363
1789278229,104759564,307.176,robot_0,0.250,-0.780
1789278229,104806369,307.176,robot_1_carried_generic_box,2.064,3.023
1789278229,104845585,307.176,robot_2_carried_generic_box,1.405,-0.390
1789278229,312390282,307.386,robot_1,2.036,3.026
1789278229,315049406,307.386,robot_2,1.383,-0.358
1789278229,315108081,307.386,robot_0,0.249,-0.774
1789278229,315154575,307.386,robot_1_carried_generic_box,2.064,3.023
1789278229,315194312,307.386,robot_2_carried_generic_box,1.397,-0.378
1789278229,520127387,307.591,robot_1,2.030,3.026
1789278229,520392785,307.591,robot_2,1.379,-0.352
1789278229,520455158,307.591,robot_0,0.248,-0.766
1789278229,520508444,307.591,robot_1_carried_generic_box,2.053,3.024
1789278229,520544630,307.591,robot_2_carried_generic_box,1.392,-0.371
1789278229,774428869,307.845,robot_1,2.021,3.027
1789278229,774496158,307.845,robot_2,1.368,-0.337
1789278229,774529053,307.845,robot_0,0.245,-0.748
1789278229,774573066,307.845,robot_1_carried_generic_box,2.033,3.026
1789278229,774610337,307.845,robot_2_carried_generic_box,1.387,-0.363
1789278230,26147838,308.097,robot_1,2.006,3.029
1789278230,26231823,308.097,robot_2,1.359,-0.324
1789278230,26270989,308.097,robot_0,0.243,-0.730
1789278230,26318381,308.097,robot_1_carried_generic_box,2.027,3.027
1789278230,46033806,308.117,robot_2_carried_generic_box,1.375,-0.347
1789278230,296230732,308.367,robot_1,1.992,3.031
1789278230,296318533,308.367,robot_2,1.351,-0.313
1789278230,296355423,308.367,robot_0,0.240,-0.716
1789278230,296401520,308.367,robot_1_carried_generic_box,2.021,3.027
1789278230,296437112,308.367,robot_2_carried_generic_box,1.368,-0.337
1789278230,558972955,308.630,robot_1,1.977,3.032
1789278230,559084960,308.630,robot_2,1.344,-0.303
1789278230,559132178,308.630,robot_0,0.238,-0.703
1789278230,559182624,308.630,robot_1_carried_generic_box,1.997,3.030
1789278230,559226830,308.630,robot_2_carried_generic_box,1.356,-0.321
1789278230,795518405,308.866,robot_1,1.959,3.035
1789278230,795635213,308.866,robot_2,1.340,-0.297
1789278230,795683919,308.868,robot_0,0.235,-0.685
1789278230,797363482,308.868,robot_1_carried_generic_box,1.983,3.032
1789278230,797413784,308.868,robot_2_carried_generic_box,1.351,-0.313
1789278231,14694286,309.085,robot_1,1.948,3.036
1789278231,14766743,309.086,robot_2,1.339,-0.297
1789278231,14811328,309.086,robot_0,0.233,-0.673
1789278231,32105172,309.103,robot_1_carried_generic_box,1.971,3.033
1789278231,35311999,309.106,robot_2_carried_generic_box,1.342,-0.300
1789278231,232313015,309.303,robot_1,1.942,3.037
1789278231,232619243,309.303,robot_2,1.338,-0.295
1789278231,232672130,309.303,robot_0,0.232,-0.664
1789278231,232716872,309.303,robot_1_carried_generic_box,1.962,3.034
1789278231,232751655,309.304,robot_2_carried_generic_box,1.342,-0.300
1789278231,485471028,309.556,robot_1,1.930,3.038
1789278231,485547880,309.556,robot_2,1.337,-0.294
1789278231,485586001,309.556,robot_0,0.230,-0.650
1789278231,485624885,309.556,robot_1_carried_generic_box,1.946,3.036
1789278231,485658318,309.556,robot_2_carried_generic_box,1.339,-0.296
1789278231,690865560,309.770,robot_1,1.918,3.040
1789278231,699071948,309.770,robot_2,1.335,-0.291
1789278231,699127543,309.770,robot_0,0.228,-0.639
1789278231,699169972,309.770,robot_1_carried_generic_box,1.941,3.037
1789278231,699209969,309.770,robot_2_carried_generic_box,1.338,-0.294
1789278231,909627350,309.980,robot_1,1.904,3.042
1789278231,909699364,309.980,robot_2,1.332,-0.287
1789278231,909736056,309.980,robot_0,0.226,-0.626
1789278231,909774956,309.981,robot_1_carried_generic_box,1.935,3.038
1789278231,909809596,309.981,robot_2_carried_generic_box,1.337,-0.294
1789278232,133587292,310.204,robot_1,1.896,3.043
1789278232,133707031,310.204,robot_2,1.332,-0.287
1789278232,133756496,310.205,robot_0,0.225,-0.620
1789278232,133805658,310.205,robot_1_carried_generic_box,1.918,3.040
1789278232,133847621,310.205,robot_2_carried_generic_box,1.334,-0.289
1789278232,342583603,310.413,robot_1,1.892,3.043
1789278232,342669106,310.413,robot_2,1.330,-0.285
1789278232,342713386,310.413,robot_0,0.223,-0.612
1789278232,342751023,310.413,robot_1_carried_generic_box,1.904,3.042
1789278232,342783172,310.414,robot_2_carried_generic_box,1.332,-0.288
1789278232,548373708,310.619,robot_1,1.889,3.044
1789278232,549297272,310.620,robot_2,1.325,-0.279
1789278232,549394393,310.620,robot_0,0.222,-0.603
1789278232,549442724,310.620,robot_1_carried_generic_box,1.896,3.043
1789278232,549486484,310.620,robot_2_carried_generic_box,1.332,-0.287
1789278232,773340668,310.844,robot_1,1.882,3.045
1789278232,773419764,310.844,robot_2,1.315,-0.268
1789278232,773457895,310.844,robot_0,0.221,-0.600
1789278232,773498231,310.844,robot_1_carried_generic_box,1.892,3.043
1789278232,773537513,310.844,robot_2_carried_generic_box,1.329,-0.283
1789278232,997825898,311.069,robot_1,1.876,3.046
1789278232,997897493,311.069,robot_2,1.305,-0.258
1789278233,1050382,311.075,robot_0,0.220,-0.594
1789278233,11315634,311.083,robot_1_carried_generic_box,1.887,3.044
1789278233,14421414,311.085,robot_2_carried_generic_box,1.325,-0.279
1789278233,251463146,311.322,robot_1,1.858,3.049
1789278233,263902403,311.338,robot_2,1.288,-0.240
1789278233,266882409,311.338,robot_0,0.215,-0.573
1789278233,266951732,311.338,robot_1_carried_generic_box,1.879,3.045
1789278233,266999455,311.338,robot_2_carried_generic_box,1.309,-0.262
1789278233,459544094,311.530,robot_1,1.851,3.050
1789278233,465260400,311.536,robot_2,1.280,-0.232
1789278233,465334757,311.536,robot_0,0.213,-0.562
1789278233,465378188,311.536,robot_1_carried_generic_box,1.864,3.048
1789278233,465410487,311.536,robot_2_carried_generic_box,1.293,-0.244
1789278233,727640606,311.798,robot_1,1.837,3.053
1789278233,727710703,311.798,robot_2,1.272,-0.223
1789278233,727746805,311.798,robot_0,0.209,-0.544
1789278233,727782900,311.799,robot_1_carried_generic_box,1.856,3.049
1789278233,727815276,311.799,robot_2_carried_generic_box,1.282,-0.234
1789278233,968586233,312.039,robot_1,1.832,3.054
1789278233,968663655,312.039,robot_2,1.267,-0.218
1789278233,968707002,312.039,robot_0,0.206,-0.531
1789278233,968742353,312.039,robot_1_carried_generic_box,1.846,3.051
1789278233,968772180,312.040,robot_2_carried_generic_box,1.279,-0.230
1789278234,231584699,312.302,robot_1,1.832,3.054
1789278234,231657623,312.302,robot_2,1.258,-0.208
1789278234,231697644,312.302,robot_0,0.204,-0.521
1789278234,231743875,312.302,robot_1_carried_generic_box,1.837,3.053
1789278234,231782830,312.303,robot_2_carried_generic_box,1.271,-0.222
1789278234,441023595,312.512,robot_1,1.832,3.054
1789278234,447931322,312.519,robot_2,1.250,-0.200
1789278234,448066570,312.519,robot_0,0.201,-0.509
1789278234,448111485,312.519,robot_1_carried_generic_box,1.832,3.054
1789278234,448150498,312.519,robot_2_carried_generic_box,1.266,-0.216
1789278234,656143963,312.727,robot_1,1.831,3.054
1789278234,656220003,312.727,robot_2,1.242,-0.192
1789278234,656257583,312.727,robot_0,0.199,-0.497
1789278234,656295734,312.727,robot_1_carried_generic_box,1.832,3.054
1789278234,656328007,312.727,robot_2_carried_generic_box,1.266,-0.216
1789278234,905293040,312.976,robot_1,1.824,3.056
1789278234,905369316,312.976,robot_2,1.229,-0.179
1789278234,905412142,312.976,robot_0,0.194,-0.477
1789278234,905453161,312.976,robot_1_carried_generic_box,1.832,3.054
1789278234,905492968,312.976,robot_2_carried_generic_box,1.244,-0.195
1789278235,134387124,313.205,robot_1,1.811,3.060
1789278235,134473053,313.205,robot_2,1.225,-0.175
1789278235,134512082,313.205,robot_0,0.191,-0.463
1789278235,134551733,313.205,robot_1_carried_generic_box,1.829,3.054
1789278235,134592621,313.205,robot_2_carried_generic_box,1.234,-0.184
1789278235,358758276,313.430,robot_1,1.797,3.064
1789278235,358821032,313.430,robot_2,1.220,-0.170
1789278235,381758728,313.453,robot_0,0.188,-0.452
1789278235,381862630,313.453,robot_1_carried_generic_box,1.819,3.057
1789278235,381904699,313.453,robot_2_carried_generic_box,1.226,-0.176
1789278235,576487638,313.647,robot_1,1.792,3.066
1789278235,576561958,313.647,robot_2,1.217,-0.167
1789278235,576598369,313.647,robot_0,0.186,-0.442
1789278235,576632609,313.647,robot_1_carried_generic_box,1.814,3.059
1789278235,576666502,313.647,robot_2_carried_generic_box,1.224,-0.174
1789278235,805895423,313.877,robot_1,1.791,3.066
1789278235,822393927,313.893,robot_2,1.210,-0.160
1789278235,822471527,313.893,robot_0,0.184,-0.433
1789278235,822526206,313.893,robot_1_carried_generic_box,1.796,3.065
1789278235,822564800,313.893,robot_2_carried_generic_box,1.221,-0.171
1789278236,15765362,314.087,robot_1,1.789,3.067
1789278236,15835368,314.087,robot_2,1.204,-0.155
1789278236,15874522,314.087,robot_0,0.183,-0.431
1789278236,15913207,314.087,robot_1_carried_generic_box,1.792,3.066
1789278236,15954969,314.087,robot_2_carried_generic_box,1.214,-0.164
1789278236,221312789,314.292,robot_1,1.782,3.070
1789278236,221389775,314.292,robot_2,1.203,-0.154
1789278236,221427928,314.292,robot_0,0.183,-0.431
1789278236,221465680,314.292,robot_1_carried_generic_box,1.791,3.066
1789278236,221501834,314.292,robot_2_carried_generic_box,1.214,-0.164
1789278236,421904507,314.506,robot_1,1.774,3.074
1789278236,435440422,314.506,robot_2,1.202,-0.153
1789278236,435501704,314.506,robot_0,0.182,-0.428
1789278236,435541868,314.506,robot_1_carried_generic_box,1.787,3.068
1789278236,435581403,314.506,robot_2_carried_generic_box,1.206,-0.156
1789278236,658895093,314.730,robot_1,1.770,3.076
1789278236,658985325,314.730,robot_2,1.199,-0.150
1789278236,659026356,314.730,robot_0,0.180,-0.421
1789278236,664620173,314.737,robot_1_carried_generic_box,1.787,3.068
1789278236,666550007,314.737,robot_2_carried_generic_box,1.203,-0.154
1789278236,895681438,314.966,robot_1,1.769,3.076
1789278236,895761660,314.967,robot_2,1.196,-0.148
1789278236,895801946,314.967,robot_0,0.176,-0.407
1789278236,895839066,314.967,robot_1_carried_generic_box,1.773,3.074
1789278236,895872460,314.967,robot_2_carried_generic_box,1.202,-0.153
1789278237,96127735,315.167,robot_1,1.769,3.076
1789278237,96203531,315.167,robot_2,1.196,-0.148
1789278237,96249458,315.167,robot_0,0.174,-0.401
1789278237,96290595,315.167,robot_1_carried_generic_box,1.769,3.076
1789278237,96327727,315.167,robot_2_carried_generic_box,1.197,-0.149
1789278237,348014229,315.419,robot_1,1.769,3.076
1789278237,348096224,315.419,robot_2,1.196,-0.148
1789278237,348143900,315.419,robot_0,0.171,-0.392
1789278237,348189129,315.419,robot_1_carried_generic_box,1.769,3.076
1789278237,348231533,315.419,robot_2_carried_generic_box,1.196,-0.148
1789278237,560275946,315.631,robot_1,1.769,3.076
1789278237,579339121,315.650,robot_2,1.196,-0.148
1789278237,579430412,315.650,robot_0,0.166,-0.378
1789278237,579476205,315.650,robot_1_carried_generic_box,1.769,3.076
1789278237,579510818,315.650,robot_2_carried_generic_box,1.196,-0.148
1789278237,794525492,315.865,robot_1,1.769,3.076
1789278237,794598186,315.892,robot_2,1.194,-0.146
1789278237,821475219,315.892,robot_0,0.161,-0.364
1789278237,821534115,315.892,robot_1_carried_generic_box,1.769,3.076
1789278237,821572391,315.892,robot_2_carried_generic_box,1.196,-0.148
1789278238,56850475,316.128,robot_1,1.769,3.076
1789278238,80273559,316.151,robot_2,1.187,-0.142
1789278238,80410375,316.151,robot_0,0.155,-0.350
1789278238,80472921,316.151,robot_1_carried_generic_box,1.769,3.076
1789278238,80521098,316.151,robot_2_carried_generic_box,1.196,-0.147
1789278238,333998582,316.405,robot_1,1.769,3.076
1789278238,334077472,316.405,robot_2,1.179,-0.138
1789278238,334112490,316.405,robot_0,0.150,-0.336
1789278238,334155064,316.405,robot_1_carried_generic_box,1.769,3.076
1789278238,334188815,316.405,robot_2_carried_generic_box,1.194,-0.146
1789278238,598011260,316.669,robot_1,1.769,3.076
1789278238,598090845,316.669,robot_2,1.176,-0.136
1789278238,598131931,316.669,robot_0,0.145,-0.322
1789278238,598179279,316.669,robot_1_carried_generic_box,1.769,3.076
1789278238,598214250,316.669,robot_2_carried_generic_box,1.189,-0.143
1789278238,887012678,316.958,robot_1,1.769,3.076
1789278238,887096182,316.958,robot_2,1.171,-0.134
1789278238,887136208,316.958,robot_0,0.139,-0.308
1789278238,887175689,316.958,robot_1_carried_generic_box,1.769,3.076
1789278238,887209255,316.958,robot_2_carried_generic_box,1.180,-0.138
1789278239,118171946,317.191,robot_1,1.769,3.076
1789278239,119912477,317.191,robot_2,1.165,-0.131
1789278239,119974810,317.191,robot_0,0.134,-0.295
1789278239,120028297,317.191,robot_1_carried_generic_box,1.769,3.076
1789278239,120072533,317.191,robot_2_carried_generic_box,1.176,-0.136
1789278239,366771025,317.438,robot_1,1.769,3.076
1789278239,366847381,317.438,robot_2,1.165,-0.131
1789278239,366890408,317.438,robot_0,0.131,-0.287
1789278239,380524245,317.451,robot_1_carried_generic_box,1.769,3.076
1789278239,380624475,317.451,robot_2_carried_generic_box,1.171,-0.134
1789278239,628100669,317.699,robot_1,1.769,3.076
1789278239,628172122,317.699,robot_2,1.165,-0.130
1789278239,628211309,317.699,robot_0,0.131,-0.286
1789278239,628255557,317.699,robot_1_carried_generic_box,1.769,3.076
1789278239,628290512,317.699,robot_2_carried_generic_box,1.165,-0.131
1789278239,868220834,317.939,robot_1,1.769,3.076
1789278239,870244881,317.941,robot_2,1.165,-0.130
1789278239,870320566,317.941,robot_0,0.130,-0.284
1789278239,870369371,317.941,robot_1_carried_generic_box,1.769,3.076
1789278239,870407925,317.941,robot_2_carried_generic_box,1.165,-0.131
1789278240,72411976,318.143,robot_1,1.769,3.076
1789278240,72492834,318.143,robot_2,1.165,-0.130
1789278240,72527891,318.143,robot_0,0.126,-0.274
1789278240,72565983,318.143,robot_1_carried_generic_box,1.769,3.076
1789278240,72600712,318.143,robot_2_carried_generic_box,1.165,-0.130
1789278240,314036858,318.385,robot_1,1.769,3.076
1789278240,314113239,318.385,robot_2,1.165,-0.130
1789278240,345598180,318.416,robot_0,0.120,-0.261
1789278240,345691293,318.416,robot_1_carried_generic_box,1.769,3.076
1789278240,345731371,318.416,robot_2_carried_generic_box,1.165,-0.130
1789278240,566428619,318.637,robot_1,1.771,3.076
1789278240,566496288,318.637,robot_2,1.165,-0.130
1789278240,566538494,318.637,robot_0,0.113,-0.247
1789278240,566585512,318.637,robot_1_carried_generic_box,1.769,3.076
1789278240,566623625,318.637,robot_2_carried_generic_box,1.165,-0.130
1789278240,780263189,318.851,robot_1,1.779,3.076
1789278240,780341151,318.851,robot_2,1.165,-0.130
1789278240,780386960,318.851,robot_0,0.107,-0.234
1789278240,780437578,318.851,robot_1_carried_generic_box,1.769,3.076
1789278240,780478987,318.851,robot_2_carried_generic_box,1.165,-0.130
1789278241,29796918,319.101,robot_1,1.785,3.076
1789278241,29882015,319.101,robot_2,1.165,-0.130
1789278241,30289024,319.101,robot_0,0.104,-0.228
1789278241,30366017,319.101,robot_1_carried_generic_box,1.772,3.076
1789278241,30408110,319.101,robot_2_carried_generic_box,1.165,-0.130
1789278241,244634785,319.315,robot_1,1.793,3.076
1789278241,244704101,319.315,robot_2,1.165,-0.130
1789278241,244743046,319.315,robot_0,0.099,-0.215
1789278241,244792051,319.316,robot_1_carried_generic_box,1.777,3.076
1789278241,244821464,319.335,robot_2_carried_generic_box,1.165,-0.130
1789278241,448708114,319.519,robot_1,1.795,3.075
1789278241,448775174,319.520,robot_2,1.165,-0.130
1789278241,448812560,319.520,robot_0,0.093,-0.203
1789278241,448850237,319.520,robot_1_carried_generic_box,1.790,3.076
1789278241,448884886,319.520,robot_2_carried_generic_box,1.165,-0.130
1789278241,657025026,319.728,robot_1,1.795,3.075
1789278241,657093611,319.728,robot_2,1.165,-0.130
1789278241,657130074,319.728,robot_0,0.090,-0.197
1789278241,657169477,319.728,robot_1_carried_generic_box,1.790,3.076
1789278241,657198214,319.728,robot_2_carried_generic_box,1.165,-0.130
1789278241,881171265,319.952,robot_1,1.795,3.075
1789278241,881259648,319.952,robot_2,1.165,-0.130
1789278241,881307643,319.952,robot_0,0.085,-0.186
1789278241,881356596,319.952,robot_1_carried_generic_box,1.795,3.075
1789278241,881391320,319.952,robot_2_carried_generic_box,1.165,-0.130
1789278242,158106930,320.229,robot_1,1.795,3.076
1789278242,158186357,320.229,robot_2,1.165,-0.130
1789278242,158230894,320.229,robot_0,0.077,-0.169
1789278242,158284606,320.229,robot_1_carried_generic_box,1.795,3.075
1789278242,158326208,320.229,robot_2_carried_generic_box,1.165,-0.130
1789278242,372644811,320.443,robot_1,1.795,3.076
1789278242,372717901,320.443,robot_2,1.165,-0.130
1789278242,372757868,320.444,robot_0,0.068,-0.150
1789278242,372802858,320.444,robot_1_carried_generic_box,1.795,3.075
1789278242,372842146,320.444,robot_2_carried_generic_box,1.165,-0.130
1789278242,574671378,320.645,robot_1,1.794,3.076
1789278242,574745448,320.645,robot_2,1.165,-0.129
1789278242,574789956,320.646,robot_0,0.061,-0.136
1789278242,574832110,320.646,robot_1_carried_generic_box,1.795,3.076
1789278242,574864052,320.646,robot_2_carried_generic_box,1.165,-0.130
1789278242,800184464,320.871,robot_1,1.794,3.076
1789278242,800261939,320.871,robot_2,1.165,-0.129
1789278242,800303042,320.871,robot_0,0.056,-0.126
1789278242,800344750,320.871,robot_1_carried_generic_box,1.795,3.076
1789278242,800374936,320.871,robot_2_carried_generic_box,1.165,-0.129
1789278243,47445074,321.118,robot_1,1.794,3.076
1789278243,47535587,321.118,robot_2,1.165,-0.129
1789278243,47581138,321.118,robot_0,0.054,-0.121
1789278243,47629918,321.119,robot_1_carried_generic_box,1.794,3.076
1789278243,47822757,321.119,robot_2_carried_generic_box,1.165,-0.129
1789278243,284533144,321.355,robot_1,1.794,3.076
1789278243,284603313,321.355,robot_2,1.170,-0.127
1789278243,284642166,321.355,robot_0,0.050,-0.114
1789278243,284682893,321.355,robot_1_carried_generic_box,1.794,3.076
1789278243,284715154,321.355,robot_2_carried_generic_box,1.165,-0.129
1789278243,572682447,321.643,robot_1,1.789,3.074
1789278243,572765796,321.644,robot_2,1.181,-0.122
1789278243,572804479,321.644,robot_0,0.043,-0.099
1789278243,572848862,321.644,robot_1_carried_generic_box,1.794,3.076
1789278243,572887997,321.644,robot_2_carried_generic_box,1.165,-0.129
1789278243,804975087,321.876,robot_1,1.787,3.073
1789278243,805047481,321.876,robot_2,1.187,-0.119
1789278243,805084307,321.876,robot_0,0.038,-0.088
1789278243,805122832,321.876,robot_1_carried_generic_box,1.792,3.075
1789278243,805152123,321.876,robot_2_carried_generic_box,1.175,-0.124
1789278244,32707234,322.103,robot_1,1.781,3.070
1789278244,32792419,322.104,robot_2,1.188,-0.118
1789278244,32831941,322.104,robot_0,0.032,-0.077
1789278244,32872787,322.104,robot_1_carried_generic_box,1.789,3.074
1789278244,32907209,322.104,robot_2_carried_generic_box,1.181,-0.122
1789278244,253078616,322.324,robot_1,1.770,3.064
1789278244,253149167,322.324,robot_2,1.188,-0.118
1789278244,253187968,322.324,robot_0,0.029,-0.071
1789278244,253229011,322.324,robot_1_carried_generic_box,1.787,3.073
1789278244,253264526,322.324,robot_2_carried_generic_box,1.186,-0.119
1789278244,454707007,322.525,robot_1,1.758,3.058
1789278244,454774491,322.526,robot_2,1.188,-0.118
1789278244,454817359,322.526,robot_0,0.023,-0.060
1789278244,454861007,322.526,robot_1_carried_generic_box,1.775,3.067
1789278244,454891435,322.526,robot_2_carried_generic_box,1.188,-0.118
1789278244,703840726,322.775,robot_1,1.746,3.050
1789278244,703929460,322.775,robot_2,1.188,-0.118
1789278244,703979786,322.775,robot_0,0.018,-0.050
1789278244,704030389,322.775,robot_1_carried_generic_box,1.770,3.064
1789278244,704074299,322.775,robot_2_carried_generic_box,1.188,-0.118
1789278244,915625988,322.986,robot_1,1.739,3.046
1789278244,915699437,322.986,robot_2,1.188,-0.118
1789278244,915734108,322.986,robot_0,0.013,-0.041
1789278244,915773264,322.987,robot_1_carried_generic_box,1.762,3.060
1789278244,915807565,322.987,robot_2_carried_generic_box,1.188,-0.118
1789278245,131263474,323.202,robot_1,1.732,3.042
1789278245,162349444,323.233,robot_2,1.188,-0.118
1789278245,162447885,323.233,robot_0,0.006,-0.027
1789278245,162507772,323.233,robot_1_carried_generic_box,1.751,3.053
1789278245,162556131,323.233,robot_2_carried_generic_box,1.188,-0.118
1789278245,377693607,323.448,robot_1,1.722,3.036
1789278245,377772996,323.449,robot_2,1.188,-0.118
1789278245,377814982,323.449,robot_0,0.001,-0.019
1789278245,377861629,323.449,robot_1_carried_generic_box,1.739,3.046
1789278245,378225812,323.449,robot_2_carried_generic_box,1.188,-0.118
1789278245,643414223,323.714,robot_1,1.713,3.030
1789278245,643486644,323.714,robot_2,1.188,-0.118
1789278245,643529177,323.714,robot_0,-0.004,-0.011
1789278245,643572483,323.714,robot_1_carried_generic_box,1.732,3.042
1789278245,643606358,323.714,robot_2_carried_generic_box,1.188,-0.118
1789278245,927228139,323.998,robot_1,1.695,3.020
1789278245,927311294,323.998,robot_2,1.188,-0.118
1789278245,927350396,323.998,robot_0,-0.009,-0.002
1789278245,927388955,323.998,robot_1_carried_generic_box,1.720,3.035
1789278245,927419832,323.998,robot_2_carried_generic_box,1.188,-0.118
1789278246,124328793,324.195,robot_1,1.688,3.016
1789278246,124407974,324.195,robot_2,1.188,-0.119
1789278246,124452428,324.195,robot_0,-0.014,0.008
1789278246,124493117,324.195,robot_1_carried_generic_box,1.705,3.026
1789278246,124522295,324.195,robot_2_carried_generic_box,1.188,-0.118
1789278246,356854032,324.428,robot_1,1.684,3.013
1789278246,356960954,324.428,robot_2,1.188,-0.119
1789278246,357007054,324.428,robot_0,-0.022,0.021
1789278246,357049277,324.428,robot_1_carried_generic_box,1.693,3.019
1789278246,357084378,324.428,robot_2_carried_generic_box,1.188,-0.118
1789278246,552692842,324.623,robot_1,1.679,3.010
1789278246,552765067,324.624,robot_2,1.188,-0.119
1789278246,552800987,324.624,robot_0,-0.027,0.031
1789278246,552841400,324.624,robot_1_carried_generic_box,1.686,3.015
1789278246,552872938,324.624,robot_2_carried_generic_box,1.188,-0.118
1789278246,791766187,324.863,robot_1,1.673,3.007
1789278246,791842920,324.863,robot_2,1.188,-0.119
1789278246,791890143,324.863,robot_0,-0.032,0.039
1789278246,815749840,324.887,robot_1_carried_generic_box,1.684,3.013
1789278246,815846820,324.887,robot_2_carried_generic_box,1.188,-0.119
1789278246,998511226,325.069,robot_1,1.672,3.007
1789278246,998582952,325.069,robot_2,1.188,-0.119
1789278246,998625695,325.069,robot_0,-0.033,0.041
1789278246,998675421,325.069,robot_1_carried_generic_box,1.677,3.009
1789278246,998713656,325.069,robot_2_carried_generic_box,1.188,-0.119
1789278247,231421981,325.302,robot_1,1.672,3.007
1789278247,231504737,325.302,robot_2,1.188,-0.119
1789278247,231544406,325.302,robot_0,-0.033,0.041
1789278247,231585499,325.302,robot_1_carried_generic_box,1.673,3.007
1789278247,231619733,325.302,robot_2_carried_generic_box,1.188,-0.119
1789278247,433693783,325.504,robot_1,1.672,3.006
1789278247,433764045,325.510,robot_2,1.188,-0.119
1789278247,439714577,325.510,robot_0,-0.033,0.041
1789278247,439792466,325.511,robot_1_carried_generic_box,1.672,3.007
1789278247,439828376,325.511,robot_2_carried_generic_box,1.188,-0.119
1789278247,719183570,325.790,robot_1,1.665,3.003
1789278247,719255137,325.790,robot_2,1.188,-0.119
1789278247,719290022,325.790,robot_0,-0.033,0.041
1789278247,719328943,325.790,robot_1_carried_generic_box,1.672,3.007
1789278247,719361683,325.790,robot_2_carried_generic_box,1.188,-0.119
1789278247,938878347,326.010,robot_1,1.653,2.998
1789278247,938958371,326.010,robot_2,1.188,-0.119
1789278247,938997640,326.010,robot_0,-0.034,0.043
1789278247,939042170,326.010,robot_1_carried_generic_box,1.670,3.006
1789278247,939082006,326.010,robot_2_carried_generic_box,1.188,-0.119
1789278248,202516048,326.273,robot_1,1.644,2.994
1789278248,202588545,326.273,robot_2,1.188,-0.119
1789278248,202631097,326.273,robot_0,-0.037,0.046
1789278248,202676452,326.273,robot_1_carried_generic_box,1.670,3.006
1789278248,202712437,326.273,robot_2_carried_generic_box,1.188,-0.119
1789278248,413850414,326.485,robot_1,1.633,2.990
1789278248,416180677,326.489,robot_2,1.188,-0.119
1789278248,417854188,326.489,robot_0,-0.040,0.050
1789278248,417918640,326.498,robot_1_carried_generic_box,1.658,3.000
1789278248,427184364,326.498,robot_2_carried_generic_box,1.188,-0.119
1789278248,672118773,326.743,robot_1,1.619,2.984
1789278248,672191375,326.743,robot_2,1.188,-0.119
1789278248,672238841,326.743,robot_0,-0.042,0.053
1789278248,672291189,326.743,robot_1_carried_generic_box,1.642,2.993
1789278248,672333615,326.743,robot_2_carried_generic_box,1.188,-0.119
1789278248,874862569,326.946,robot_1,1.605,2.978
1789278248,874956144,326.946,robot_2,1.188,-0.119
1789278248,875006462,326.946,robot_0,-0.050,0.061
1789278248,875058520,326.946,robot_1_carried_generic_box,1.628,2.987
1789278248,875095059,326.946,robot_2_carried_generic_box,1.188,-0.119
1789278249,121577163,327.192,robot_1,1.589,2.972
1789278249,121647167,327.192,robot_2,1.188,-0.118
1789278249,121694563,327.192,robot_0,-0.061,0.073
1789278249,121745505,327.192,robot_1_carried_generic_box,1.619,2.984
1789278249,121780681,327.193,robot_2_carried_generic_box,1.188,-0.119
1789278249,334934626,327.406,robot_1,1.578,2.968
1789278249,335001688,327.406,robot_2,1.188,-0.118
1789278249,335040417,327.406,robot_0,-0.068,0.080
1789278249,335085606,327.406,robot_1_carried_generic_box,1.603,2.977
1789278249,335116518,327.413,robot_2_carried_generic_box,1.188,-0.119
1789278249,613998067,327.685,robot_1,1.565,2.962
1789278249,614076887,327.685,robot_2,1.188,-0.118
1789278249,614123170,327.685,robot_0,-0.073,0.085
1789278249,616914841,327.688,robot_1_carried_generic_box,1.594,2.974
1789278249,617004495,327.688,robot_2_carried_generic_box,1.188,-0.118
1789278249,897441249,327.968,robot_1,1.554,2.958
1789278249,897518530,327.968,robot_2,1.187,-0.119
1789278249,897554464,327.968,robot_0,-0.085,0.096
1789278249,897593678,327.968,robot_1_carried_generic_box,1.573,2.965
1789278249,897620924,327.968,robot_2_carried_generic_box,1.188,-0.118
1789278250,96018189,328.167,robot_1,1.549,2.956
1789278250,96082444,328.167,robot_2,1.185,-0.121
1789278250,96120111,328.167,robot_0,-0.092,0.102
1789278250,96161487,328.167,robot_1_carried_generic_box,1.573,2.965
1789278250,96190029,328.167,robot_2_carried_generic_box,1.188,-0.118
1789278250,343179228,328.414,robot_1,1.540,2.952
1789278250,343256693,328.414,robot_2,1.180,-0.125
1789278250,343297961,328.414,robot_0,-0.101,0.109
1789278250,343345376,328.414,robot_1_carried_generic_box,1.557,2.959
1789278250,343373206,328.414,robot_2_carried_generic_box,1.187,-0.118
1789278250,599350717,328.670,robot_1,1.523,2.946
1789278250,599449578,328.670,robot_2,1.171,-0.134
1789278250,599498196,328.670,robot_0,-0.115,0.121
1789278250,599539588,328.670,robot_1_carried_generic_box,1.553,2.957
1789278250,599568406,328.670,robot_2_carried_generic_box,1.185,-0.121
1789278250,803558974,328.874,robot_1,1.512,2.942
1789278250,803625771,328.874,robot_2,1.165,-0.141
1789278250,803670692,328.874,robot_0,-0.124,0.128
1789278250,803717254,328.874,robot_1_carried_generic_box,1.540,2.952
1789278250,809782614,328.881,robot_2_carried_generic_box,1.178,-0.127
1789278251,42673700,329.113,robot_1,1.501,2.937
1789278251,42755580,329.114,robot_2,1.156,-0.151
1789278251,42797719,329.114,robot_0,-0.136,0.137
1789278251,42842208,329.114,robot_1_carried_generic_box,1.528,2.948
1789278251,42872988,329.114,robot_2_carried_generic_box,1.171,-0.134
1789278251,246478073,329.317,robot_1,1.493,2.935
1789278251,246546533,329.317,robot_2,1.152,-0.156
1789278251,246584558,329.317,robot_0,-0.141,0.142
1789278251,246627143,329.317,robot_1_carried_generic_box,1.517,2.944
1789278251,246657280,329.317,robot_2_carried_generic_box,1.166,-0.139
1789278251,448847366,329.520,robot_1,1.479,2.929
1789278251,448913438,329.534,robot_2,1.144,-0.166
1789278251,463802951,329.535,robot_0,-0.155,0.153
1789278251,463866467,329.535,robot_1_carried_generic_box,1.501,2.937
1789278251,463898900,329.535,robot_2_carried_generic_box,1.159,-0.147
1789278251,721962575,329.793,robot_1,1.470,2.926
1789278251,722038382,329.793,robot_2,1.136,-0.176
1789278251,722082849,329.793,robot_0,-0.167,0.163
1789278251,722132807,329.793,robot_1_carried_generic_box,1.487,2.933
1789278251,722169358,329.793,robot_2_carried_generic_box,1.148,-0.161
1789278251,936039969,330.007,robot_1,1.456,2.921
1789278251,936108029,330.007,robot_2,1.128,-0.186
1789278251,936147048,330.007,robot_0,-0.179,0.172
1789278251,936193017,330.007,robot_1_carried_generic_box,1.479,2.929
1789278251,936225793,330.007,robot_2_carried_generic_box,1.141,-0.169
1789278252,197441349,330.268,robot_1,1.440,2.915
1789278252,197514003,330.268,robot_2,1.120,-0.198
1789278252,197555671,330.268,robot_0,-0.191,0.182
1789278252,197600395,330.268,robot_1_carried_generic_box,1.462,2.923
1789278252,197629771,330.268,robot_2_carried_generic_box,1.134,-0.179
1789278252,469440247,330.540,robot_1,1.431,2.912
1789278252,469514237,330.540,robot_2,1.111,-0.211
1789278252,469555817,330.540,robot_0,-0.205,0.193
1789278252,469596455,330.540,robot_1_carried_generic_box,1.448,2.918
1789278252,469627403,330.540,robot_2_carried_generic_box,1.123,-0.193
1789278252,698436865,330.769,robot_1,1.425,2.910
1789278252,698512386,330.769,robot_2,1.106,-0.217
1789278252,698550042,330.769,robot_0,-0.215,0.201
1789278252,698588144,330.769,robot_1_carried_generic_box,1.434,2.913
1789278252,698616824,330.769,robot_2_carried_generic_box,1.116,-0.203
1789278252,952241053,331.023,robot_1,1.417,2.907
1789278252,952556321,331.023,robot_2,1.102,-0.224
1789278252,959275356,331.030,robot_0,-0.224,0.208
1789278252,959376451,331.030,robot_1_carried_generic_box,1.431,2.912
1789278252,959416024,331.030,robot_2_carried_generic_box,1.112,-0.209
1789278253,186666390,331.257,robot_1,1.405,2.903
1789278253,186737912,331.257,robot_2,1.096,-0.232
1789278253,186782544,331.258,robot_0,-0.236,0.217
1789278253,194068529,331.265,robot_1_carried_generic_box,1.426,2.910
1789278253,194156609,331.265,robot_2_carried_generic_box,1.110,-0.212
1789278253,428324675,331.499,robot_1,1.395,2.900
1789278253,428390425,331.499,robot_2,1.090,-0.241
1789278253,428428221,331.499,robot_0,-0.246,0.225
1789278253,428470270,331.499,robot_1_carried_generic_box,1.415,2.906
1789278253,428498547,331.499,robot_2_carried_generic_box,1.098,-0.229
1789278253,709402253,331.780,robot_1,1.387,2.897
1789278253,709473680,331.780,robot_2,1.081,-0.255
1789278253,709515335,331.780,robot_0,-0.257,0.234
1789278253,709564129,331.780,robot_1_carried_generic_box,1.405,2.903
1789278253,710328323,331.784,robot_2_carried_generic_box,1.095,-0.234
1789278253,993833225,332.065,robot_1,1.376,2.893
1789278253,993906470,332.065,robot_2,1.075,-0.264
1789278253,993961832,332.065,robot_0,-0.269,0.243
1789278253,994751879,332.068,robot_1_carried_generic_box,1.392,2.898
1789278253,997166262,332.068,robot_2_carried_generic_box,1.090,-0.241
1789278254,239556704,332.310,robot_1,1.368,2.891
1789278254,239626637,332.310,robot_2,1.071,-0.271
1789278254,239670475,332.310,robot_0,-0.278,0.251
1789278254,239721619,332.310,robot_1_carried_generic_box,1.385,2.896
1789278254,239759830,332.311,robot_2_carried_generic_box,1.081,-0.255
1789278254,460076934,332.531,robot_1,1.358,2.888
1789278254,460164968,332.531,robot_2,1.064,-0.283
1789278254,460208070,332.531,robot_0,-0.290,0.260
1789278254,460261392,332.531,robot_1_carried_generic_box,1.378,2.894
1789278254,460290024,332.531,robot_2_carried_generic_box,1.074,-0.266
1789278254,709135480,332.780,robot_1,1.344,2.884
1789278254,709224963,332.780,robot_2,1.058,-0.292
1789278254,711234435,332.782,robot_0,-0.302,0.269
1789278254,711320924,332.782,robot_1_carried_generic_box,1.368,2.891
1789278254,711360652,332.782,robot_2_carried_generic_box,1.070,-0.273
1789278254,934113154,333.005,robot_1,1.336,2.881
1789278254,934222427,333.005,robot_2,1.054,-0.299
1789278254,934255597,333.005,robot_0,-0.311,0.277
1789278254,934293429,333.005,robot_1_carried_generic_box,1.360,2.888
1789278254,934318905,333.005,robot_2_carried_generic_box,1.064,-0.283
1789278255,134820248,333.206,robot_1,1.323,2.877
1789278255,134903485,333.232,robot_2,1.049,-0.307
1789278255,161554522,333.232,robot_0,-0.322,0.285
1789278255,161642382,333.232,robot_1_carried_generic_box,1.349,2.885
1789278255,161688452,333.232,robot_2_carried_generic_box,1.059,-0.290
1789278255,371348309,333.442,robot_1,1.315,2.875
1789278255,371430590,333.442,robot_2,1.046,-0.313
1789278255,371477542,333.442,robot_0,-0.327,0.289
1789278255,371527714,333.442,robot_1_carried_generic_box,1.340,2.882
1789278255,371568239,333.442,robot_2_carried_generic_box,1.056,-0.295
1789278255,593611972,333.664,robot_1,1.303,2.871
1789278255,593682237,333.664,robot_2,1.042,-0.320
1789278255,593724297,333.664,robot_0,-0.336,0.296
1789278255,593772711,333.665,robot_1_carried_generic_box,1.329,2.879
1789278255,593807400,333.665,robot_2_carried_generic_box,1.051,-0.304
1789278255,825085014,333.896,robot_1,1.296,2.869
1789278255,825635186,333.896,robot_2,1.039,-0.325
1789278255,825724790,333.896,robot_0,-0.342,0.301
1789278255,825776569,333.897,robot_1_carried_generic_box,1.320,2.877
1789278255,825817132,333.897,robot_2_carried_generic_box,1.047,-0.311
1789278256,46465656,334.119,robot_1,1.286,2.867
1789278256,48317641,334.119,robot_2,1.033,-0.339
1789278256,48381399,334.119,robot_0,-0.354,0.310
1789278256,48427718,334.119,robot_1_carried_generic_box,1.309,2.873
1789278256,48467714,334.119,robot_2_carried_generic_box,1.043,-0.318
1789278256,312312476,334.383,robot_1,1.275,2.863
1789278256,319117438,334.390,robot_2,1.027,-0.352
1789278256,319200545,334.390,robot_0,-0.366,0.320
1789278256,319241655,334.390,robot_1_carried_generic_box,1.296,2.869
1789278256,319278872,334.390,robot_2_carried_generic_box,1.039,-0.327
1789278256,530917768,334.602,robot_1,1.262,2.860
1789278256,530996639,334.602,robot_2,1.022,-0.363
1789278256,531030284,334.602,robot_0,-0.379,0.329
1789278256,531071762,334.602,robot_1_carried_generic_box,1.288,2.867
1789278256,531105718,334.602,robot_2_carried_generic_box,1.033,-0.339
1789278256,821094072,334.892,robot_1,1.258,2.859
1789278256,821198445,334.892,robot_2,1.019,-0.372
1789278256,821235310,334.892,robot_0,-0.384,0.333
1789278256,821274880,334.892,robot_1_carried_generic_box,1.269,2.862
1789278256,821309723,334.892,robot_2_carried_generic_box,1.026,-0.356
1789278257,1761520,335.073,robot_1,1.258,2.859
1789278257,1837199,335.073,robot_2,1.016,-0.380
1789278257,1873743,335.073,robot_0,-0.387,0.335
1789278257,1914499,335.073,robot_1_carried_generic_box,1.261,2.859
1789278257,1961639,335.073,robot_2_carried_generic_box,1.022,-0.363
1789278257,244801490,335.316,robot_1,1.258,2.859
1789278257,244876537,335.316,robot_2,1.012,-0.392
1789278257,244911024,335.316,robot_0,-0.392,0.339
1789278257,244957856,335.316,robot_1_carried_generic_box,1.258,2.859
1789278257,244993495,335.316,robot_2_carried_generic_box,1.019,-0.371
1789278257,534387542,335.605,robot_1,1.257,2.858
1789278257,534459888,335.605,robot_2,1.007,-0.410
1789278257,534493836,335.605,robot_0,-0.394,0.340
1789278257,534535541,335.605,robot_1_carried_generic_box,1.258,2.859
1789278257,534573028,335.605,robot_2_carried_generic_box,1.015,-0.384
1789278257,791601562,335.862,robot_1,1.252,2.857
1789278257,791680280,335.862,robot_2,1.004,-0.419
1789278257,791717404,335.898,robot_0,-0.394,0.340
1789278257,827178374,335.898,robot_1_carried_generic_box,1.258,2.859
1789278257,827243249,335.898,robot_2_carried_generic_box,1.011,-0.395
1789278258,23936978,336.095,robot_1,1.241,2.856
1789278258,24014723,336.095,robot_2,1.001,-0.429
1789278258,24047715,336.095,robot_0,-0.396,0.342
1789278258,24083357,336.095,robot_1_carried_generic_box,1.256,2.858
1789278258,24116349,336.095,robot_2_carried_generic_box,1.005,-0.415
1789278258,277328942,336.348,robot_1,1.234,2.855
1789278258,277452415,336.348,robot_2,0.998,-0.438
1789278258,277487377,336.348,robot_0,-0.397,0.343
1789278258,277530489,336.348,robot_1_carried_generic_box,1.250,2.857
1789278258,278592454,336.349,robot_2_carried_generic_box,1.003,-0.421
1789278258,512037811,336.583,robot_1,1.225,2.853
1789278258,512118063,336.583,robot_2,0.996,-0.448
1789278258,512154449,336.583,robot_0,-0.400,0.344
1789278258,512193581,336.583,robot_1_carried_generic_box,1.241,2.856
1789278258,512230541,336.583,robot_2_carried_generic_box,1.001,-0.429
1789278258,739915542,336.820,robot_1,1.215,2.852
1789278258,749701111,336.820,robot_2,0.993,-0.460
1789278258,749745234,336.820,robot_0,-0.401,0.345
1789278258,749783776,336.826,robot_1_carried_generic_box,1.229,2.854
1789278258,754931223,336.826,robot_2_carried_generic_box,0.999,-0.434
1789278258,980442241,337.051,robot_1,1.204,2.852
1789278258,980512906,337.051,robot_2,0.991,-0.472
1789278258,980546522,337.051,robot_0,-0.404,0.347
1789278258,980582798,337.051,robot_1_carried_generic_box,1.229,2.854
1789278258,980612831,337.051,robot_2_carried_generic_box,0.996,-0.450
1789278259,193794273,337.265,robot_1,1.189,2.851
1789278259,193862493,337.265,robot_2,0.988,-0.486
1789278259,193892956,337.265,robot_0,-0.414,0.352
1789278259,207068278,337.278,robot_1_carried_generic_box,1.217,2.853
1789278259,207181070,337.278,robot_2_carried_generic_box,0.993,-0.460
1789278259,419321921,337.490,robot_1,1.175,2.850
1789278259,419401292,337.490,robot_2,0.986,-0.497
1789278259,419440966,337.490,robot_0,-0.427,0.358
1789278259,419485626,337.490,robot_1_carried_generic_box,1.209,2.852
1789278259,419524840,337.490,robot_2_carried_generic_box,0.991,-0.472
1789278259,660244228,337.731,robot_1,1.163,2.849
1789278259,660313150,337.731,robot_2,0.985,-0.505
1789278259,660346715,337.731,robot_0,-0.435,0.362
1789278259,676093604,337.747,robot_1_carried_generic_box,1.183,2.850
1789278259,676220763,337.747,robot_2_carried_generic_box,0.990,-0.478
1789278259,890458759,337.961,robot_1,1.145,2.849
1789278259,890526116,337.961,robot_2,0.983,-0.516
1789278259,890559653,337.961,robot_0,-0.440,0.365
1789278259,890593580,337.961,robot_1_carried_generic_box,1.172,2.850
1789278259,890626692,337.961,robot_2_carried_generic_box,0.986,-0.497
1789278260,162525588,338.233,robot_1,1.135,2.849
1789278260,162602540,338.233,robot_2,0.982,-0.524
1789278260,162645102,338.233,robot_0,-0.441,0.365
1789278260,162687458,338.233,robot_1_carried_generic_box,1.151,2.849
1789278260,162719018,338.233,robot_2_carried_generic_box,0.984,-0.507
1789278260,407610560,338.478,robot_1,1.129,2.848
1789278260,407686632,338.478,robot_2,0.980,-0.534
1789278260,407719533,338.478,robot_0,-0.448,0.368
1789278260,407755351,338.479,robot_1_carried_generic_box,1.151,2.849
1789278260,407789275,338.479,robot_2_carried_generic_box,0.982,-0.520
1789278260,608977231,338.680,robot_1,1.127,2.848
1789278260,609059638,338.680,robot_2,0.978,-0.545
1789278260,621421241,338.692,robot_0,-0.458,0.372
1789278260,621545304,338.692,robot_1_carried_generic_box,1.139,2.849
1789278260,621592267,338.692,robot_2_carried_generic_box,0.981,-0.526
1789278260,833382907,338.904,robot_1,1.118,2.848
1789278260,833456429,338.904,robot_2,0.976,-0.560
1789278260,833493215,338.904,robot_0,-0.470,0.377
1789278260,833528770,338.904,robot_1_carried_generic_box,1.128,2.848
1789278260,833565637,338.904,robot_2_carried_generic_box,0.980,-0.534
1789278261,43116660,339.114,robot_1,1.112,2.848
1789278261,43188269,339.114,robot_2,0.975,-0.572
1789278261,43228682,339.114,robot_0,-0.476,0.379
1789278261,43264904,339.114,robot_1_carried_generic_box,1.126,2.848
1789278261,43294618,339.114,robot_2_carried_generic_box,0.978,-0.548
1789278261,307918900,339.421,robot_1,1.112,2.848
1789278261,350422485,339.421,robot_2,0.974,-0.582
1789278261,350469662,339.421,robot_0,-0.486,0.383
1789278261,350514799,339.421,robot_1_carried_generic_box,1.114,2.848
1789278261,351946582,339.423,robot_2_carried_generic_box,0.976,-0.564
1789278261,541597737,339.612,robot_1,1.107,2.848
1789278261,541664748,339.612,robot_2,0.972,-0.593
1789278261,541698620,339.612,robot_0,-0.496,0.386
1789278261,541730817,339.612,robot_1_carried_generic_box,1.112,2.848
1789278261,541765276,339.613,robot_2_carried_generic_box,0.975,-0.570
1789278261,748809435,339.820,robot_1,1.099,2.849
1789278261,748888197,339.820,robot_2,0.971,-0.605
1789278261,748937594,339.820,robot_0,-0.500,0.387
1789278261,748973397,339.820,robot_1_carried_generic_box,1.112,2.848
1789278261,749008148,339.820,robot_2_carried_generic_box,0.974,-0.576
1789278261,955655592,340.026,robot_1,1.091,2.849
1789278261,955726950,340.026,robot_2,0.970,-0.614
1789278261,955759815,340.027,robot_0,-0.502,0.388
1789278261,955791226,340.027,robot_1_carried_generic_box,1.110,2.848
1789278261,955823638,340.027,robot_2_carried_generic_box,0.973,-0.586
1789278262,177298765,340.248,robot_1,1.084,2.849
1789278262,177369296,340.248,robot_2,0.969,-0.624
1789278262,177406460,340.248,robot_0,-0.510,0.390
1789278262,177445021,340.248,robot_1_carried_generic_box,1.096,2.849
1789278262,177481261,340.248,robot_2_carried_generic_box,0.971,-0.607
1789278262,428143942,340.499,robot_1,1.073,2.850
1789278262,428213396,340.499,robot_2,0.968,-0.634
1789278262,428246535,340.499,robot_0,-0.524,0.394
1789278262,428280790,340.499,robot_1_carried_generic_box,1.091,2.849
1789278262,428313187,340.499,robot_2_carried_generic_box,0.970,-0.616
1789278262,658977972,340.730,robot_1,1.066,2.851
1789278262,659054435,340.730,robot_2,0.966,-0.648
1789278262,659096681,340.730,robot_0,-0.538,0.398
1789278262,659136141,340.730,robot_1_carried_generic_box,1.086,2.849
1789278262,659176538,340.730,robot_2_carried_generic_box,0.969,-0.622
1789278262,904837881,340.976,robot_1,1.056,2.852
1789278262,904930934,340.976,robot_2,0.965,-0.660
1789278262,904975945,340.976,robot_0,-0.550,0.400
1789278262,905012039,340.976,robot_1_carried_generic_box,1.078,2.850
1789278262,905047725,340.976,robot_2_carried_generic_box,0.968,-0.631
1789278263,148014291,341.219,robot_1,1.041,2.854
1789278263,148084464,341.219,robot_2,0.964,-0.672
1789278263,148122630,341.219,robot_0,-0.561,0.403
1789278263,148161107,341.219,robot_1_carried_generic_box,1.059,2.852
1789278263,148197396,341.219,robot_2_carried_generic_box,0.966,-0.648
1789278263,405610006,341.476,robot_1,1.024,2.856
1789278263,405689972,341.476,robot_2,0.962,-0.687
1789278263,405725563,341.476,robot_0,-0.575,0.407
1789278263,405758459,341.477,robot_1_carried_generic_box,1.053,2.852
1789278263,405790016,341.477,robot_2_carried_generic_box,0.965,-0.663
1789278263,635949543,341.707,robot_1,1.009,2.857
1789278263,636028501,341.707,robot_2,0.961,-0.702
1789278263,642682511,341.713,robot_0,-0.582,0.408
1789278263,642778739,341.714,robot_1_carried_generic_box,1.038,2.854
1789278263,642828033,341.714,robot_2_carried_generic_box,0.964,-0.672
1789278263,879715080,341.950,robot_1,0.994,2.859
1789278263,879792580,341.951,robot_2,0.959,-0.716
1789278263,879841354,341.951,robot_0,-0.588,0.410
1789278263,879883442,341.965,robot_1_carried_generic_box,1.027,2.855
1789278263,893883114,341.965,robot_2_carried_generic_box,0.962,-0.693
1789278264,113854008,342.185,robot_1,0.980,2.861
1789278264,113977853,342.185,robot_2,0.958,-0.727
1789278264,114023038,342.185,robot_0,-0.598,0.412
1789278264,114060354,342.185,robot_1_carried_generic_box,1.003,2.858
1789278264,114096114,342.185,robot_2_carried_generic_box,0.960,-0.708
1789278264,325643080,342.396,robot_1,0.974,2.862
1789278264,325718307,342.396,robot_2,0.957,-0.735
1789278264,325754466,342.396,robot_0,-0.604,0.413
1789278264,325787940,342.397,robot_1_carried_generic_box,0.991,2.860
1789278264,325819895,342.397,robot_2_carried_generic_box,0.959,-0.719
1789278264,551695216,342.622,robot_1,0.971,2.862
1789278264,551768653,342.623,robot_2,0.956,-0.750
1789278264,551806482,342.623,robot_0,-0.616,0.416
1789278264,551841537,342.623,robot_1_carried_generic_box,0.980,2.861
1789278264,551875324,342.623,robot_2_carried_generic_box,0.958,-0.725
1789278264,858532466,342.929,robot_1,0.966,2.863
1789278264,858605041,342.929,robot_2,0.954,-0.765
1789278264,858650441,342.929,robot_0,-0.630,0.419
1789278264,858693561,342.929,robot_1_carried_generic_box,0.971,2.862
1789278264,858724725,342.929,robot_2_carried_generic_box,0.956,-0.744
1789278265,155253085,343.231,robot_1,0.955,2.864
1789278265,160062289,343.231,robot_2,0.953,-0.775
1789278265,160120328,343.231,robot_0,-0.644,0.421
1789278265,160163658,343.231,robot_1_carried_generic_box,0.970,2.862
1789278265,160198634,343.231,robot_2_carried_generic_box,0.956,-0.750
1789278265,421881904,343.493,robot_1,0.945,2.866
1789278265,421976751,343.493,robot_2,0.952,-0.785
1789278265,422017628,343.493,robot_0,-0.654,0.423
1789278265,422052800,343.493,robot_1_carried_generic_box,0.964,2.863
1789278265,430403578,343.501,robot_2_carried_generic_box,0.954,-0.769
1789278265,708941100,343.780,robot_1,0.941,2.867
1789278265,709020866,343.780,robot_2,0.951,-0.802
1789278265,709060870,343.780,robot_0,-0.665,0.425
1789278265,709397609,343.780,robot_1_carried_generic_box,0.950,2.865
1789278265,709462547,343.780,robot_2_carried_generic_box,0.953,-0.775
1789278265,929132701,344.000,robot_1,0.940,2.867
1789278265,929209717,344.000,robot_2,0.949,-0.813
1789278265,929245491,344.000,robot_0,-0.680,0.428
1789278265,929282784,344.000,robot_1_carried_generic_box,0.944,2.866
1789278265,929316105,344.000,robot_2_carried_generic_box,0.952,-0.788
1789278266,168207432,344.239,robot_1,0.935,2.868
1789278266,168290765,344.239,robot_2,0.948,-0.827
1789278266,168332395,344.239,robot_0,-0.692,0.430
1789278266,168367201,344.239,robot_1_carried_generic_box,0.941,2.867
1789278266,168398395,344.239,robot_2_carried_generic_box,0.950,-0.805
1789278266,371157922,344.442,robot_1,0.935,2.868
1789278266,371231705,344.442,robot_2,0.947,-0.835
1789278266,371266202,344.442,robot_0,-0.704,0.432
1789278266,371300255,344.442,robot_1_carried_generic_box,0.939,2.867
1789278266,371333011,344.442,robot_2_carried_generic_box,0.949,-0.813
1789278266,586594644,344.657,robot_1,0.932,2.869
1789278266,586661597,344.665,robot_2,0.946,-0.848
1789278266,594427098,344.665,robot_0,-0.719,0.435
1789278266,594505712,344.665,robot_1_carried_generic_box,0.936,2.868
1789278266,594548462,344.665,robot_2_carried_generic_box,0.948,-0.831
1789278266,835408841,344.906,robot_1,0.923,2.871
1789278266,835477967,344.906,robot_2,0.944,-0.863
1789278266,835513062,344.906,robot_0,-0.734,0.438
1789278266,835548093,344.906,robot_1_carried_generic_box,0.934,2.868
1789278266,835577606,344.906,robot_2_carried_generic_box,0.947,-0.837
1789278267,76342735,345.147,robot_1,0.913,2.874
1789278267,76415316,345.147,robot_2,0.943,-0.877
1789278267,76454767,345.147,robot_0,-0.745,0.440
1789278267,76488575,345.147,robot_1_carried_generic_box,0.934,2.868
1789278267,76518429,345.147,robot_2_carried_generic_box,0.946,-0.848
1789278267,318830585,345.390,robot_1,0.901,2.877
1789278267,318906682,345.398,robot_2,0.942,-0.885
1789278267,327069920,345.398,robot_0,-0.749,0.440
1789278267,327147138,345.398,robot_1_carried_generic_box,0.923,2.871
1789278267,327191079,345.398,robot_2_carried_generic_box,0.944,-0.860
1789278267,534254668,345.605,robot_1,0.887,2.881
1789278267,534328465,345.605,robot_2,0.940,-0.899
1789278267,534361745,345.605,robot_0,-0.750,0.441
1789278267,534397943,345.605,robot_1_carried_generic_box,0.913,2.874
1789278267,534430069,345.605,robot_2_carried_generic_box,0.943,-0.872
1789278267,767555761,345.838,robot_1,0.878,2.884
1789278267,767652369,345.838,robot_2,0.939,-0.907
1789278267,767690573,345.838,robot_0,-0.750,0.441
1789278267,767726891,345.838,robot_1_carried_generic_box,0.901,2.877
1789278267,767758809,345.839,robot_2_carried_generic_box,0.942,-0.885
1789278267,964267261,346.035,robot_1,0.866,2.888
1789278267,964340138,346.035,robot_2,0.938,-0.918
1789278267,964379935,346.035,robot_0,-0.754,0.441
1789278267,964416223,346.035,robot_1_carried_generic_box,0.887,2.881
1789278267,964447483,346.035,robot_2_carried_generic_box,0.941,-0.893
1789278268,170374378,346.241,robot_1,0.858,2.891
1789278268,170442166,346.241,robot_2,0.937,-0.926
1789278268,170478861,346.241,robot_0,-0.759,0.442
1789278268,170519860,346.241,robot_1_carried_generic_box,0.876,2.885
1789278268,170557098,346.241,robot_2_carried_generic_box,0.939,-0.907
1789278268,417611586,346.494,robot_1,0.843,2.895
1789278268,423722448,346.494,robot_2,0.936,-0.940
1789278268,423775650,346.495,robot_0,-0.771,0.443
1789278268,423814311,346.495,robot_1_carried_generic_box,0.866,2.888
1789278268,423849533,346.495,robot_2_carried_generic_box,0.939,-0.910
1789278268,652264203,346.723,robot_1,0.826,2.900
1789278268,652344833,346.723,robot_2,0.934,-0.952
1789278268,652392349,346.723,robot_0,-0.786,0.444
1789278268,652438403,346.723,robot_1_carried_generic_box,0.849,2.893
1789278268,652481618,346.723,robot_2_carried_generic_box,0.937,-0.929
1789278268,889235090,346.960,robot_1,0.812,2.905
1789278268,889316457,346.960,robot_2,0.933,-0.962
1789278268,889352979,346.960,robot_0,-0.801,0.446
1789278268,889388984,346.960,robot_1_carried_generic_box,0.838,2.897
1789278268,889419798,346.960,robot_2_carried_generic_box,0.936,-0.938
1789278269,108845692,347.180,robot_1,0.802,2.908
1789278269,129801408,347.201,robot_2,0.932,-0.972
1789278269,129915084,347.201,robot_0,-0.816,0.447
1789278269,129973003,347.201,robot_1_carried_generic_box,0.826,2.900
1789278269,130010511,347.201,robot_2_carried_generic_box,0.934,-0.956
1789278269,384046632,347.455,robot_1,0.799,2.909
1789278269,384116799,347.455,robot_2,0.931,-0.985
1789278269,384151405,347.455,robot_0,-0.830,0.448
1789278269,384186247,347.455,robot_1_carried_generic_box,0.815,2.904
1789278269,384216128,347.455,robot_2_carried_generic_box,0.933,-0.962
1789278269,589204918,347.660,robot_1,0.795,2.910
1789278269,589273597,347.660,robot_2,0.929,-0.999
1789278269,589310679,347.660,robot_0,-0.845,0.449
1789278269,589348807,347.660,robot_1_carried_generic_box,0.804,2.907
1789278269,589377333,347.660,robot_2_carried_generic_box,0.933,-0.970
1789278269,838175714,347.909,robot_1,0.786,2.913
1789278269,838239297,347.909,robot_2,0.928,-1.009
1789278269,838289557,347.909,robot_0,-0.858,0.450
1789278269,838326259,347.909,robot_1_carried_generic_box,0.798,2.909
1789278269,838354329,347.909,robot_2_carried_generic_box,0.930,-0.991
1789278270,63548851,348.134,robot_1,0.775,2.917
1789278270,63627483,348.134,robot_2,0.927,-1.017
1789278270,63664189,348.134,robot_0,-0.870,0.451
1789278270,63703184,348.134,robot_1_carried_generic_box,0.795,2.910
1789278270,63738303,348.134,robot_2_carried_generic_box,0.929,-1.001
1789278270,309501135,348.380,robot_1,0.761,2.922
1789278270,309574485,348.380,robot_2,0.926,-1.029
1789278270,309617487,348.380,robot_0,-0.888,0.452
1789278270,309656693,348.380,robot_1_carried_generic_box,0.783,2.914
1789278270,309690809,348.380,robot_2_carried_generic_box,0.928,-1.009
1789278270,566863147,348.638,robot_1,0.745,2.928
1789278270,566933939,348.638,robot_2,0.925,-1.040
1789278270,566972616,348.638,robot_0,-0.905,0.453
1789278270,567010335,348.638,robot_1_carried_generic_box,0.767,2.920
1789278270,567042318,348.638,robot_2_carried_generic_box,0.927,-1.017
1789278270,792447775,348.863,robot_1,0.733,2.932
1789278270,792525583,348.863,robot_2,0.925,-1.042
1789278270,792567003,348.863,robot_0,-0.914,0.454
1789278270,792603422,348.863,robot_1_carried_generic_box,0.759,2.923
1789278270,792633169,348.863,robot_2_carried_generic_box,0.927,-1.025
1789278271,13683711,349.084,robot_1,0.717,2.939
1789278271,13770691,349.085,robot_2,0.925,-1.042
1789278271,19050979,349.090,robot_0,-0.931,0.455
1789278271,19184738,349.090,robot_1_carried_generic_box,0.745,2.928
1789278271,19230360,349.090,robot_2_carried_generic_box,0.925,-1.039
1789278271,218346533,349.289,robot_1,0.705,2.943
1789278271,218421489,349.289,robot_2,0.925,-1.042
1789278271,218457578,349.289,robot_0,-0.940,0.455
1789278271,238152343,349.309,robot_1_carried_generic_box,0.731,2.933
1789278271,238264539,349.309,robot_2_carried_generic_box,0.925,-1.042
1789278271,429135428,349.500,robot_1,0.694,2.947
1789278271,429213362,349.500,robot_2,0.925,-1.042
1789278271,429252892,349.500,robot_0,-0.949,0.456
1789278271,429290782,349.500,robot_1_carried_generic_box,0.719,2.938
1789278271,429323580,349.500,robot_2_carried_generic_box,0.925,-1.042
1789278271,648230533,349.719,robot_1,0.680,2.952
1789278271,659077548,349.731,robot_2,0.925,-1.042
1789278271,664151528,349.735,robot_0,-0.962,0.457
1789278271,665201324,349.741,robot_1_carried_generic_box,0.708,2.942
1789278271,670763805,349.742,robot_2_carried_generic_box,0.925,-1.042
1789278271,860289109,349.951,robot_1,0.666,2.957
1789278271,880100534,349.951,robot_2,0.925,-1.042
1789278271,880171702,349.951,robot_0,-0.968,0.457
1789278271,880568079,349.951,robot_1_carried_generic_box,0.697,2.946
1789278271,880618194,349.951,robot_2_carried_generic_box,0.925,-1.042
1789278272,81858265,350.153,robot_1,0.652,2.962
1789278272,81935859,350.153,robot_2,0.925,-1.042
1789278272,81979273,350.153,robot_0,-0.976,0.457
1789278272,82025497,350.153,robot_1_carried_generic_box,0.680,2.952
1789278272,82069156,350.153,robot_2_carried_generic_box,0.925,-1.042
1789278272,297630123,350.368,robot_1,0.642,2.966
1789278272,297693913,350.368,robot_2,0.925,-1.042
1789278272,297726834,350.368,robot_0,-0.986,0.458
1789278272,297759147,350.369,robot_1_carried_generic_box,0.666,2.957
1789278272,297786158,350.369,robot_2_carried_generic_box,0.925,-1.042
1789278272,526631643,350.597,robot_1,0.636,2.968
1789278272,526698651,350.597,robot_2,0.925,-1.042
1789278272,526733248,350.597,robot_0,-0.998,0.458
1789278272,526768792,350.598,robot_1_carried_generic_box,0.657,2.960
1789278272,526802067,350.598,robot_2_carried_generic_box,0.925,-1.042
1789278272,777461927,350.848,robot_1,0.629,2.971
1789278272,777540887,350.848,robot_2,0.925,-1.042
1789278272,777583009,350.848,robot_0,-1.010,0.459
1789278272,777912830,350.849,robot_1_carried_generic_box,0.646,2.964
1789278272,778005876,350.849,robot_2_carried_generic_box,0.925,-1.042
1789278273,17860904,351.089,robot_1,0.613,2.977
1789278273,30006883,351.101,robot_2,0.925,-1.042
1789278273,30086777,351.101,robot_0,-1.028,0.459
1789278273,30130363,351.101,robot_1_carried_generic_box,0.633,2.970
1789278273,30160759,351.101,robot_2_carried_generic_box,0.925,-1.042
1789278273,262430861,351.333,robot_1,0.601,2.982
1789278273,262514226,351.333,robot_2,0.925,-1.042
1789278273,262554100,351.333,robot_0,-1.038,0.459
1789278273,262589457,351.333,robot_1_carried_generic_box,0.626,2.972
1789278273,262616434,351.333,robot_2_carried_generic_box,0.925,-1.042
1789278273,471336044,351.542,robot_1,0.594,2.984
1789278273,471401925,351.542,robot_2,0.924,-1.042
1789278273,471440132,351.542,robot_0,-1.055,0.460
1789278273,471477331,351.542,robot_1_carried_generic_box,0.607,2.979
1789278273,471509156,351.542,robot_2_carried_generic_box,0.925,-1.042
1789278273,676705941,351.747,robot_1,0.594,2.984
1789278273,676776017,351.748,robot_2,0.924,-1.042
1789278273,676816782,351.748,robot_0,-1.065,0.460
1789278273,676851919,351.748,robot_1_carried_generic_box,0.607,2.979
1789278273,676878252,351.748,robot_2_carried_generic_box,0.925,-1.042
1789278273,917876834,351.989,robot_1,0.592,2.985
1789278273,919849921,351.991,robot_2,0.924,-1.042
1789278273,919939483,351.991,robot_0,-1.082,0.461
1789278273,919985256,351.991,robot_1_carried_generic_box,0.594,2.984
1789278273,920015390,351.991,robot_2_carried_generic_box,0.924,-1.042
1789278274,165660596,352.236,robot_1,0.588,2.987
1789278274,165734829,352.236,robot_2,0.924,-1.042
1789278274,165781288,352.237,robot_0,-1.091,0.461
1789278274,176361472,352.247,robot_1_carried_generic_box,0.594,2.984
1789278274,176450675,352.247,robot_2_carried_generic_box,0.924,-1.042
1789278274,389540218,352.460,robot_1,0.588,2.987
1789278274,389612320,352.460,robot_2,0.924,-1.042
1789278274,389653077,352.460,robot_0,-1.093,0.461
1789278274,389689356,352.460,robot_1_carried_generic_box,0.591,2.986
1789278274,389717658,352.460,robot_2_carried_generic_box,0.924,-1.042
1789278274,603215765,352.674,robot_1,0.588,2.987
1789278274,603303892,352.674,robot_2,0.924,-1.042
1789278274,603348734,352.674,robot_0,-1.094,0.461
1789278274,603393687,352.674,robot_1_carried_generic_box,0.588,2.987
1789278274,603424204,352.674,robot_2_carried_generic_box,0.924,-1.042
1789278274,825049934,352.896,robot_1,0.588,2.986
1789278274,825121791,352.896,robot_2,0.924,-1.043
1789278274,825168396,352.909,robot_0,-1.094,0.461
1789278274,838048931,352.909,robot_1_carried_generic_box,0.588,2.987
1789278274,838109009,352.909,robot_2_carried_generic_box,0.924,-1.042
1789278275,75811829,353.147,robot_1,0.588,2.987
1789278275,75884896,353.147,robot_2,0.922,-1.040
1789278275,75933959,353.147,robot_0,-1.098,0.461
1789278275,75971340,353.147,robot_1_carried_generic_box,0.588,2.987
1789278275,75998004,353.147,robot_2_carried_generic_box,0.924,-1.042
1789278275,310354045,353.381,robot_1,0.583,2.990
1789278275,310416275,353.381,robot_2,0.918,-1.032
1789278275,310455307,353.381,robot_0,-1.108,0.460
1789278275,310492534,353.381,robot_1_carried_generic_box,0.588,2.986
1789278275,310521007,353.381,robot_2_carried_generic_box,0.924,-1.042
1789278275,568473458,353.639,robot_1,0.571,2.997
1789278275,568564957,353.639,robot_2,0.911,-1.023
1789278275,568606323,353.639,robot_0,-1.118,0.459
1789278275,568645772,353.639,robot_1_carried_generic_box,0.587,2.987
1789278275,568676247,353.639,robot_2_carried_generic_box,0.920,-1.036
1789278275,801973370,353.873,robot_1,0.565,3.002
1789278275,802039235,353.873,robot_2,0.909,-1.019
1789278275,802074383,353.873,robot_0,-1.131,0.458
1789278275,802106130,353.873,robot_1_carried_generic_box,0.584,2.989
1789278275,802127817,353.873,robot_2_carried_generic_box,0.913,-1.026
1789278276,39776089,354.111,robot_1,0.564,3.002
1789278276,39985748,354.111,robot_2,0.909,-1.019
1789278276,40036244,354.111,robot_0,-1.140,0.457
1789278276,40071105,354.111,robot_1_carried_generic_box,0.573,2.996
1789278276,40098359,354.111,robot_2_carried_generic_box,0.911,-1.023
1789278276,267342236,354.338,robot_1,0.564,3.002
1789278276,267433997,354.338,robot_2,0.909,-1.019
1789278276,267478441,354.338,robot_0,-1.158,0.455
1789278276,267518363,354.338,robot_1_carried_generic_box,0.564,3.002
1789278276,267550343,354.338,robot_2_carried_generic_box,0.909,-1.019
1789278276,484998227,354.556,robot_1,0.563,3.003
1789278276,485065542,354.573,robot_2,0.909,-1.019
1789278276,502369112,354.573,robot_0,-1.169,0.454
1789278276,502431217,354.573,robot_1_carried_generic_box,0.564,3.002
1789278276,502471471,354.573,robot_2_carried_generic_box,0.909,-1.019
1789278276,729814631,354.801,robot_1,0.559,3.006
1789278276,729888685,354.801,robot_2,0.909,-1.019
1789278276,729942490,354.801,robot_0,-1.183,0.452
1789278276,729984500,354.801,robot_1_carried_generic_box,0.564,3.002
1789278276,730015197,354.801,robot_2_carried_generic_box,0.909,-1.019
1789278276,940997147,355.012,robot_1,0.559,3.006
1789278276,941070272,355.012,robot_2,0.909,-1.019
1789278276,941118141,355.012,robot_0,-1.192,0.451
1789278276,941160138,355.012,robot_1_carried_generic_box,0.562,3.004
1789278276,941189387,355.012,robot_2_carried_generic_box,0.909,-1.019
1789278277,144505771,355.215,robot_1,0.557,3.009
1789278277,144590682,355.215,robot_2,0.909,-1.019
1789278277,144637897,355.215,robot_0,-1.203,0.449
1789278277,144684127,355.215,robot_1_carried_generic_box,0.560,3.006
1789278277,167467047,355.238,robot_2_carried_generic_box,0.909,-1.019
1789278277,376778156,355.448,robot_1,0.555,3.011
1789278277,376846537,355.448,robot_2,0.909,-1.019
1789278277,376886332,355.448,robot_0,-1.216,0.447
1789278277,376929128,355.448,robot_1_carried_generic_box,0.560,3.006
1789278277,376958540,355.448,robot_2_carried_generic_box,0.909,-1.019
1789278277,620429648,355.691,robot_1,0.555,3.011
1789278277,620498892,355.691,robot_2,0.909,-1.019
1789278277,620536401,355.691,robot_0,-1.229,0.445
1789278277,620575685,355.691,robot_1_carried_generic_box,0.555,3.010
1789278277,620604137,355.691,robot_2_carried_generic_box,0.909,-1.019
1789278277,833157667,355.922,robot_1,0.555,3.011
1789278277,851368808,355.922,robot_2,0.911,-1.021
1789278277,851424301,355.922,robot_0,-1.236,0.444
1789278277,851471624,355.922,robot_1_carried_generic_box,0.555,3.011
1789278277,851508051,355.922,robot_2_carried_generic_box,0.909,-1.019
1789278278,38475946,356.109,robot_1,0.555,3.011
1789278278,38537411,356.109,robot_2,0.916,-1.024
1789278278,38573859,356.109,robot_0,-1.247,0.442
1789278278,38610650,356.109,robot_1_carried_generic_box,0.555,3.011
1789278278,38640393,356.109,robot_2_carried_generic_box,0.909,-1.019
1789278278,263810416,356.335,robot_1,0.554,3.011
1789278278,263884644,356.335,robot_2,0.925,-1.030
1789278278,285875785,356.357,robot_0,-1.257,0.440
1789278278,286658276,356.357,robot_1_carried_generic_box,0.555,3.011
1789278278,286724685,356.357,robot_2_carried_generic_box,0.912,-1.021
1789278278,504809493,356.576,robot_1,0.554,3.011
1789278278,504874519,356.576,robot_2,0.933,-1.035
1789278278,504915635,356.576,robot_0,-1.261,0.439
1789278278,504961420,356.576,robot_1_carried_generic_box,0.554,3.011
1789278278,504989587,356.576,robot_2_carried_generic_box,0.917,-1.025
1789278278,707887569,356.779,robot_1,0.554,3.011
1789278278,707971919,356.779,robot_2,0.940,-1.039
1789278278,708022069,356.779,robot_0,-1.265,0.439
1789278278,708067770,356.779,robot_1_carried_generic_box,0.554,3.011
1789278278,708103321,356.779,robot_2_carried_generic_box,0.925,-1.030
1789278278,968066856,357.039,robot_1,0.554,3.011
1789278278,968141095,357.039,robot_2,0.950,-1.044
1789278278,968188948,357.039,robot_0,-1.272,0.437
1789278278,968234391,357.039,robot_1_carried_generic_box,0.554,3.011
1789278278,968269469,357.039,robot_2_carried_generic_box,0.935,-1.036
1789278279,169494328,357.240,robot_1,0.554,3.011
1789278279,169559214,357.240,robot_2,0.966,-1.052
1789278279,169598551,357.240,robot_0,-1.289,0.434
1789278279,169636310,357.240,robot_1_carried_generic_box,0.554,3.011
1789278279,169670557,357.240,robot_2_carried_generic_box,0.940,-1.039
1789278279,390286108,357.461,robot_1,0.554,3.011
1789278279,390355874,357.461,robot_2,0.979,-1.059
1789278279,390405114,357.461,robot_0,-1.303,0.431
1789278279,390452178,357.461,robot_1_carried_generic_box,0.554,3.011
1789278279,390488329,357.461,robot_2_carried_generic_box,0.958,-1.048
1789278279,591104710,357.662,robot_1,0.554,3.011
1789278279,591174659,357.662,robot_2,0.987,-1.063
1789278279,591211971,357.662,robot_0,-1.312,0.429
1789278279,591248804,357.662,robot_1_carried_generic_box,0.554,3.011
1789278279,591298549,357.662,robot_2_carried_generic_box,0.958,-1.048
1789278279,824330019,357.895,robot_1,0.554,3.011
1789278279,824396979,357.895,robot_2,1.000,-1.069
1789278279,824435520,357.895,robot_0,-1.325,0.426
1789278279,824469799,357.895,robot_1_carried_generic_box,0.554,3.011
1789278279,824494349,357.895,robot_2_carried_generic_box,0.977,-1.058
1789278280,67283595,358.138,robot_1,0.554,3.011
1789278280,67344866,358.138,robot_2,1.011,-1.074
1789278280,67386204,358.138,robot_0,-1.331,0.425
1789278280,67426993,358.138,robot_1_carried_generic_box,0.554,3.011
1789278280,67458405,358.138,robot_2_carried_generic_box,0.985,-1.062
1789278280,317822248,358.389,robot_1,0.555,3.011
1789278280,317888753,358.389,robot_2,1.026,-1.082
1789278280,358449686,358.429,robot_0,-1.339,0.423
1789278280,358551091,358.429,robot_1_carried_generic_box,0.554,3.011
1789278280,358590185,358.429,robot_2_carried_generic_box,1.005,-1.072
1789278280,522679920,358.593,robot_1,0.555,3.011
1789278280,522755710,358.594,robot_2,1.037,-1.088
1789278280,522794175,358.594,robot_0,-1.345,0.422
1789278280,522831460,358.594,robot_1_carried_generic_box,0.554,3.011
1789278280,522857613,358.594,robot_2_carried_generic_box,1.005,-1.072
1789278280,790643271,358.861,robot_1,0.555,3.011
1789278280,790716986,358.861,robot_2,1.053,-1.096
1789278280,790764977,358.862,robot_0,-1.353,0.420
1789278280,790807590,358.862,robot_1_carried_generic_box,0.555,3.011
1789278280,790844330,358.862,robot_2_carried_generic_box,1.031,-1.085
1789278281,52986704,359.124,robot_1,0.555,3.011
1789278281,53070140,359.124,robot_2,1.063,-1.101
1789278281,53113852,359.124,robot_0,-1.361,0.418
1789278281,53150984,359.124,robot_1_carried_generic_box,0.555,3.011
1789278281,53183480,359.124,robot_2_carried_generic_box,1.042,-1.090
1789278281,253295999,359.324,robot_1,0.555,3.011
1789278281,253366590,359.324,robot_2,1.070,-1.105
1789278281,253406861,359.324,robot_0,-1.364,0.417
1789278281,253439954,359.324,robot_1_carried_generic_box,0.555,3.011
1789278281,253467492,359.324,robot_2_carried_generic_box,1.053,-1.096
1789278281,466165658,359.537,robot_1,0.560,3.007
1789278281,466244190,359.537,robot_2,1.081,-1.110
1789278281,466292613,359.537,robot_0,-1.364,0.417
1789278281,472276810,359.543,robot_1_carried_generic_box,0.555,3.011
1789278281,472390789,359.543,robot_2_carried_generic_box,1.065,-1.102
1789278281,702319364,359.773,robot_1,0.566,3.003
1789278281,702383800,359.773,robot_2,1.088,-1.114
1789278281,712364157,359.783,robot_0,-1.366,0.416
1789278281,712457733,359.783,robot_1_carried_generic_box,0.555,3.011
1789278281,712495696,359.783,robot_2_carried_generic_box,1.065,-1.102
1789278281,951363579,360.022,robot_1,0.574,2.997
1789278281,951425666,360.022,robot_2,1.097,-1.119
1789278281,951460208,360.042,robot_0,-1.374,0.414
1789278281,971839350,360.043,robot_1_carried_generic_box,0.559,3.008
1789278281,971913432,360.043,robot_2_carried_generic_box,1.081,-1.110
1789278282,192776574,360.264,robot_1,0.577,2.995
1789278282,192839612,360.264,robot_2,1.108,-1.126
1789278282,192876648,360.264,robot_0,-1.387,0.409
1789278282,192908978,360.264,robot_1_carried_generic_box,0.565,3.004
1789278282,192941525,360.264,robot_2_carried_generic_box,1.086,-1.113
1789278282,393989134,360.465,robot_1,0.577,2.995
1789278282,394065507,360.465,robot_2,1.116,-1.130
1789278282,394105456,360.476,robot_0,-1.394,0.407
1789278282,405094532,360.477,robot_1_carried_generic_box,0.575,2.996
1789278282,406176399,360.477,robot_2_carried_generic_box,1.093,-1.117
1789278282,629576228,360.700,robot_1,0.577,2.995
1789278282,629668288,360.700,robot_2,1.128,-1.139
1789278282,629712313,360.700,robot_0,-1.398,0.406
1789278282,629750979,360.700,robot_1_carried_generic_box,0.577,2.995
1789278282,629782047,360.701,robot_2_carried_generic_box,1.110,-1.127
1789278282,873868341,360.945,robot_1,0.577,2.995
1789278282,878142653,360.949,robot_2,1.139,-1.146
1789278282,878228702,360.949,robot_0,-1.398,0.406
1789278282,878267537,360.949,robot_1_carried_generic_box,0.577,2.995
1789278282,878296589,360.949,robot_2_carried_generic_box,1.119,-1.133
1789278283,106335481,361.177,robot_1,0.577,2.995
1789278283,106402245,361.177,robot_2,1.147,-1.152
1789278283,106442780,361.177,robot_0,-1.400,0.405
1789278283,106476120,361.177,robot_1_carried_generic_box,0.577,2.995
1789278283,106505136,361.177,robot_2_carried_generic_box,1.128,-1.139
1789278283,318964795,361.390,robot_1,0.577,2.995
1789278283,319036464,361.390,robot_2,1.154,-1.158
1789278283,319083933,361.390,robot_0,-1.405,0.403
1789278283,319123593,361.390,robot_1_carried_generic_box,0.577,2.995
1789278283,319159173,361.390,robot_2_carried_generic_box,1.142,-1.149
1789278283,568617807,361.639,robot_1,0.577,2.995
1789278283,568685995,361.639,robot_2,1.164,-1.166
1789278283,568727609,361.639,robot_0,-1.408,0.401
1789278283,568766051,361.655,robot_1_carried_generic_box,0.577,2.995
1789278283,584167461,361.655,robot_2_carried_generic_box,1.147,-1.152
1789278283,819214033,361.890,robot_1,0.577,2.995
1789278283,819281453,361.890,robot_2,1.174,-1.174
1789278283,819322599,361.890,robot_0,-1.408,0.401
1789278283,819358057,361.890,robot_1_carried_generic_box,0.577,2.995
1789278283,825859414,361.897,robot_2_carried_generic_box,1.159,-1.162
1789278284,90090042,362.161,robot_1,0.577,2.995
1789278284,90168289,362.161,robot_2,1.186,-1.183
1789278284,90216520,362.161,robot_0,-1.409,0.401
1789278284,90259952,362.161,robot_1_carried_generic_box,0.577,2.995
1789278284,90295155,362.161,robot_2_carried_generic_box,1.164,-1.166
1789278284,298441081,362.369,robot_1,0.578,2.995
1789278284,298516278,362.369,robot_2,1.192,-1.188
1789278284,298565438,362.369,robot_0,-1.412,0.399
1789278284,298606936,362.369,robot_1_carried_generic_box,0.577,2.995
1789278284,298645055,362.369,robot_2_carried_generic_box,1.172,-1.172
1789278284,515747442,362.587,robot_1,0.578,2.995
1789278284,515810293,362.587,robot_2,1.202,-1.197
1789278284,524110059,362.595,robot_0,-1.421,0.393
1789278284,525327832,362.596,robot_1_carried_generic_box,0.577,2.995
1789278284,525411796,362.596,robot_2_carried_generic_box,1.179,-1.178
1789278284,752612588,362.823,robot_1,0.578,2.995
1789278284,752689207,362.823,robot_2,1.215,-1.207
1789278284,752737881,362.823,robot_0,-1.436,0.383
1789278284,752778014,362.824,robot_1_carried_generic_box,0.578,2.995
1789278284,752811111,362.824,robot_2_carried_generic_box,1.198,-1.193
1789278284,972735853,363.043,robot_1,0.578,2.996
1789278284,972801615,363.044,robot_2,1.222,-1.212
1789278284,972845605,363.044,robot_0,-1.443,0.377
1789278284,972883433,363.044,robot_1_carried_generic_box,0.578,2.995
1789278284,972917516,363.066,robot_2_carried_generic_box,1.208,-1.201
1789278285,212733309,363.283,robot_1,0.578,2.996
1789278285,212797912,363.284,robot_2,1.236,-1.224
1789278285,212833743,363.284,robot_0,-1.456,0.368
1789278285,212866311,363.284,robot_1_carried_generic_box,0.578,2.995
1789278285,212891365,363.284,robot_2_carried_generic_box,1.215,-1.207
1789278285,465349053,363.536,robot_1,0.578,2.996
1789278285,465447504,363.536,robot_2,1.247,-1.233
1789278285,465489578,363.536,robot_0,-1.468,0.358
1789278285,465527614,363.536,robot_1_carried_generic_box,0.578,2.996
1789278285,465558834,363.536,robot_2_carried_generic_box,1.226,-1.216
1789278285,659044590,363.730,robot_1,0.578,2.996
1789278285,659118160,363.730,robot_2,1.256,-1.240
1789278285,659166629,363.730,robot_0,-1.477,0.351
1789278285,666426008,363.737,robot_1_carried_generic_box,0.578,2.996
1789278285,666545108,363.737,robot_2_carried_generic_box,1.238,-1.225
1789278285,877392451,363.948,robot_1,0.578,2.996
1789278285,877464229,363.948,robot_2,1.266,-1.248
1789278285,877506809,363.948,robot_0,-1.488,0.342
1789278285,877543506,363.948,robot_1_carried_generic_box,0.578,2.996
1789278285,877573673,363.948,robot_2_carried_generic_box,1.247,-1.233
1789278286,110624684,364.181,robot_1,0.578,2.996
1789278286,110701842,364.181,robot_2,1.277,-1.257
1789278286,110746967,364.191,robot_0,-1.499,0.333
1789278286,120394123,364.191,robot_1_carried_generic_box,0.578,2.996
1789278286,120439529,364.191,robot_2_carried_generic_box,1.256,-1.240
1789278286,362536482,364.433,robot_1,0.578,2.996
1789278286,362599392,364.433,robot_2,1.283,-1.261
1789278286,362634279,364.433,robot_0,-1.507,0.326
1789278286,362669991,364.433,robot_1_carried_generic_box,0.578,2.996
1789278286,362696388,364.433,robot_2_carried_generic_box,1.264,-1.246
1789278286,629594985,364.700,robot_1,0.577,2.996
1789278286,629659239,364.700,robot_2,1.288,-1.266
1789278286,629698019,364.700,robot_0,-1.514,0.320
1789278286,629739356,364.700,robot_1_carried_generic_box,0.578,2.996
1789278286,629768302,364.701,robot_2_carried_generic_box,1.279,-1.258
1789278286,842036904,364.913,robot_1,0.577,2.996
1789278286,842107427,364.913,robot_2,1.293,-1.270
1789278286,842152957,364.913,robot_0,-1.521,0.314
1789278286,842194721,364.913,robot_1_carried_generic_box,0.578,2.996
1789278286,842226906,364.913,robot_2_carried_generic_box,1.284,-1.262
1789278287,45936692,365.117,robot_1,0.577,2.996
1789278287,45995860,365.117,robot_2,1.295,-1.270
1789278287,46034401,365.125,robot_0,-1.528,0.308
1789278287,54371036,365.125,robot_1_carried_generic_box,0.577,2.996
1789278287,59926472,365.131,robot_2_carried_generic_box,1.287,-1.265
1789278287,309440129,365.380,robot_1,0.577,2.997
1789278287,309521174,365.380,robot_2,1.301,-1.275
1789278287,309562597,365.380,robot_0,-1.541,0.297
1789278287,309599366,365.380,robot_1_carried_generic_box,0.577,2.996
1789278287,309625721,365.380,robot_2_carried_generic_box,1.293,-1.269
1789278287,532955564,365.604,robot_1,0.577,2.997
1789278287,533022268,365.604,robot_2,1.309,-1.281
1789278287,533065023,365.604,robot_0,-1.547,0.292
1789278287,533105228,365.604,robot_1_carried_generic_box,0.577,2.996
1789278287,533135353,365.604,robot_2_carried_generic_box,1.296,-1.271
1789278287,759929376,365.831,robot_1,0.577,2.997
1789278287,759994396,365.831,robot_2,1.318,-1.287
1789278287,760034134,365.831,robot_0,-1.550,0.289
1789278287,760071611,365.831,robot_1_carried_generic_box,0.577,2.997
1789278287,760099578,365.831,robot_2_carried_generic_box,1.299,-1.274
1789278287,963384328,366.034,robot_1,0.576,2.996
1789278287,963449648,366.034,robot_2,1.325,-1.292
1789278287,963486919,366.034,robot_0,-1.558,0.281
1789278287,963523377,366.034,robot_1_carried_generic_box,0.577,2.997
1789278287,963552459,366.034,robot_2_carried_generic_box,1.305,-1.278
1789278288,186021337,366.257,robot_1,0.568,2.992
1789278288,186091851,366.257,robot_2,1.335,-1.299
1789278288,186133532,366.257,robot_0,-1.573,0.267
1789278288,186169439,366.257,robot_1_carried_generic_box,0.577,2.997
1789278288,186198765,366.257,robot_2_carried_generic_box,1.323,-1.291
1789278288,470412724,366.541,robot_1,0.564,2.990
1789278288,470513750,366.541,robot_2,1.347,-1.307
1789278288,470558117,366.541,robot_0,-1.584,0.257
1789278288,470593456,366.541,robot_1_carried_generic_box,0.575,2.996
1789278288,470618781,366.541,robot_2_carried_generic_box,1.327,-1.293
1789278288,727145765,366.798,robot_1,0.556,2.985
1789278288,727213141,366.798,robot_2,1.360,-1.316
1789278288,727251959,366.798,robot_0,-1.595,0.247
1789278288,727287487,366.798,robot_1_carried_generic_box,0.565,2.991
1789278288,727315315,366.798,robot_2_carried_generic_box,1.333,-1.298
1789278288,989845926,367.061,robot_1,0.546,2.979
1789278288,989944795,367.061,robot_2,1.369,-1.322
1789278288,989982689,367.061,robot_0,-1.603,0.240
1789278288,990020285,367.061,robot_1_carried_generic_box,0.565,2.991
1789278288,990049459,367.061,robot_2_carried_generic_box,1.342,-1.304
1789278289,190834972,367.262,robot_1,0.533,2.972
1789278289,190903177,367.262,robot_2,1.379,-1.328
1789278289,190941396,367.262,robot_0,-1.612,0.231
1789278289,190977258,367.262,robot_1_carried_generic_box,0.563,2.990
1789278289,191007583,367.262,robot_2_carried_generic_box,1.352,-1.311
1789278289,459141445,367.530,robot_1,0.524,2.966
1789278289,459222339,367.530,robot_2,1.389,-1.335
1789278289,459256404,367.530,robot_0,-1.620,0.224
1789278289,459294682,367.530,robot_1_carried_generic_box,0.551,2.982
1789278289,469578112,367.540,robot_2_carried_generic_box,1.373,-1.324
1789278289,661832283,367.733,robot_1,0.512,2.958
1789278289,661899683,367.733,robot_2,1.401,-1.343
1789278289,682155756,367.753,robot_0,-1.630,0.214
1789278289,682297344,367.753,robot_1_carried_generic_box,0.531,2.970
1789278289,682341741,367.753,robot_2_carried_generic_box,1.379,-1.328
1789278289,915175353,367.986,robot_1,0.499,2.950
1789278289,915681910,367.987,robot_2,1.413,-1.351
1789278289,915966712,367.987,robot_0,-1.641,0.204
1789278289,916018124,367.987,robot_1_carried_generic_box,0.521,2.964
1789278289,916049806,367.987,robot_2_carried_generic_box,1.391,-1.337
1789278290,142356431,368.213,robot_1,0.488,2.943
1789278290,142425717,368.213,robot_2,1.422,-1.357
1789278290,142459534,368.213,robot_0,-1.652,0.194
1789278290,142503920,368.213,robot_1_carried_generic_box,0.504,2.954
1789278290,142535377,368.213,robot_2_carried_generic_box,1.401,-1.343
1789278290,396309948,368.467,robot_1,0.479,2.938
1789278290,396379386,368.467,robot_2,1.441,-1.370
1789278290,396417655,368.467,robot_0,-1.669,0.177
1789278290,396469950,368.467,robot_1_carried_generic_box,0.499,2.950
1789278290,396505428,368.467,robot_2_carried_generic_box,1.417,-1.354
1789278290,610648769,368.681,robot_1,0.475,2.935
1789278290,610737009,368.681,robot_2,1.451,-1.376
1789278290,610776236,368.682,robot_0,-1.678,0.169
1789278290,610831297,368.682,robot_1_carried_generic_box,0.488,2.943
1789278290,610865282,368.682,robot_2_carried_generic_box,1.429,-1.361
1789278290,879395144,368.950,robot_1,0.464,2.929
1789278290,879485199,368.950,robot_2,1.464,-1.384
1789278290,879521727,368.950,robot_0,-1.686,0.161
1789278290,879596061,368.950,robot_1_carried_generic_box,0.478,2.937
1789278290,879630446,368.950,robot_2_carried_generic_box,1.439,-1.368
1789278291,125381735,369.196,robot_1,0.451,2.921
1789278291,125457035,369.216,robot_2,1.479,-1.394
1789278291,145589622,369.216,robot_0,-1.696,0.153
1789278291,145686625,369.216,robot_1_carried_generic_box,0.471,2.933
1789278291,145730913,369.216,robot_2_carried_generic_box,1.456,-1.380
1789278291,396354917,369.467,robot_1,0.438,2.914
1789278291,396418661,369.467,robot_2,1.488,-1.400
1789278291,396450966,369.467,robot_0,-1.705,0.143
1789278291,419395658,369.490,robot_1_carried_generic_box,0.460,2.926
1789278291,419507777,369.490,robot_2_carried_generic_box,1.471,-1.389
1789278291,597967314,369.677,robot_1,0.429,2.909
1789278291,606641024,369.677,robot_2,1.496,-1.406
1789278291,606698884,369.677,robot_0,-1.712,0.137
1789278291,606743794,369.677,robot_1_carried_generic_box,0.445,2.918
1789278291,606772018,369.678,robot_2_carried_generic_box,1.471,-1.389
1789278291,826538487,369.897,robot_1,0.424,2.906
1789278291,826611513,369.897,robot_2,1.508,-1.413
1789278291,826641112,369.897,robot_0,-1.723,0.126
1789278291,826680389,369.897,robot_1_carried_generic_box,0.433,2.911
1789278291,826706939,369.897,robot_2_carried_generic_box,1.483,-1.397
1789278292,41452530,370.112,robot_1,0.420,2.904
1789278292,41515866,370.112,robot_2,1.523,-1.423
1789278292,41548252,370.112,robot_0,-1.736,0.114
1789278292,41592500,370.112,robot_1_carried_generic_box,0.425,2.907
1789278292,41621625,370.112,robot_2_carried_generic_box,1.501,-1.409
1789278292,299651308,370.370,robot_1,0.409,2.898
1789278292,299721148,370.370,robot_2,1.533,-1.429
1789278292,299750501,370.370,robot_0,-1.748,0.102
1789278292,299791769,370.371,robot_1_carried_generic_box,0.423,2.905
1789278292,299820517,370.377,robot_2_carried_generic_box,1.508,-1.413
1789278292,532658449,370.603,robot_1,0.396,2.890
1789278292,532742616,370.603,robot_2,1.537,-1.432
1789278292,532778516,370.604,robot_0,-1.755,0.095
1789278292,532830665,370.604,robot_1_carried_generic_box,0.416,2.901
1789278292,532868892,370.606,robot_2_carried_generic_box,1.521,-1.421
1789278292,788270536,370.859,robot_1,0.380,2.882
1789278292,788338405,370.859,robot_2,1.547,-1.438
1789278292,788371380,370.859,robot_0,-1.767,0.083
1789278292,788418172,370.859,robot_1_carried_generic_box,0.406,2.896
1789278292,788452478,370.859,robot_2_carried_generic_box,1.534,-1.430
1789278293,84718042,371.155,robot_1,0.370,2.877
1789278293,84784462,371.156,robot_2,1.556,-1.444
1789278293,84821577,371.156,robot_0,-1.779,0.071
1789278293,84863672,371.156,robot_1_carried_generic_box,0.385,2.885
1789278293,84902792,371.156,robot_2_carried_generic_box,1.540,-1.434
1789278293,312142214,371.383,robot_1,0.363,2.873
1789278293,312242568,371.383,robot_2,1.569,-1.451
1789278293,312275297,371.383,robot_0,-1.790,0.061
1789278293,312321510,371.383,robot_1_carried_generic_box,0.376,2.880
1789278293,312352421,371.383,robot_2_carried_generic_box,1.551,-1.440
1789278293,540697937,371.611,robot_1,0.357,2.870
1789278293,540781263,371.612,robot_2,1.579,-1.457
1789278293,540812839,371.612,robot_0,-1.798,0.052
1789278293,540856002,371.612,robot_1_carried_generic_box,0.370,2.877
1789278293,540888124,371.612,robot_2_carried_generic_box,1.559,-1.445
1789278293,780032960,371.851,robot_1,0.354,2.868
1789278293,780102251,371.851,robot_2,1.587,-1.462
1789278293,780137817,371.851,robot_0,-1.805,0.046
1789278293,780183545,371.865,robot_1_carried_generic_box,0.365,2.874
1789278293,794027220,371.865,robot_2_carried_generic_box,1.559,-1.445
1789278294,5900456,372.077,robot_1,0.352,2.868
1789278294,5978585,372.077,robot_2,1.605,-1.472
1789278294,6011143,372.077,robot_0,-1.819,0.032
1789278294,6055932,372.077,robot_1_carried_generic_box,0.361,2.872
1789278294,6085188,372.077,robot_2_carried_generic_box,1.582,-1.459
1789278294,230789196,372.302,robot_1,0.348,2.866
1789278294,230866224,372.302,robot_2,1.618,-1.480
1789278294,230903301,372.302,robot_0,-1.825,0.025
1789278294,266081826,372.337,robot_1_carried_generic_box,0.354,2.868
1789278294,266163566,372.337,robot_2_carried_generic_box,1.592,-1.465
1789278294,447272068,372.518,robot_1,0.347,2.865
1789278294,447340338,372.518,robot_2,1.628,-1.486
1789278294,447372573,372.518,robot_0,-1.828,0.023
1789278294,447414054,372.518,robot_1_carried_generic_box,0.352,2.867
1789278294,447450299,372.518,robot_2_carried_generic_box,1.605,-1.472
1789278294,651458885,372.722,robot_1,0.347,2.865
1789278294,651545718,372.722,robot_2,1.636,-1.491
1789278294,651583202,372.722,robot_0,-1.833,0.018
1789278294,651636486,372.722,robot_1_carried_generic_box,0.350,2.867
1789278294,651679279,372.722,robot_2_carried_generic_box,1.618,-1.480
1789278294,869512467,372.940,robot_1,0.347,2.865
1789278294,869589657,372.940,robot_2,1.647,-1.497
1789278294,869628999,372.940,robot_0,-1.839,0.012
1789278294,869669870,372.940,robot_1_carried_generic_box,0.347,2.865
1789278294,869703804,372.940,robot_2_carried_generic_box,1.628,-1.486
1789278295,148538849,373.219,robot_1,0.343,2.864
1789278295,148614130,373.219,robot_2,1.655,-1.502
1789278295,148659825,373.219,robot_0,-1.841,0.010
1789278295,148703735,373.219,robot_1_carried_generic_box,0.347,2.865
1789278295,148736791,373.219,robot_2_carried_generic_box,1.641,-1.494
1789278295,368891842,373.440,robot_1,0.341,2.863
1789278295,368974602,373.440,robot_2,1.667,-1.509
1789278295,369008261,373.440,robot_0,-1.842,0.008
1789278295,369051884,373.440,robot_1_carried_generic_box,0.347,2.865
1789278295,369096068,373.440,robot_2_carried_generic_box,1.648,-1.498
1789278295,595817308,373.667,robot_1,0.335,2.861
1789278295,595892914,373.667,robot_2,1.677,-1.514
1789278295,621245992,373.692,robot_0,-1.848,0.002
1789278295,621355692,373.692,robot_1_carried_generic_box,0.342,2.863
1789278295,621408379,373.692,robot_2_carried_generic_box,1.662,-1.506
1789278295,863375651,373.934,robot_1,0.331,2.860
1789278295,863510162,373.934,robot_2,1.684,-1.518
1789278295,863549055,373.934,robot_0,-1.855,-0.006
1789278295,863599826,373.934,robot_1_carried_generic_box,0.339,2.862
1789278295,863641119,373.934,robot_2_carried_generic_box,1.672,-1.511
1789278296,90802719,374.162,robot_1,0.329,2.859
1789278296,90903285,374.162,robot_2,1.693,-1.523
1789278296,90947571,374.162,robot_0,-1.859,-0.011
1789278296,90988463,374.162,robot_1_carried_generic_box,0.335,2.861
1789278296,91020542,374.162,robot_2_carried_generic_box,1.678,-1.515
1789278296,340994405,374.412,robot_1,0.321,2.857
1789278296,341093906,374.412,robot_2,1.706,-1.531
1789278296,341135806,374.412,robot_0,-1.861,-0.013
1789278296,349739639,374.421,robot_1_carried_generic_box,0.332,2.860
1789278296,349861445,374.421,robot_2_carried_generic_box,1.684,-1.518
1789278296,588470847,374.659,robot_1,0.304,2.854
1789278296,588538669,374.659,robot_2,1.716,-1.536
1789278296,588570233,374.659,robot_0,-1.864,-0.017
1789278296,588606525,374.659,robot_1_carried_generic_box,0.328,2.859
1789278296,588635596,374.659,robot_2_carried_generic_box,1.696,-1.525
1789278296,836861902,374.908,robot_1,0.292,2.852
1789278296,840854847,374.912,robot_2,1.719,-1.537
1789278296,840951447,374.912,robot_0,-1.869,-0.023
1789278296,841014032,374.912,robot_1_carried_generic_box,0.318,2.857
1789278296,841061464,374.912,robot_2_carried_generic_box,1.708,-1.532
1789278297,44002922,375.115,robot_1,0.278,2.849
1789278297,44076013,375.115,robot_2,1.719,-1.537
1789278297,44115054,375.115,robot_0,-1.880,-0.037
1789278297,44164173,375.115,robot_1_carried_generic_box,0.301,2.853
1789278297,44205380,375.115,robot_2_carried_generic_box,1.716,-1.536
1789278297,328963246,375.400,robot_1,0.273,2.849
1789278297,329087892,375.400,robot_2,1.722,-1.539
1789278297,329131743,375.400,robot_0,-1.888,-0.047
1789278297,329185258,375.400,robot_1_carried_generic_box,0.287,2.851
1789278297,329226542,375.400,robot_2_carried_generic_box,1.719,-1.537
1789278297,591625095,375.662,robot_1,0.272,2.848
1789278297,591704902,375.662,robot_2,1.736,-1.546
1789278297,591740682,375.662,robot_0,-1.900,-0.063
1789278297,591784660,375.663,robot_1_carried_generic_box,0.280,2.850
1789278297,591821533,375.663,robot_2_carried_generic_box,1.719,-1.537
1789278297,827155872,375.898,robot_1,0.270,2.848
1789278297,827233990,375.898,robot_2,1.752,-1.553
1789278297,827274650,375.898,robot_0,-1.909,-0.074
1789278297,827324967,375.898,robot_1_carried_generic_box,0.272,2.848
1789278297,827373862,375.898,robot_2_carried_generic_box,1.728,-1.542
1789278298,51879815,376.123,robot_1,0.264,2.848
1789278298,90055512,376.161,robot_2,1.768,-1.561
1789278298,90146527,376.161,robot_0,-1.919,-0.087
1789278298,90198003,376.161,robot_1_carried_generic_box,0.272,2.848
1789278298,90238769,376.161,robot_2_carried_generic_box,1.738,-1.547
1789278298,288522031,376.359,robot_1,0.264,2.847
1789278298,288611780,376.359,robot_2,1.776,-1.564
1789278298,288644650,376.359,robot_0,-1.922,-0.090
1789278298,288683500,376.359,robot_1_carried_generic_box,0.269,2.848
1789278298,288715184,376.359,robot_2_carried_generic_box,1.738,-1.547
1789278298,568115300,376.639,robot_1,0.263,2.847
1789278298,568217097,376.639,robot_2,1.789,-1.570
1789278298,568263962,376.639,robot_0,-1.923,-0.093
1789278298,568309246,376.639,robot_1_carried_generic_box,0.265,2.848
1789278298,568346564,376.639,robot_2_carried_generic_box,1.763,-1.558
1789278298,769228181,376.840,robot_1,0.260,2.847
1789278298,769313153,376.840,robot_2,1.795,-1.573
1789278298,769354032,376.840,robot_0,-1.923,-0.093
1789278298,769404541,376.840,robot_1_carried_generic_box,0.264,2.847
1789278298,769444837,376.840,robot_2_carried_generic_box,1.774,-1.563
1789278298,993203188,377.064,robot_1,0.258,2.847
1789278298,993282545,377.064,robot_2,1.806,-1.578
1789278298,993325891,377.064,robot_0,-1.925,-0.094
1789278298,993375902,377.064,robot_1_carried_generic_box,0.264,2.847
1789278298,993417343,377.064,robot_2_carried_generic_box,1.786,-1.569
1789278299,231733810,377.302,robot_1,0.257,2.847
1789278299,231806604,377.303,robot_2,1.820,-1.584
1789278299,231844934,377.303,robot_0,-1.929,-0.100
1789278299,231888160,377.303,robot_1_carried_generic_box,0.262,2.847
1789278299,231927662,377.303,robot_2_carried_generic_box,1.793,-1.572
1789278299,503574088,377.574,robot_1,0.250,2.848
1789278299,503684056,377.574,robot_2,1.834,-1.590
1789278299,503724845,377.574,robot_0,-1.934,-0.108
1789278299,503770763,377.575,robot_1_carried_generic_box,0.258,2.847
1789278299,503806901,377.575,robot_2_carried_generic_box,1.801,-1.576
1789278299,697753154,377.769,robot_1,0.240,2.850
1789278299,697823497,377.769,robot_2,1.841,-1.593
1789278299,697858762,377.769,robot_0,-1.938,-0.116
1789278299,697901482,377.769,robot_1_carried_generic_box,0.256,2.847
1789278299,697950212,377.769,robot_2_carried_generic_box,1.823,-1.585
1789278299,959591910,378.030,robot_1,0.225,2.853
1789278299,959660883,378.030,robot_2,1.855,-1.599
1789278299,959696276,378.030,robot_0,-1.945,-0.126
1789278299,959744022,378.030,robot_1_carried_generic_box,0.248,2.849
1789278299,959780860,378.031,robot_2_carried_generic_box,1.837,-1.592
1789278300,182733019,378.253,robot_1,0.211,2.856
1789278300,182803655,378.254,robot_2,1.863,-1.603
1789278300,182839667,378.254,robot_0,-1.952,-0.138
1789278300,182880090,378.254,robot_1_carried_generic_box,0.237,2.850
1789278300,182913429,378.290,robot_2_carried_generic_box,1.843,-1.594
1789278300,383726478,378.454,robot_1,0.204,2.857
1789278300,383803342,378.455,robot_2,1.866,-1.604
1789278300,383839084,378.455,robot_0,-1.956,-0.146
1789278300,383880424,378.455,robot_1_carried_generic_box,0.217,2.854
1789278300,383911680,378.455,robot_2_carried_generic_box,1.855,-1.599
1789278300,635282972,378.706,robot_1,0.200,2.858
1789278300,635366856,378.706,robot_2,1.872,-1.606
1789278300,635399568,378.706,robot_0,-1.964,-0.159
1789278300,635444534,378.706,robot_1_carried_generic_box,0.209,2.856
1789278300,635476742,378.706,robot_2_carried_generic_box,1.863,-1.603
1789278300,888564435,378.959,robot_1,0.197,2.859
1789278300,888649280,378.959,robot_2,1.873,-1.607
1789278300,888685411,378.959,robot_0,-1.969,-0.169
1789278300,888727997,378.959,robot_1_carried_generic_box,0.204,2.857
1789278300,888762273,378.960,robot_2_carried_generic_box,1.868,-1.605
1789278301,93316926,379.164,robot_1,0.192,2.860
1789278301,93405158,379.164,robot_2,1.873,-1.607
1789278301,93448956,379.164,robot_0,-1.974,-0.178
1789278301,94506467,379.165,robot_1_carried_generic_box,0.200,2.858
1789278301,94582199,379.168,robot_2_carried_generic_box,1.872,-1.607
1789278301,347148014,379.418,robot_1,0.192,2.860
1789278301,347223683,379.418,robot_2,1.873,-1.607
1789278301,347264612,379.418,robot_0,-1.976,-0.182
1789278301,347307217,379.418,robot_1_carried_generic_box,0.197,2.859
1789278301,347340938,379.418,robot_2_carried_generic_box,1.873,-1.607
1789278301,571641453,379.642,robot_1,0.186,2.863
1789278301,571733292,379.642,robot_2,1.873,-1.607
1789278301,573157376,379.644,robot_0,-1.976,-0.182
1789278301,573254176,379.644,robot_1_carried_generic_box,0.193,2.860
1789278301,573297304,379.644,robot_2_carried_generic_box,1.873,-1.607
1789278301,798334157,379.869,robot_1,0.179,2.866
1789278301,798410385,379.869,robot_2,1.874,-1.608
1789278301,798452629,379.869,robot_0,-1.976,-0.182
1789278301,798504185,379.869,robot_1_carried_generic_box,0.192,2.861
1789278301,798546035,379.869,robot_2_carried_generic_box,1.873,-1.607
1789278302,52144128,380.123,robot_1,0.168,2.871
1789278302,52239199,380.123,robot_2,1.883,-1.610
1789278302,52277042,380.128,robot_0,-1.976,-0.182
1789278302,57263282,380.128,robot_1_carried_generic_box,0.191,2.861
1789278302,57333988,380.128,robot_2_carried_generic_box,1.873,-1.607
1789278302,259636799,380.330,robot_1,0.156,2.878
1789278302,259720203,380.330,robot_2,1.897,-1.613
1789278302,260167569,380.331,robot_0,-1.976,-0.182
1789278302,260242694,380.331,robot_1_carried_generic_box,0.176,2.867
1789278302,260279042,380.331,robot_2_carried_generic_box,1.876,-1.608
1789278302,479203050,380.550,robot_1,0.146,2.884
1789278302,479290084,380.550,robot_2,1.908,-1.615
1789278302,479327918,380.550,robot_0,-1.976,-0.182
1789278302,479373806,380.550,robot_1_carried_generic_box,0.166,2.873
1789278302,479409979,380.550,robot_2_carried_generic_box,1.881,-1.609
1789278302,692677061,380.763,robot_1,0.135,2.890
1789278302,692802637,380.764,robot_2,1.922,-1.618
1789278302,692850196,380.764,robot_0,-1.976,-0.182
1789278302,692894645,380.764,robot_1_carried_generic_box,0.156,2.878
1789278302,692938561,380.764,robot_2_carried_generic_box,1.903,-1.614
1789278302,927755602,380.999,robot_1,0.128,2.894
1789278302,927824507,380.999,robot_2,1.939,-1.621
1789278302,927857911,380.999,robot_0,-1.977,-0.182
1789278302,927895564,381.012,robot_1_carried_generic_box,0.148,2.882
1789278302,941288167,381.012,robot_2_carried_generic_box,1.917,-1.617
1789278303,154650362,381.225,robot_1,0.123,2.898
1789278303,154730643,381.225,robot_2,1.950,-1.623
1789278303,154764376,381.226,robot_0,-1.977,-0.182
1789278303,154805734,381.226,robot_1_carried_generic_box,0.137,2.889
1789278303,154836835,381.226,robot_2_carried_generic_box,1.924,-1.618
1789278303,367347015,381.438,robot_1,0.115,2.903
1789278303,367427031,381.438,robot_2,1.957,-1.624
1789278303,367461164,381.438,robot_0,-1.977,-0.182
1789278303,367497412,381.438,robot_1_carried_generic_box,0.127,2.895
1789278303,367527497,381.438,robot_2_carried_generic_box,1.936,-1.620
1789278303,585544114,381.656,robot_1,0.103,2.912
1789278303,585621714,381.656,robot_2,1.961,-1.624
1789278303,585661726,381.656,robot_0,-1.977,-0.182
1789278303,585710387,381.656,robot_1_carried_generic_box,0.121,2.899
1789278303,585750580,381.656,robot_2_carried_generic_box,1.945,-1.622
1789278303,828892806,381.900,robot_1,0.091,2.921
1789278303,828972501,381.900,robot_2,1.964,-1.625
1789278303,829004642,381.900,robot_0,-1.977,-0.182
1789278303,829046611,381.900,robot_1_carried_generic_box,0.115,2.903
1789278303,829082379,381.900,robot_2_carried_generic_box,1.954,-1.623
1789278304,62573934,382.133,robot_1,0.080,2.929
1789278304,62640958,382.133,robot_2,1.972,-1.626
1789278304,62671680,382.133,robot_0,-1.977,-0.182
1789278304,62708746,382.133,robot_1_carried_generic_box,0.103,2.912
1789278304,62738609,382.133,robot_2_carried_generic_box,1.962,-1.624
1789278304,302519198,382.373,robot_1,0.069,2.938
1789278304,302588600,382.373,robot_2,1.977,-1.626
1789278304,302623485,382.373,robot_0,-1.977,-0.182
1789278304,302665545,382.373,robot_1_carried_generic_box,0.085,2.926
1789278304,302697042,382.373,robot_2_carried_generic_box,1.966,-1.625
1789278304,510950444,382.582,robot_1,0.063,2.942
1789278304,511046385,382.582,robot_2,1.981,-1.626
1789278304,511090461,382.582,robot_0,-1.977,-0.182
1789278304,511142499,382.582,robot_1_carried_generic_box,0.078,2.931
1789278304,511187754,382.584,robot_2_carried_generic_box,1.972,-1.626
1789278304,733784203,382.805,robot_1,0.056,2.948
1789278304,733856299,382.805,robot_2,1.991,-1.627
1789278304,733891370,382.805,robot_0,-1.977,-0.182
1789278304,776308178,382.847,robot_1_carried_generic_box,0.069,2.938
1789278304,776404255,382.847,robot_2_carried_generic_box,1.977,-1.626
1789278304,967876021,383.039,robot_1,0.049,2.954
1789278304,974618688,383.045,robot_2,1.994,-1.627
1789278304,974710095,383.045,robot_0,-1.977,-0.182
1789278304,974765572,383.046,robot_1_carried_generic_box,0.063,2.942
1789278304,974802632,383.046,robot_2_carried_generic_box,1.981,-1.626
1789278305,205260337,383.276,robot_1,0.042,2.960
1789278305,205329760,383.276,robot_2,2.002,-1.627
1789278305,205365556,383.276,robot_0,-1.977,-0.182
1789278305,205407766,383.276,robot_1_carried_generic_box,0.056,2.948
1789278305,205441049,383.276,robot_2_carried_generic_box,1.991,-1.627
1789278305,451865745,383.523,robot_1,0.039,2.962
1789278305,454998887,383.532,robot_2,2.007,-1.628
1789278305,460969867,383.532,robot_0,-1.977,-0.182
1789278305,461028062,383.532,robot_1_carried_generic_box,0.050,2.952
1789278305,461062973,383.532,robot_2_carried_generic_box,1.992,-1.627
1789278305,728108225,383.799,robot_1,0.034,2.966
1789278305,728193810,383.799,robot_2,2.017,-1.628
1789278305,728228447,383.799,robot_0,-1.977,-0.182
1789278305,728270942,383.799,robot_1_carried_generic_box,0.041,2.960
1789278305,728309247,383.799,robot_2_carried_generic_box,2.002,-1.627
1789278305,963088892,384.034,robot_1,0.031,2.968
1789278305,990826838,384.062,robot_2,2.030,-1.628
1789278305,990914581,384.062,robot_0,-1.978,-0.182
1789278305,990967323,384.062,robot_1_carried_generic_box,0.038,2.963
1789278305,990997934,384.062,robot_2_carried_generic_box,2.007,-1.628
1789278306,186305310,384.257,robot_1,0.031,2.968
1789278306,186376213,384.257,robot_2,2.039,-1.628
1789278306,186413868,384.257,robot_0,-1.978,-0.181
1789278306,186461958,384.257,robot_1_carried_generic_box,0.034,2.966
1789278306,186503127,384.257,robot_2_carried_generic_box,2.012,-1.628
1789278306,416650518,384.487,robot_1,0.031,2.968
1789278306,416736566,384.487,robot_2,2.051,-1.627
1789278306,416779430,384.488,robot_0,-1.979,-0.177
1789278306,416830997,384.488,robot_1_carried_generic_box,0.031,2.968
1789278306,416871342,384.488,robot_2_carried_generic_box,2.032,-1.628
1789278306,648561144,384.719,robot_1,0.031,2.968
1789278306,648632086,384.719,robot_2,2.063,-1.627
1789278306,648665820,384.719,robot_0,-1.980,-0.173
1789278306,669003724,384.740,robot_1_carried_generic_box,0.031,2.968
1789278306,669102317,384.740,robot_2_carried_generic_box,2.042,-1.628
1789278306,878450783,384.969,robot_1,0.031,2.968
1789278306,898074610,384.969,robot_2,2.077,-1.627
1789278306,898139413,384.969,robot_0,-1.980,-0.173
1789278306,898186690,384.969,robot_1_carried_generic_box,0.031,2.968
1789278306,898217221,384.969,robot_2_carried_generic_box,2.051,-1.627
1789278307,151898533,385.243,robot_1,0.031,2.968
1789278307,172298812,385.243,robot_2,2.090,-1.626
1789278307,172364563,385.243,robot_0,-1.980,-0.173
1789278307,172409940,385.243,robot_1_carried_generic_box,0.031,2.968
1789278307,172444425,385.243,robot_2_carried_generic_box,2.068,-1.627
1789278307,361549376,385.432,robot_1,0.031,2.968
1789278307,361637390,385.433,robot_2,2.101,-1.626
1789278307,361853733,385.433,robot_0,-1.980,-0.173
1789278307,361901984,385.433,robot_1_carried_generic_box,0.031,2.968
1789278307,361946243,385.433,robot_2_carried_generic_box,2.084,-1.627
1789278307,637495525,385.708,robot_1,0.031,2.969
1789278307,637572745,385.708,robot_2,2.111,-1.626
1789278307,637606936,385.708,robot_0,-1.981,-0.170
1789278307,637645490,385.708,robot_1_carried_generic_box,0.031,2.968
1789278307,637676465,385.708,robot_2_carried_generic_box,2.090,-1.626
1789278307,864191913,385.935,robot_1,0.031,2.969
1789278307,864257893,385.935,robot_2,2.115,-1.625
1789278307,864291526,385.935,robot_0,-1.983,-0.165
1789278307,864333572,385.935,robot_1_carried_generic_box,0.031,2.968
1789278307,864364924,385.935,robot_2_carried_generic_box,2.101,-1.626
1789278308,94128644,386.165,robot_1,0.031,2.969
1789278308,94216803,386.165,robot_2,2.115,-1.626
1789278308,94252606,386.165,robot_0,-1.983,-0.165
1789278308,94299506,386.165,robot_1_carried_generic_box,0.031,2.969
1789278308,94336614,386.165,robot_2_carried_generic_box,2.110,-1.626
1789278308,354429274,386.425,robot_1,0.031,2.969
1789278308,354509649,386.425,robot_2,2.115,-1.626
1789278308,354544881,386.425,robot_0,-1.983,-0.165
1789278308,354588504,386.425,robot_1_carried_generic_box,0.031,2.969
1789278308,354621068,386.425,robot_2_carried_generic_box,2.115,-1.626
1789278308,557355918,386.628,robot_1,0.031,2.969
1789278308,557442231,386.628,robot_2,2.117,-1.625
1789278308,557483525,386.628,robot_0,-1.983,-0.165
1789278308,557532657,386.628,robot_1_carried_generic_box,0.031,2.969
1789278308,557572712,386.628,robot_2_carried_generic_box,2.115,-1.626
1789278308,825935726,386.897,robot_1,0.031,2.969
1789278308,826019741,386.897,robot_2,2.124,-1.625
1789278308,826056135,386.897,robot_0,-1.983,-0.165
1789278308,826101740,386.897,robot_1_carried_generic_box,0.031,2.969
1789278308,826140416,386.897,robot_2_carried_generic_box,2.116,-1.625
1789278309,84723028,387.156,robot_1,0.031,2.969
1789278309,84853525,387.156,robot_2,2.124,-1.625
1789278309,84896662,387.156,robot_0,-1.983,-0.165
1789278309,84948200,387.156,robot_1_carried_generic_box,0.031,2.969
1789278309,84984119,387.156,robot_2_carried_generic_box,2.116,-1.625
1789278309,260807509,387.332,robot_1,0.031,2.969
1789278309,260886159,387.332,robot_2,2.124,-1.625
1789278309,262996248,387.334,robot_0,-1.983,-0.165
1789278309,263092958,387.334,robot_1_carried_generic_box,0.031,2.969
1789278309,263133834,387.334,robot_2_carried_generic_box,2.124,-1.625
1789278309,529876694,387.601,robot_1,0.031,2.969
1789278309,529959723,387.601,robot_2,2.125,-1.624
1789278309,529993852,387.601,robot_0,-1.983,-0.165
1789278309,530033524,387.601,robot_1_carried_generic_box,0.031,2.969
1789278309,530065895,387.601,robot_2_carried_generic_box,2.124,-1.625
1789278309,748004519,387.819,robot_1,0.031,2.969
1789278309,748082787,387.819,robot_2,2.132,-1.623
1789278309,748117709,387.819,robot_0,-1.983,-0.165
1789278309,748158811,387.819,robot_1_carried_generic_box,0.031,2.969
1789278309,748191526,387.819,robot_2_carried_generic_box,2.124,-1.625
1789278309,978413325,388.049,robot_1,0.031,2.970
1789278309,994943511,388.066,robot_2,2.139,-1.621
1789278309,995020400,388.066,robot_0,-1.983,-0.165
1789278309,995071799,388.066,robot_1_carried_generic_box,0.031,2.969
1789278309,995113024,388.066,robot_2_carried_generic_box,2.125,-1.624
1789278310,226393634,388.297,robot_1,0.031,2.970
1789278310,226468050,388.297,robot_2,2.144,-1.619
1789278310,226499457,388.297,robot_0,-1.983,-0.165
1789278310,226537829,388.297,robot_1_carried_generic_box,0.031,2.969
1789278310,226569013,388.297,robot_2_carried_generic_box,2.128,-1.624
1789278310,483357817,388.554,robot_1,0.025,2.970
1789278310,483429604,388.554,robot_2,2.159,-1.613
1789278310,483462481,388.554,robot_0,-1.983,-0.165
1789278310,483503679,388.554,robot_1_carried_generic_box,0.031,2.970
1789278310,483537263,388.554,robot_2_carried_generic_box,2.140,-1.620
1789278310,770020179,388.841,robot_1,0.011,2.970
1789278310,770088226,388.841,robot_2,2.175,-1.606
1789278310,770120099,388.841,robot_0,-1.983,-0.165
1789278310,770160244,388.841,robot_1_carried_generic_box,0.031,2.970
1789278310,770190377,388.841,robot_2_carried_generic_box,2.151,-1.616
1789278310,981949085,389.053,robot_1,0.004,2.970
1789278310,982018909,389.053,robot_2,2.185,-1.601
1789278310,982048228,389.053,robot_0,-1.983,-0.165
1789278310,982090988,389.053,robot_1_carried_generic_box,0.027,2.970
1789278310,982118379,389.053,robot_2_carried_generic_box,2.161,-1.612
1789278311,261184611,389.332,robot_1,-0.005,2.970
1789278311,261265232,389.332,robot_2,2.193,-1.597
1789278311,266587273,389.337,robot_0,-1.983,-0.165
1789278311,266686203,389.337,robot_1_carried_generic_box,0.007,2.970
1789278311,266727306,389.337,robot_2_carried_generic_box,2.182,-1.602
1789278311,465910086,389.555,robot_1,-0.021,2.969
1789278311,484480329,389.555,robot_2,2.194,-1.597
1789278311,486348910,389.557,robot_0,-1.983,-0.165
1789278311,486436702,389.557,robot_1_carried_generic_box,0.003,2.970
1789278311,486476291,389.557,robot_2_carried_generic_box,2.188,-1.599
1789278311,693905943,389.765,robot_1,-0.036,2.968
1789278311,693982905,389.765,robot_2,2.194,-1.597
1789278311,694020279,389.765,robot_0,-1.983,-0.165
1789278311,694064426,389.765,robot_1_carried_generic_box,-0.005,2.970
1789278311,694099675,389.765,robot_2_carried_generic_box,2.193,-1.597
1789278311,936238000,390.007,robot_1,-0.046,2.968
1789278311,936311013,390.007,robot_2,2.194,-1.597
1789278311,936343176,390.007,robot_0,-1.983,-0.165
1789278311,936381071,390.007,robot_1_carried_generic_box,-0.021,2.969
1789278311,936410260,390.007,robot_2_carried_generic_box,2.194,-1.597
1789278312,204705670,390.275,robot_1,-0.063,2.967
1789278312,204781263,390.276,robot_2,2.194,-1.597
1789278312,204825656,390.276,robot_0,-1.983,-0.165
1789278312,204878278,390.276,robot_1_carried_generic_box,-0.036,2.968
1789278312,204918905,390.281,robot_2_carried_generic_box,2.194,-1.597
1789278312,426829898,390.498,robot_1,-0.076,2.966
1789278312,426905187,390.511,robot_2,2.194,-1.597
1789278312,440092368,390.511,robot_0,-1.986,-0.164
1789278312,440177742,390.511,robot_1_carried_generic_box,-0.046,2.968
1789278312,440216440,390.511,robot_2_carried_generic_box,2.194,-1.597
1789278312,634204368,390.705,robot_1,-0.082,2.966
1789278312,634281931,390.705,robot_2,2.194,-1.597
1789278312,634320916,390.705,robot_0,-1.992,-0.161
1789278312,634366365,390.705,robot_1_carried_generic_box,-0.060,2.967
1789278312,634398140,390.705,robot_2_carried_generic_box,2.194,-1.597
1789278312,854710045,390.925,robot_1,-0.092,2.965
1789278312,854790949,390.926,robot_2,2.194,-1.597
1789278312,854830756,390.926,robot_0,-1.999,-0.157
1789278312,854878147,390.926,robot_1_carried_generic_box,-0.068,2.967
1789278312,854909350,390.926,robot_2_carried_generic_box,2.194,-1.597
1789278313,64233812,391.135,robot_1,-0.100,2.965
1789278313,64348652,391.135,robot_2,2.194,-1.597
1789278313,64391371,391.135,robot_0,-2.006,-0.154
1789278313,64443605,391.135,robot_1_carried_generic_box,-0.077,2.966
1789278313,64488806,391.135,robot_2_carried_generic_box,2.194,-1.597
1789278313,310316669,391.381,robot_1,-0.114,2.965
1789278313,310387208,391.381,robot_2,2.194,-1.597
1789278313,310419722,391.381,robot_0,-2.008,-0.153
1789278313,310461118,391.381,robot_1_carried_generic_box,-0.096,2.965
1789278313,310493553,391.381,robot_2_carried_generic_box,2.194,-1.597
1789278313,515466121,391.586,robot_1,-0.129,2.964
1789278313,515545235,391.586,robot_2,2.194,-1.597
1789278313,515591844,391.586,robot_0,-2.008,-0.153
1789278313,515641583,391.586,robot_1_carried_generic_box,-0.100,2.965
1789278313,515682033,391.586,robot_2_carried_generic_box,2.194,-1.597
1789278313,726985431,391.798,robot_1,-0.141,2.964
1789278313,727059033,391.798,robot_2,2.194,-1.597
1789278313,727092740,391.798,robot_0,-2.008,-0.153
1789278313,727134078,391.798,robot_1_carried_generic_box,-0.114,2.965
1789278313,727168557,391.798,robot_2_carried_generic_box,2.194,-1.597
1789278313,927717226,391.998,robot_1,-0.152,2.963
1789278313,927794577,391.999,robot_2,2.194,-1.597
1789278313,927835564,391.999,robot_0,-2.008,-0.153
1789278313,927883057,391.999,robot_1_carried_generic_box,-0.123,2.964
1789278313,943788961,392.015,robot_2_carried_generic_box,2.194,-1.597
1789278314,165025299,392.236,robot_1,-0.161,2.963
1789278314,165101334,392.236,robot_2,2.194,-1.597
1789278314,165137265,392.236,robot_0,-2.008,-0.153
1789278314,165178962,392.236,robot_1_carried_generic_box,-0.147,2.964
1789278314,165214778,392.236,robot_2_carried_generic_box,2.194,-1.597
1789278314,384602001,392.455,robot_1,-0.171,2.963
1789278314,384672977,392.455,robot_2,2.194,-1.597
1789278314,384704037,392.455,robot_0,-2.008,-0.153
1789278314,384740385,392.455,robot_1_carried_generic_box,-0.152,2.963
1789278314,384771115,392.456,robot_2_carried_generic_box,2.194,-1.597
1789278314,592763140,392.665,robot_1,-0.182,2.963
1789278314,594284739,392.665,robot_2,2.194,-1.598
1789278314,594335765,392.665,robot_0,-2.008,-0.153
1789278314,594380475,392.665,robot_1_carried_generic_box,-0.160,2.963
1789278314,594413927,392.665,robot_2_carried_generic_box,2.194,-1.597
1789278314,820887563,392.892,robot_1,-0.196,2.962
1789278314,820976851,392.892,robot_2,2.194,-1.598
1789278314,821017648,392.892,robot_0,-2.008,-0.153
1789278314,821064408,392.892,robot_1_carried_generic_box,-0.166,2.963
1789278314,821103688,392.892,robot_2_carried_generic_box,2.194,-1.597
1789278315,24144624,393.095,robot_1,-0.204,2.962
1789278315,24222015,393.095,robot_2,2.195,-1.598
1789278315,24254324,393.095,robot_0,-2.008,-0.153
1789278315,24301157,393.095,robot_1_carried_generic_box,-0.176,2.963
1789278315,24335468,393.095,robot_2_carried_generic_box,2.194,-1.597
1789278315,276707365,393.347,robot_1,-0.216,2.962
1789278315,276780602,393.348,robot_2,2.195,-1.598
1789278315,276815462,393.348,robot_0,-2.008,-0.153
1789278315,276863342,393.348,robot_1_carried_generic_box,-0.198,2.962
1789278315,276904349,393.348,robot_2_carried_generic_box,2.194,-1.598
1789278315,503430043,393.574,robot_1,-0.222,2.962
1789278315,503504767,393.574,robot_2,2.195,-1.598
1789278315,503543059,393.574,robot_0,-2.008,-0.153
1789278315,503590692,393.574,robot_1_carried_generic_box,-0.206,2.962
1789278315,503627418,393.574,robot_2_carried_generic_box,2.195,-1.598
1789278315,730102019,393.801,robot_1,-0.230,2.962
1789278315,730172030,393.801,robot_2,2.195,-1.598
1789278315,730205700,393.801,robot_0,-2.008,-0.153
1789278315,730244651,393.801,robot_1_carried_generic_box,-0.216,2.962
1789278315,730275123,393.801,robot_2_carried_generic_box,2.195,-1.598
1789278315,963620884,394.034,robot_1,-0.244,2.962
1789278315,963696310,394.034,robot_2,2.195,-1.598
1789278315,963736031,394.034,robot_0,-2.008,-0.153
1789278315,963786809,394.035,robot_1_carried_generic_box,-0.227,2.962
1789278315,963826389,394.035,robot_2_carried_generic_box,2.195,-1.598
1789278316,225470882,394.296,robot_1,-0.259,2.962
1789278316,225556580,394.296,robot_2,2.195,-1.598
1789278316,225598406,394.296,robot_0,-2.008,-0.154
1789278316,225695270,394.296,robot_1_carried_generic_box,-0.235,2.962
1789278316,225739397,394.296,robot_2_carried_generic_box,2.195,-1.598
1789278316,445030772,394.516,robot_1,-0.277,2.963
1789278316,445103212,394.516,robot_2,2.195,-1.598
1789278316,445134944,394.516,robot_0,-2.008,-0.154
1789278316,445175951,394.516,robot_1_carried_generic_box,-0.247,2.962
1789278316,445211783,394.516,robot_2_carried_generic_box,2.195,-1.598
1789278316,694199764,394.765,robot_1,-0.289,2.963
1789278316,694278366,394.765,robot_2,2.195,-1.598
1789278316,694317014,394.765,robot_0,-2.008,-0.154
1789278316,694363798,394.765,robot_1_carried_generic_box,-0.262,2.962
1789278316,694398453,394.765,robot_2_carried_generic_box,2.195,-1.598
1789278316,905976769,394.977,robot_1,-0.303,2.963
1789278316,920181060,394.991,robot_2,2.195,-1.598
1789278316,920269314,394.991,robot_0,-2.008,-0.154
1789278316,920318555,394.991,robot_1_carried_generic_box,-0.274,2.963
1789278316,920351285,394.991,robot_2_carried_generic_box,2.195,-1.598
1789278317,117235540,395.188,robot_1,-0.313,2.963
1789278317,117318437,395.188,robot_2,2.195,-1.598
1789278317,117354990,395.188,robot_0,-2.008,-0.154
1789278317,117399034,395.188,robot_1_carried_generic_box,-0.286,2.963
1789278317,117432094,395.188,robot_2_carried_generic_box,2.195,-1.598
1789278317,393104973,395.464,robot_1,-0.328,2.964
1789278317,393191363,395.464,robot_2,2.195,-1.598
1789278317,393229306,395.464,robot_0,-2.008,-0.154
1789278317,393271804,395.464,robot_1_carried_generic_box,-0.300,2.963
1789278317,393309794,395.464,robot_2_carried_generic_box,2.195,-1.598
1789278317,595391945,395.666,robot_1,-0.343,2.964
1789278317,595475694,395.666,robot_2,2.195,-1.598
1789278317,595513508,395.666,robot_0,-2.008,-0.154
1789278317,595563686,395.666,robot_1_carried_generic_box,-0.316,2.963
1789278317,595603974,395.666,robot_2_carried_generic_box,2.195,-1.598
1789278317,854866996,395.926,robot_1,-0.355,2.964
1789278317,860667821,395.931,robot_2,2.195,-1.598
1789278317,860746401,395.931,robot_0,-2.008,-0.154
1789278317,860794719,395.932,robot_1_carried_generic_box,-0.334,2.964
1789278317,860829273,395.932,robot_2_carried_generic_box,2.195,-1.598
1789278318,101461723,396.172,robot_1,-0.370,2.965
1789278318,104680745,396.175,robot_2,2.195,-1.598
1789278318,104761169,396.176,robot_0,-2.008,-0.154
1789278318,104811378,396.176,robot_1_carried_generic_box,-0.348,2.964
1789278318,104846710,396.176,robot_2_carried_generic_box,2.195,-1.598
1789278318,313337404,396.384,robot_1,-0.385,2.965
1789278318,313403958,396.384,robot_2,2.195,-1.598
1789278318,313442326,396.384,robot_0,-2.008,-0.154
1789278318,313490337,396.384,robot_1_carried_generic_box,-0.358,2.964
1789278318,313525370,396.384,robot_2_carried_generic_box,2.195,-1.598
1789278318,531843664,396.603,robot_1,-0.398,2.965
1789278318,531908762,396.603,robot_2,2.196,-1.598
1789278318,531956164,396.603,robot_0,-2.008,-0.154
1789278318,532007164,396.603,robot_1_carried_generic_box,-0.367,2.964
1789278318,532039814,396.603,robot_2_carried_generic_box,2.195,-1.598
1789278318,774631800,396.847,robot_1,-0.404,2.965
1789278318,776048483,396.847,robot_2,2.196,-1.598
1789278318,776100606,396.847,robot_0,-2.008,-0.154
1789278318,776150076,396.847,robot_1_carried_generic_box,-0.385,2.965
1789278318,776183051,396.847,robot_2_carried_generic_box,2.196,-1.598
1789278318,976227979,397.047,robot_1,-0.405,2.965
1789278318,976293558,397.047,robot_2,2.196,-1.598
1789278318,976330592,397.047,robot_0,-2.008,-0.154
1789278318,976375323,397.047,robot_1_carried_generic_box,-0.401,2.965
1789278318,976416118,397.047,robot_2_carried_generic_box,2.196,-1.598
1789278319,200260772,397.271,robot_1,-0.407,2.965
1789278319,200337662,397.271,robot_2,2.196,-1.598
1789278319,200373083,397.271,robot_0,-2.008,-0.154
1789278319,200416015,397.271,robot_1_carried_generic_box,-0.405,2.965
1789278319,200453473,397.271,robot_2_carried_generic_box,2.196,-1.598
1789278319,469364439,397.540,robot_1,-0.412,2.966
1789278319,469456466,397.540,robot_2,2.196,-1.598
1789278319,469497428,397.540,robot_0,-2.005,-0.152
1789278319,469545841,397.540,robot_1_carried_generic_box,-0.405,2.965
1789278319,469579256,397.540,robot_2_carried_generic_box,2.196,-1.598
1789278319,705552326,397.776,robot_1,-0.414,2.966
1789278319,705637723,397.776,robot_2,2.196,-1.598
1789278319,705674924,397.776,robot_0,-2.001,-0.148
1789278319,705723951,397.776,robot_1_carried_generic_box,-0.405,2.965
1789278319,705755529,397.776,robot_2_carried_generic_box,2.196,-1.598
1789278319,951844368,398.023,robot_1,-0.416,2.966
1789278319,971665914,398.042,robot_2,2.196,-1.597
1789278319,971752072,398.043,robot_0,-1.999,-0.147
1789278319,971817088,398.043,robot_1_carried_generic_box,-0.413,2.966
1789278319,971858770,398.043,robot_2_carried_generic_box,2.196,-1.598
1789278320,227563813,398.298,robot_1,-0.430,2.968
1789278320,227639818,398.298,robot_2,2.196,-1.597
1789278320,227678028,398.298,robot_0,-1.997,-0.144
1789278320,227723300,398.298,robot_1_carried_generic_box,-0.414,2.966
1789278320,227753099,398.298,robot_2_carried_generic_box,2.196,-1.597
1789278320,478608812,398.549,robot_1,-0.437,2.969
1789278320,478678519,398.549,robot_2,2.196,-1.597
1789278320,478714311,398.549,robot_0,-1.991,-0.137
1789278320,478758901,398.550,robot_1_carried_generic_box,-0.423,2.967
1789278320,478790648,398.550,robot_2_carried_generic_box,2.196,-1.597
1789278320,716111356,398.787,robot_1,-0.439,2.969
1789278320,716185982,398.787,robot_2,2.196,-1.597
1789278320,716228231,398.787,robot_0,-1.983,-0.126
1789278320,716280516,398.787,robot_1_carried_generic_box,-0.432,2.968
1789278320,716316094,398.787,robot_2_carried_generic_box,2.196,-1.597
1789278320,939684017,399.010,robot_1,-0.439,2.969
1789278320,939755457,399.011,robot_2,2.196,-1.597
1789278320,939793075,399.011,robot_0,-1.976,-0.116
1789278320,939829590,399.011,robot_1_carried_generic_box,-0.438,2.969
1789278320,939857111,399.011,robot_2_carried_generic_box,2.196,-1.597
1789278321,156163414,399.227,robot_1,-0.439,2.969
1789278321,156232316,399.227,robot_2,2.191,-1.591
1789278321,156269241,399.227,robot_0,-1.966,-0.101
1789278321,156318805,399.245,robot_1_carried_generic_box,-0.439,2.969
1789278321,175153911,399.246,robot_2_carried_generic_box,2.196,-1.597
1789278321,395700341,399.466,robot_1,-0.440,2.969
1789278321,395763197,399.467,robot_2,2.183,-1.581
1789278321,395796149,399.467,robot_0,-1.958,-0.090
1789278321,395833588,399.467,robot_1_carried_generic_box,-0.439,2.969
1789278321,395859714,399.467,robot_2_carried_generic_box,2.195,-1.596
1789278321,657573708,399.728,robot_1,-0.445,2.970
1789278321,657643211,399.728,robot_2,2.173,-1.570
1789278321,657680116,399.728,robot_0,-1.950,-0.077
1789278321,657725641,399.728,robot_1_carried_generic_box,-0.439,2.969
1789278321,657756505,399.728,robot_2_carried_generic_box,2.190,-1.589
1789278321,921389807,399.992,robot_1,-0.459,2.975
1789278321,921455019,399.992,robot_2,2.164,-1.560
1789278321,921487175,399.992,robot_0,-1.941,-0.062
1789278321,921525029,399.992,robot_1_carried_generic_box,-0.440,2.969
1789278321,921551085,399.992,robot_2_carried_generic_box,2.185,-1.583
1789278322,152650846,400.223,robot_1,-0.473,2.980
1789278322,152718706,400.223,robot_2,2.161,-1.557
1789278322,152751294,400.223,robot_0,-1.933,-0.049
1789278322,152794844,400.224,robot_1_carried_generic_box,-0.445,2.970
1789278322,152822342,400.224,robot_2_carried_generic_box,2.171,-1.568
1789278322,454196629,400.525,robot_1,-0.485,2.984
1789278322,454271355,400.525,robot_2,2.161,-1.557
1789278322,454307342,400.525,robot_0,-1.925,-0.036
1789278322,454352285,400.525,robot_1_carried_generic_box,-0.456,2.974
1789278322,454380562,400.525,robot_2_carried_generic_box,2.162,-1.558
1789278322,695234634,400.766,robot_1,-0.499,2.989
1789278322,695298540,400.774,robot_2,2.161,-1.557
1789278322,703771050,400.775,robot_0,-1.918,-0.023
1789278322,703838528,400.775,robot_1_carried_generic_box,-0.468,2.978
1789278322,703878642,400.775,robot_2_carried_generic_box,2.161,-1.557
1789278322,946628024,401.017,robot_1,-0.512,2.995
1789278322,946692472,401.017,robot_2,2.160,-1.556
1789278322,946728452,401.017,robot_0,-1.910,-0.011
1789278322,946772003,401.018,robot_1_carried_generic_box,-0.491,2.986
1789278322,946805292,401.018,robot_2_carried_generic_box,2.161,-1.557
1789278323,255323951,401.326,robot_1,-0.522,2.999
1789278323,255398089,401.326,robot_2,2.155,-1.552
1789278323,255435039,401.326,robot_0,-1.903,0.000
1789278323,255477513,401.326,robot_1_carried_generic_box,-0.510,2.994
1789278323,255508700,401.326,robot_2_carried_generic_box,2.161,-1.557
1789278323,498370681,401.569,robot_1,-0.532,3.003
1789278323,498435581,401.569,robot_2,2.154,-1.551
1789278323,498465169,401.569,robot_0,-1.896,0.013
1789278323,498502059,401.569,robot_1_carried_generic_box,-0.515,2.996
1789278323,498527300,401.569,robot_2_carried_generic_box,2.158,-1.555
1789278323,783232297,401.854,robot_1,-0.539,3.006
1789278323,783324466,401.854,robot_2,2.152,-1.550
1789278323,783368005,401.854,robot_0,-1.888,0.025
1789278323,783419461,401.854,robot_1_carried_generic_box,-0.521,2.998
1789278323,783455052,401.854,robot_2_carried_generic_box,2.155,-1.552
1789278324,11123865,402.082,robot_1,-0.543,3.008
1789278324,11241660,402.082,robot_2,2.145,-1.545
1789278324,11316522,402.082,robot_0,-1.881,0.038
1789278324,11406746,402.082,robot_1_carried_generic_box,-0.534,3.004
1789278324,11463279,402.082,robot_2_carried_generic_box,2.154,-1.551
1789278324,227715804,402.298,robot_1,-0.548,3.011
1789278324,227790021,402.299,robot_2,2.142,-1.543
1789278324,227823795,402.299,robot_0,-1.873,0.050
1789278324,227864196,402.299,robot_1_carried_generic_box,-0.542,3.008
1789278324,227889270,402.299,robot_2_carried_generic_box,2.153,-1.551
1789278324,447781025,402.519,robot_1,-0.548,3.011
1789278324,447844881,402.519,robot_2,2.142,-1.543
1789278324,447882736,402.519,robot_0,-1.867,0.060
1789278324,448545519,402.519,robot_1_carried_generic_box,-0.542,3.008
1789278324,448633846,402.519,robot_2_carried_generic_box,2.146,-1.546
1789278324,704396032,402.776,robot_1,-0.550,3.012
1789278324,705307273,402.776,robot_2,2.142,-1.543
1789278324,705350993,402.776,robot_0,-1.862,0.070
1789278324,705397081,402.776,robot_1_carried_generic_box,-0.548,3.011
1789278324,705427373,402.776,robot_2_carried_generic_box,2.142,-1.544
1789278324,929393785,403.000,robot_1,-0.556,3.015
1789278324,929458940,403.000,robot_2,2.138,-1.542
1789278324,929492286,403.000,robot_0,-1.855,0.081
1789278324,929530540,403.000,robot_1_carried_generic_box,-0.548,3.011
1789278324,929556004,403.000,robot_2_carried_generic_box,2.142,-1.543
1789278325,150962837,403.222,robot_1,-0.558,3.017
1789278325,151042567,403.222,robot_2,2.136,-1.541
1789278325,151079820,403.222,robot_0,-1.850,0.091
1789278325,151123836,403.222,robot_1_carried_generic_box,-0.550,3.012
1789278325,151150413,403.222,robot_2_carried_generic_box,2.141,-1.543
1789278325,374868081,403.446,robot_1,-0.558,3.017
1789278325,374943632,403.446,robot_2,2.132,-1.540
1789278325,374976697,403.446,robot_0,-1.846,0.097
1789278325,375017653,403.446,robot_1_carried_generic_box,-0.555,3.015
1789278325,375047476,403.446,robot_2_carried_generic_box,2.138,-1.542
1789278325,583933793,403.655,robot_1,-0.558,3.016
1789278325,583997840,403.655,robot_2,2.128,-1.539
1789278325,584035757,403.655,robot_0,-1.842,0.105
1789278325,584080229,403.655,robot_1_carried_generic_box,-0.558,3.017
1789278325,613156748,403.684,robot_2_carried_generic_box,2.136,-1.541
1789278325,830141271,403.901,robot_1,-0.558,3.016
1789278325,832558878,403.903,robot_2,2.125,-1.538
1789278325,832644571,403.903,robot_0,-1.836,0.116
1789278325,832698673,403.903,robot_1_carried_generic_box,-0.558,3.017
1789278325,832734914,403.903,robot_2_carried_generic_box,2.134,-1.540
1789278326,67689601,404.138,robot_1,-0.558,3.016
1789278326,67746758,404.138,robot_2,2.120,-1.537
1789278326,67780833,404.139,robot_0,-1.832,0.122
1789278326,67820908,404.139,robot_1_carried_generic_box,-0.558,3.016
1789278326,67851993,404.139,robot_2_carried_generic_box,2.127,-1.538
1789278326,334426416,404.405,robot_1,-0.558,3.016
1789278326,334495527,404.405,robot_2,2.117,-1.537
1789278326,334533062,404.405,robot_0,-1.824,0.138
1789278326,334575942,404.405,robot_1_carried_generic_box,-0.558,3.016
1789278326,334609606,404.405,robot_2_carried_generic_box,2.126,-1.538
1789278326,580120095,404.651,robot_1,-0.558,3.017
1789278326,590807729,404.662,robot_2,2.117,-1.537
1789278326,590915359,404.662,robot_0,-1.818,0.149
1789278326,590975351,404.662,robot_1_carried_generic_box,-0.558,3.016
1789278326,591005097,404.662,robot_2_carried_generic_box,2.119,-1.537
1789278326,807349993,404.878,robot_1,-0.558,3.017
1789278326,807417030,404.878,robot_2,2.116,-1.537
1789278326,807452370,404.878,robot_0,-1.812,0.159
1789278326,807492998,404.878,robot_1_carried_generic_box,-0.558,3.016
1789278326,807521869,404.878,robot_2_carried_generic_box,2.117,-1.537
1789278327,74998539,405.146,robot_1,-0.558,3.017
1789278327,75064550,405.146,robot_2,2.110,-1.537
1789278327,75096623,405.146,robot_0,-1.805,0.173
1789278327,75134685,405.146,robot_1_carried_generic_box,-0.558,3.017
1789278327,75163313,405.146,robot_2_carried_generic_box,2.117,-1.537
1789278327,292615247,405.363,robot_1,-0.558,3.017
1789278327,292679812,405.363,robot_2,2.099,-1.537
1789278327,292716016,405.363,robot_0,-1.800,0.184
1789278327,292759438,405.364,robot_1_carried_generic_box,-0.558,3.017
1789278327,292790121,405.364,robot_2_carried_generic_box,2.116,-1.537
1789278327,537758018,405.609,robot_1,-0.558,3.017
1789278327,537828965,405.609,robot_2,2.082,-1.539
1789278327,537867758,405.609,robot_0,-1.796,0.191
1789278327,537909940,405.632,robot_1_carried_generic_box,-0.558,3.017
1789278327,560943907,405.632,robot_2_carried_generic_box,2.106,-1.537
1789278327,764182769,405.835,robot_1,-0.558,3.017
1789278327,764257114,405.835,robot_2,2.070,-1.540
1789278327,764300705,405.835,robot_0,-1.792,0.199
1789278327,764353260,405.835,robot_1_carried_generic_box,-0.558,3.017
1789278327,764390761,405.835,robot_2_carried_generic_box,2.096,-1.538
1789278328,51190112,406.122,robot_1,-0.558,3.017
1789278328,51275422,406.122,robot_2,2.049,-1.543
1789278328,51326043,406.122,robot_0,-1.783,0.217
1789278328,51373372,406.122,robot_1_carried_generic_box,-0.558,3.017
1789278328,51402884,406.122,robot_2_carried_generic_box,2.085,-1.539
1789278328,249760377,406.321,robot_1,-0.558,3.017
1789278328,249836515,406.321,robot_2,2.034,-1.546
1789278328,249878163,406.321,robot_0,-1.776,0.230
1789278328,280020410,406.351,robot_1_carried_generic_box,-0.558,3.017
1789278328,280134772,406.351,robot_2_carried_generic_box,2.061,-1.542
1789278328,451956282,406.523,robot_1,-0.558,3.017
1789278328,452053376,406.523,robot_2,2.022,-1.548
1789278328,452086862,406.523,robot_0,-1.772,0.238
1789278328,452127960,406.523,robot_1_carried_generic_box,-0.558,3.017
1789278328,452153587,406.523,robot_2_carried_generic_box,2.055,-1.542
1789278328,667207133,406.738,robot_1,-0.558,3.017
1789278328,683550982,406.754,robot_2,2.012,-1.549
1789278328,683641513,406.754,robot_0,-1.766,0.249
1789278328,683694613,406.754,robot_1_carried_generic_box,-0.558,3.017
1789278328,683727696,406.754,robot_2_carried_generic_box,2.034,-1.546
1789278328,901598675,406.972,robot_1,-0.557,3.017
1789278328,901666099,406.972,robot_2,2.009,-1.550
1789278328,901708024,406.972,robot_0,-1.761,0.260
1789278328,901759590,406.973,robot_1_carried_generic_box,-0.558,3.017
1789278328,901797252,406.973,robot_2_carried_generic_box,2.020,-1.548
1789278329,166162511,407.237,robot_1,-0.548,3.017
1789278329,166226242,407.237,robot_2,2.001,-1.551
1789278329,166264698,407.237,robot_0,-1.756,0.270
1789278329,166311508,407.237,robot_1_carried_generic_box,-0.558,3.017
1789278329,166341301,407.237,robot_2_carried_generic_box,2.012,-1.549
1789278329,383863442,407.455,robot_1,-0.538,3.016
1789278329,383941974,407.455,robot_2,1.992,-1.553
1789278329,383985306,407.455,robot_0,-1.754,0.275
1789278329,384036961,407.455,robot_1_carried_generic_box,-0.554,3.017
1789278329,384078243,407.455,robot_2_carried_generic_box,2.006,-1.550
1789278329,616652071,407.687,robot_1,-0.531,3.016
1789278329,616725819,407.687,robot_2,1.977,-1.556
1789278329,616768372,407.688,robot_0,-1.750,0.283
1789278329,616820153,407.688,robot_1_carried_generic_box,-0.548,3.017
1789278329,616855845,407.688,robot_2_carried_generic_box,1.999,-1.552
1789278329,829432359,407.900,robot_1,-0.530,3.016
1789278329,829512373,407.900,robot_2,1.968,-1.558
1789278329,829555402,407.900,robot_0,-1.749,0.285
1789278329,829606182,407.900,robot_1_carried_generic_box,-0.540,3.016
1789278329,829641324,407.900,robot_2_carried_generic_box,1.988,-1.554
1789278330,49655018,408.120,robot_1,-0.530,3.016
1789278330,49720835,408.120,robot_2,1.958,-1.560
1789278330,49754184,408.120,robot_0,-1.746,0.291
1789278330,49791900,408.121,robot_1_carried_generic_box,-0.533,3.016
1789278330,49817838,408.121,robot_2_carried_generic_box,1.974,-1.556
1789278330,281248823,408.352,robot_1,-0.530,3.016
1789278330,281337238,408.352,robot_2,1.946,-1.562
1789278330,281376654,408.352,robot_0,-1.741,0.302
1789278330,281424484,408.352,robot_1_carried_generic_box,-0.530,3.016
1789278330,281453256,408.352,robot_2_carried_generic_box,1.966,-1.558
1789278330,511251514,408.587,robot_1,-0.530,3.016
1789278330,516057922,408.587,robot_2,1.929,-1.566
1789278330,516098072,408.587,robot_0,-1.734,0.319
1789278330,520011172,408.591,robot_1_carried_generic_box,-0.530,3.016
1789278330,520101465,408.591,robot_2_carried_generic_box,1.957,-1.560
1789278330,752765557,408.824,robot_1,-0.530,3.016
1789278330,752846958,408.824,robot_2,1.913,-1.569
1789278330,752890520,408.824,robot_0,-1.727,0.335
1789278330,752949352,408.824,robot_1_carried_generic_box,-0.530,3.016
1789278330,752987804,408.824,robot_2_carried_generic_box,1.940,-1.564
1789278331,45323395,409.116,robot_1,-0.530,3.016
1789278331,45392837,409.116,robot_2,1.905,-1.571
1789278331,45425242,409.116,robot_0,-1.723,0.345
1789278331,45467293,409.116,robot_1_carried_generic_box,-0.530,3.016
1789278331,45497221,409.116,robot_2_carried_generic_box,1.926,-1.567
1789278331,290275559,409.361,robot_1,-0.530,3.017
1789278331,290342159,409.361,robot_2,1.892,-1.574
1789278331,290378923,409.361,robot_0,-1.719,0.354
1789278331,290428900,409.361,robot_1_carried_generic_box,-0.530,3.016
1789278331,290465161,409.361,robot_2_carried_generic_box,1.918,-1.569
1789278331,516069513,409.587,robot_1,-0.530,3.017
1789278331,516159956,409.587,robot_2,1.884,-1.576
1789278331,516199132,409.587,robot_0,-1.716,0.363
1789278331,516240763,409.594,robot_1_carried_generic_box,-0.530,3.016
1789278331,523539221,409.594,robot_2_carried_generic_box,1.905,-1.571
1789278331,753090771,409.824,robot_1,-0.531,3.017
1789278331,753161470,409.824,robot_2,1.874,-1.578
1789278331,753195876,409.824,robot_0,-1.710,0.375
1789278331,753232048,409.824,robot_1_carried_generic_box,-0.530,3.017
1789278331,753258355,409.824,robot_2_carried_generic_box,1.897,-1.573
1789278332,32608441,410.103,robot_1,-0.536,3.014
1789278332,32679114,410.103,robot_2,1.863,-1.581
1789278332,32713938,410.103,robot_0,-1.707,0.383
1789278332,32752409,410.103,robot_1_carried_generic_box,-0.531,3.017
1789278332,32781209,410.104,robot_2_carried_generic_box,1.880,-1.577
1789278332,238975268,410.310,robot_1,-0.539,3.013
1789278332,239044164,410.310,robot_2,1.857,-1.582
1789278332,239085552,410.310,robot_0,-1.706,0.386
1789278332,239123751,410.310,robot_1_carried_generic_box,-0.533,3.016
1789278332,239153521,410.310,robot_2_carried_generic_box,1.872,-1.579
1789278332,503780732,410.575,robot_1,-0.551,3.007
1789278332,504076481,410.575,robot_2,1.841,-1.586
1789278332,504132336,410.575,robot_0,-1.702,0.395
1789278332,504172166,410.575,robot_1_carried_generic_box,-0.535,3.015
1789278332,504204449,410.575,robot_2_carried_generic_box,1.865,-1.580
1789278332,739854556,410.811,robot_1,-0.559,3.003
1789278332,748090576,410.819,robot_2,1.831,-1.589
1789278332,748159647,410.819,robot_0,-1.701,0.398
1789278332,748200681,410.819,robot_1_carried_generic_box,-0.538,3.014
1789278332,748231384,410.819,robot_2_carried_generic_box,1.859,-1.582
1789278332,982387733,411.053,robot_1,-0.578,2.992
1789278332,982450029,411.053,robot_2,1.809,-1.594
1789278332,982487670,411.053,robot_0,-1.696,0.412
1789278332,982531052,411.053,robot_1_carried_generic_box,-0.554,3.006
1789278332,982563267,411.053,robot_2_carried_generic_box,1.839,-1.587
1789278333,238757646,411.310,robot_1,-0.586,2.988
1789278333,238831480,411.310,robot_2,1.800,-1.597
1789278333,238874922,411.310,robot_0,-1.693,0.420
1789278333,238928294,411.310,robot_1_carried_generic_box,-0.566,2.999
1789278333,238964448,411.310,robot_2_carried_generic_box,1.829,-1.589
1789278333,454697121,411.525,robot_1,-0.599,2.980
1789278333,454766332,411.526,robot_2,1.786,-1.600
1789278333,454806306,411.526,robot_0,-1.688,0.434
1789278333,454844336,411.526,robot_1_carried_generic_box,-0.571,2.996
1789278333,454874740,411.526,robot_2_carried_generic_box,1.818,-1.592
1789278333,684113487,411.755,robot_1,-0.609,2.974
1789278333,684547494,411.755,robot_2,1.774,-1.603
1789278333,684593159,411.755,robot_0,-1.685,0.443
1789278333,684640099,411.755,robot_1_carried_generic_box,-0.581,2.991
1789278333,684678244,411.755,robot_2_carried_generic_box,1.806,-1.595
1789278333,891962825,411.963,robot_1,-0.621,2.967
1789278333,892049536,411.963,robot_2,1.763,-1.606
1789278333,892092281,411.963,robot_0,-1.681,0.456
1789278333,892134258,411.963,robot_1_carried_generic_box,-0.591,2.985
1789278333,892163377,411.963,robot_2_carried_generic_box,1.783,-1.601
1789278334,125974257,412.197,robot_1,-0.632,2.961
1789278334,126043767,412.208,robot_2,1.753,-1.609
1789278334,137213439,412.208,robot_0,-1.678,0.465
1789278334,137274715,412.208,robot_1_carried_generic_box,-0.601,2.979
1789278334,137307396,412.208,robot_2_carried_generic_box,1.771,-1.604
1789278334,351338252,412.422,robot_1,-0.639,2.957
1789278334,351410862,412.422,robot_2,1.744,-1.611
1789278334,351450248,412.422,robot_0,-1.675,0.472
1789278334,351495465,412.422,robot_1_carried_generic_box,-0.621,2.967
1789278334,351529634,412.422,robot_2_carried_generic_box,1.763,-1.606
1789278334,559792725,412.631,robot_1,-0.650,2.951
1789278334,559906329,412.631,robot_2,1.733,-1.614
1789278334,560034929,412.631,robot_0,-1.671,0.483
1789278334,560071085,412.631,robot_1_carried_generic_box,-0.626,2.964
1789278334,560097860,412.631,robot_2_carried_generic_box,1.756,-1.608
1789278334,786702614,412.857,robot_1,-0.665,2.941
1789278334,786777889,412.858,robot_2,1.719,-1.618
1789278334,786818145,412.858,robot_0,-1.666,0.501
1789278334,786857335,412.858,robot_1_carried_generic_box,-0.637,2.958
1789278334,786885608,412.858,robot_2_carried_generic_box,1.744,-1.611
1789278335,2274092,413.073,robot_1,-0.678,2.934
1789278335,2356513,413.073,robot_2,1.707,-1.621
1789278335,2397844,413.073,robot_0,-1.661,0.514
1789278335,2443205,413.073,robot_1_carried_generic_box,-0.647,2.952
1789278335,2481240,413.073,robot_2_carried_generic_box,1.730,-1.615
1789278335,206242424,413.277,robot_1,-0.688,2.928
1789278335,206318232,413.277,robot_2,1.696,-1.624
1789278335,206355976,413.277,robot_0,-1.659,0.521
1789278335,206399132,413.277,robot_1_carried_generic_box,-0.663,2.943
1789278335,206436957,413.277,robot_2_carried_generic_box,1.721,-1.617
1789278335,447566148,413.518,robot_1,-0.697,2.923
1789278335,447635036,413.518,robot_2,1.681,-1.628
1789278335,447668991,413.518,robot_0,-1.655,0.532
1789278335,447705265,413.518,robot_1_carried_generic_box,-0.683,2.931
1789278335,447739713,413.518,robot_2_carried_generic_box,1.710,-1.620
1789278335,684517841,413.755,robot_1,-0.703,2.920
1789278335,694529832,413.765,robot_2,1.670,-1.631
1789278335,694609190,413.765,robot_0,-1.651,0.543
1789278335,694652662,413.765,robot_1_carried_generic_box,-0.693,2.926
1789278335,694687903,413.765,robot_2_carried_generic_box,1.702,-1.622
1789278335,928784916,414.000,robot_1,-0.714,2.913
1789278335,928858543,414.000,robot_2,1.655,-1.634
1789278335,928893661,414.000,robot_0,-1.647,0.555
1789278335,928943166,414.000,robot_1_carried_generic_box,-0.698,2.922
1789278335,928983971,414.000,robot_2_carried_generic_box,1.678,-1.628
1789278336,132341416,414.203,robot_1,-0.725,2.907
1789278336,132415402,414.203,robot_2,1.644,-1.638
1789278336,132451085,414.203,robot_0,-1.644,0.567
1789278336,132491011,414.203,robot_1_carried_generic_box,-0.703,2.920
1789278336,132526404,414.203,robot_2_carried_generic_box,1.664,-1.632
1789278336,424381471,414.495,robot_1,-0.733,2.902
1789278336,424478699,414.495,robot_2,1.633,-1.640
1789278336,424516694,414.495,robot_0,-1.640,0.578
1789278336,424559515,414.495,robot_1_carried_generic_box,-0.709,2.916
1789278336,424596938,414.495,robot_2_carried_generic_box,1.658,-1.634
1789278336,608503985,414.679,robot_1,-0.738,2.900
1789278336,608593516,414.679,robot_2,1.624,-1.643
1789278336,608626576,414.679,robot_0,-1.637,0.588
1789278336,608659868,414.679,robot_1_carried_generic_box,-0.714,2.913
1789278336,608691886,414.679,robot_2_carried_generic_box,1.646,-1.637
1789278336,872809872,414.944,robot_1,-0.740,2.899
1789278336,872883241,414.944,robot_2,1.607,-1.647
1789278336,882935135,414.954,robot_0,-1.632,0.602
1789278336,883072559,414.954,robot_1_carried_generic_box,-0.727,2.906
1789278336,883120300,414.954,robot_2_carried_generic_box,1.633,-1.640
1789278337,75244987,415.146,robot_1,-0.743,2.897
1789278337,75326072,415.146,robot_2,1.600,-1.649
1789278337,75360326,415.146,robot_0,-1.630,0.608
1789278337,75395449,415.146,robot_1_carried_generic_box,-0.740,2.899
1789278337,75429484,415.146,robot_2_carried_generic_box,1.624,-1.643
1789278337,287081015,415.358,robot_1,-0.751,2.893
1789278337,287155386,415.358,robot_2,1.596,-1.650
1789278337,287189064,415.358,robot_0,-1.629,0.612
1789278337,287225092,415.358,robot_1_carried_generic_box,-0.740,2.898
1789278337,287259202,415.358,robot_2_carried_generic_box,1.605,-1.648
1789278337,552134721,415.623,robot_1,-0.767,2.884
1789278337,552221184,415.623,robot_2,1.596,-1.650
1789278337,552262784,415.623,robot_0,-1.626,0.623
1789278337,552303487,415.623,robot_1_carried_generic_box,-0.743,2.897
1789278337,552346356,415.623,robot_2_carried_generic_box,1.599,-1.649
1789278337,791866058,415.863,robot_1,-0.780,2.878
1789278337,792081937,415.863,robot_2,1.596,-1.650
1789278337,792131616,415.863,robot_0,-1.622,0.635
1789278337,792169894,415.863,robot_1_carried_generic_box,-0.749,2.894
1789278337,792205713,415.863,robot_2_carried_generic_box,1.597,-1.650
1789278338,43356222,416.114,robot_1,-0.795,2.871
1789278338,43425975,416.114,robot_2,1.596,-1.650
1789278338,43462299,416.114,robot_0,-1.617,0.653
1789278338,43505584,416.114,robot_1_carried_generic_box,-0.778,2.879
1789278338,43548952,416.114,robot_2_carried_generic_box,1.596,-1.650
1789278338,244080168,416.315,robot_1,-0.803,2.866
1789278338,244155645,416.315,robot_2,1.596,-1.650
1789278338,244190899,416.315,robot_0,-1.615,0.662
1789278338,244229615,416.315,robot_1_carried_generic_box,-0.778,2.879
1789278338,244266935,416.315,robot_2_carried_generic_box,1.596,-1.650
1789278338,518990991,416.590,robot_1,-0.816,2.860
1789278338,519072041,416.591,robot_2,1.596,-1.650
1789278338,520408447,416.591,robot_0,-1.613,0.669
1789278338,520480706,416.591,robot_1_carried_generic_box,-0.797,2.869
1789278338,520525469,416.591,robot_2_carried_generic_box,1.596,-1.650
1789278338,772326671,416.843,robot_1,-0.827,2.855
1789278338,772402078,416.843,robot_2,1.596,-1.650
1789278338,772438495,416.843,robot_0,-1.613,0.669
1789278338,778532011,416.849,robot_1_carried_generic_box,-0.807,2.865
1789278338,778658596,416.849,robot_2_carried_generic_box,1.596,-1.650
1789278339,23868243,417.095,robot_1,-0.840,2.848
1789278339,23967957,417.095,robot_2,1.596,-1.650
1789278339,23999176,417.095,robot_0,-1.613,0.669
1789278339,24032241,417.095,robot_1_carried_generic_box,-0.813,2.861
1789278339,24059643,417.095,robot_2_carried_generic_box,1.596,-1.650
1789278339,249037836,417.320,robot_1,-0.851,2.843
1789278339,249110994,417.320,robot_2,1.596,-1.650
1789278339,249146498,417.320,robot_0,-1.612,0.670
1789278339,249183275,417.320,robot_1_carried_generic_box,-0.827,2.855
1789278339,249214806,417.320,robot_2_carried_generic_box,1.596,-1.650
1789278339,553801633,417.625,robot_1,-0.866,2.836
1789278339,553883522,417.625,robot_2,1.596,-1.650
1789278339,553925579,417.625,robot_0,-1.611,0.677
1789278339,553964031,417.625,robot_1_carried_generic_box,-0.840,2.848
1789278339,553996048,417.625,robot_2_carried_generic_box,1.596,-1.650
1789278339,849129296,417.920,robot_1,-0.880,2.829
1789278339,849197832,417.920,robot_2,1.596,-1.650
1789278339,849229812,417.920,robot_0,-1.611,0.678
1789278339,849263633,417.920,robot_1_carried_generic_box,-0.862,2.838
1789278339,849294899,417.920,robot_2_carried_generic_box,1.596,-1.650
1789278340,49555245,418.120,robot_1,-0.894,2.822
1789278340,49622762,418.120,robot_2,1.596,-1.649
1789278340,49658332,418.120,robot_0,-1.610,0.680
1789278340,49697106,418.120,robot_1_carried_generic_box,-0.868,2.835
1789278340,49734001,418.120,robot_2_carried_generic_box,1.596,-1.650
1789278340,253817718,418.325,robot_1,-0.907,2.816
1789278340,253898171,418.325,robot_2,1.596,-1.649
1789278340,291358441,418.362,robot_0,-1.610,0.685
1789278340,291443936,418.362,robot_1_carried_generic_box,-0.880,2.829
1789278340,292855741,418.364,robot_2_carried_generic_box,1.596,-1.650
1789278340,496348351,418.567,robot_1,-0.921,2.810
1789278340,496432784,418.567,robot_2,1.596,-1.649
1789278340,499288550,418.570,robot_0,-1.609,0.690
1789278340,499385264,418.570,robot_1_carried_generic_box,-0.891,2.824
1789278340,499434034,418.570,robot_2_carried_generic_box,1.596,-1.649
1789278340,742216968,418.813,robot_1,-0.930,2.805
1789278340,766418636,418.837,robot_2,1.596,-1.649
1789278340,766518716,418.837,robot_0,-1.609,0.696
1789278340,766561692,418.837,robot_1_carried_generic_box,-0.916,2.812
1789278340,766600708,418.837,robot_2_carried_generic_box,1.596,-1.649
1789278340,982804497,419.054,robot_1,-0.940,2.800
1789278340,982877658,419.054,robot_2,1.598,-1.647
1789278340,982913870,419.054,robot_0,-1.609,0.697
1789278340,983604435,419.054,robot_1_carried_generic_box,-0.923,2.808
1789278340,983655772,419.054,robot_2_carried_generic_box,1.596,-1.649
1789278341,251010875,419.322,robot_1,-0.956,2.793
1789278341,251077399,419.322,robot_2,1.603,-1.641
1789278341,251110392,419.322,robot_0,-1.609,0.701
1789278341,251146487,419.322,robot_1_carried_generic_box,-0.933,2.804
1789278341,251176782,419.322,robot_2_carried_generic_box,1.596,-1.649
1789278341,475975622,419.547,robot_1,-0.973,2.785
1789278341,476076463,419.550,robot_2,1.603,-1.640
1789278341,478997113,419.550,robot_0,-1.609,0.711
1789278341,479055643,419.550,robot_1_carried_generic_box,-0.945,2.798
1789278341,479095992,419.550,robot_2_carried_generic_box,1.598,-1.647
1789278341,667442850,419.738,robot_1,-0.984,2.780
1789278341,667529492,419.738,robot_2,1.603,-1.640
1789278341,667565075,419.738,robot_0,-1.610,0.716
1789278341,667601408,419.738,robot_1_carried_generic_box,-0.962,2.790
1789278341,667633447,419.738,robot_2_carried_generic_box,1.603,-1.640
1789278341,912260124,419.983,robot_1,-0.988,2.778
1789278341,912342423,419.983,robot_2,1.603,-1.640
1789278341,912378844,419.983,robot_0,-1.610,0.723
1789278341,912420018,419.983,robot_1_carried_generic_box,-0.962,2.790
1789278341,912459540,419.983,robot_2_carried_generic_box,1.603,-1.640
1789278342,152323454,420.223,robot_1,-0.991,2.777
1789278342,152395625,420.223,robot_2,1.603,-1.640
1789278342,152432695,420.223,robot_0,-1.612,0.733
1789278342,152472596,420.223,robot_1_carried_generic_box,-0.978,2.783
1789278342,152507768,420.223,robot_2_carried_generic_box,1.603,-1.640
1789278342,417665438,420.488,robot_1,-0.991,2.777
1789278342,417740057,420.488,robot_2,1.603,-1.640
1789278342,417776456,420.489,robot_0,-1.612,0.735
1789278342,417818063,420.489,robot_1_carried_generic_box,-0.991,2.777
1789278342,417857041,420.489,robot_2_carried_generic_box,1.603,-1.640
1789278342,650307591,420.721,robot_1,-0.991,2.777
1789278342,650376973,420.721,robot_2,1.603,-1.640
1789278342,650407739,420.721,robot_0,-1.612,0.738
1789278342,650441844,420.721,robot_1_carried_generic_box,-0.991,2.777
1789278342,650473997,420.721,robot_2_carried_generic_box,1.603,-1.640
1789278342,889453337,420.960,robot_1,-0.991,2.777
1789278342,889528406,420.960,robot_2,1.603,-1.640
1789278342,889563575,420.960,robot_0,-1.612,0.738
1789278342,889604969,420.960,robot_1_carried_generic_box,-0.991,2.777
1789278342,889644318,420.960,robot_2_carried_generic_box,1.603,-1.640
1789278343,89871147,421.161,robot_1,-0.994,2.776
1789278343,89977336,421.161,robot_2,1.603,-1.640
1789278343,90007510,421.161,robot_0,-1.612,0.738
1789278343,90046827,421.161,robot_1_carried_generic_box,-0.991,2.777
1789278343,90078167,421.161,robot_2_carried_generic_box,1.603,-1.640
1789278343,341912270,421.419,robot_1,-1.005,2.772
1789278343,349303696,421.420,robot_2,1.603,-1.640
1789278343,349376701,421.420,robot_0,-1.612,0.738
1789278343,349422362,421.420,robot_1_carried_generic_box,-0.991,2.776
1789278343,349463094,421.420,robot_2_carried_generic_box,1.603,-1.640
1789278343,553223983,421.624,robot_1,-1.011,2.770
1789278343,553293065,421.624,robot_2,1.603,-1.640
1789278343,553321578,421.624,robot_0,-1.613,0.739
1789278343,553354501,421.624,robot_1_carried_generic_box,-0.995,2.775
1789278343,553392087,421.624,robot_2_carried_generic_box,1.603,-1.640
1789278343,828421930,421.899,robot_1,-1.015,2.769
1789278343,828488405,421.899,robot_2,1.603,-1.640
1789278343,828520000,421.899,robot_0,-1.614,0.743
1789278343,828555388,421.899,robot_1_carried_generic_box,-1.005,2.772
1789278343,828585003,421.899,robot_2_carried_generic_box,1.603,-1.640
1789278344,72457211,422.143,robot_1,-1.029,2.766
1789278344,72538862,422.143,robot_2,1.603,-1.640
1789278344,72570318,422.143,robot_0,-1.615,0.744
1789278344,72609243,422.143,robot_1_carried_generic_box,-1.010,2.770
1789278344,72644633,422.143,robot_2_carried_generic_box,1.603,-1.640
1789278344,295609932,422.366,robot_1,-1.034,2.764
1789278344,295701939,422.366,robot_2,1.603,-1.640
1789278344,295740552,422.366,robot_0,-1.616,0.748
1789278344,295785116,422.367,robot_1_carried_generic_box,-1.022,2.767
1789278344,295825981,422.367,robot_2_carried_generic_box,1.603,-1.640
1789278344,538038282,422.609,robot_1,-1.036,2.764
1789278344,538117911,422.609,robot_2,1.603,-1.640
1789278344,538153070,422.609,robot_0,-1.620,0.755
1789278344,538195018,422.609,robot_1_carried_generic_box,-1.029,2.766
1789278344,538235884,422.609,robot_2_carried_generic_box,1.603,-1.640
1789278344,773816982,422.845,robot_1,-1.036,2.764
1789278344,773884397,422.845,robot_2,1.603,-1.640
1789278344,773959670,422.845,robot_0,-1.627,0.766
1789278344,774003065,422.845,robot_1_carried_generic_box,-1.032,2.765
1789278344,774044789,422.845,robot_2_carried_generic_box,1.603,-1.640
1789278344,992405274,423.063,robot_1,-1.036,2.763
1789278344,992476120,423.063,robot_2,1.602,-1.640
1789278344,992511563,423.063,robot_0,-1.636,0.778
1789278344,992554484,423.063,robot_1_carried_generic_box,-1.036,2.764
1789278344,992595168,423.063,robot_2_carried_generic_box,1.603,-1.640
1789278345,236513768,423.307,robot_1,-1.036,2.763
1789278345,236693485,423.307,robot_2,1.602,-1.640
1789278345,236727126,423.307,robot_0,-1.642,0.786
1789278345,236769149,423.308,robot_1_carried_generic_box,-1.036,2.764
1789278345,236811534,423.308,robot_2_carried_generic_box,1.602,-1.640
1789278345,495834311,423.567,robot_1,-1.041,2.763
1789278345,495961612,423.567,robot_2,1.602,-1.640
1789278345,495998974,423.567,robot_0,-1.651,0.798
1789278345,496040137,423.567,robot_1_carried_generic_box,-1.036,2.763
1789278345,496075951,423.567,robot_2_carried_generic_box,1.602,-1.640
1789278345,737888627,423.809,robot_1,-1.051,2.764
1789278345,737960853,423.809,robot_2,1.602,-1.640
1789278345,737986290,423.809,robot_0,-1.657,0.806
1789278345,738024098,423.809,robot_1_carried_generic_box,-1.037,2.763
1789278345,738053164,423.809,robot_2_carried_generic_box,1.602,-1.640
1789278345,939335180,424.010,robot_1,-1.062,2.765
1789278345,939406204,424.010,robot_2,1.602,-1.640
1789278345,939436660,424.010,robot_0,-1.659,0.809
1789278345,939478461,424.010,robot_1_carried_generic_box,-1.039,2.763
1789278345,939516864,424.010,robot_2_carried_generic_box,1.602,-1.640
1789278346,140402990,424.211,robot_1,-1.071,2.765
1789278346,140481061,424.211,robot_2,1.602,-1.640
1789278346,140512424,424.211,robot_0,-1.660,0.809
1789278346,140556641,424.211,robot_1_carried_generic_box,-1.046,2.764
1789278346,140593332,424.211,robot_2_carried_generic_box,1.602,-1.640
1789278346,403021355,424.474,robot_1,-1.076,2.766
1789278346,403107860,424.474,robot_2,1.602,-1.640
1789278346,403140199,424.474,robot_0,-1.662,0.812
1789278346,403184718,424.474,robot_1_carried_generic_box,-1.062,2.765
1789278346,403219311,424.474,robot_2_carried_generic_box,1.602,-1.640
1789278346,632321857,424.703,robot_1,-1.077,2.766
1789278346,632396035,424.703,robot_2,1.602,-1.640
1789278346,632430493,424.703,robot_0,-1.665,0.815
1789278346,632474729,424.703,robot_1_carried_generic_box,-1.071,2.765
1789278346,632510489,424.703,robot_2_carried_generic_box,1.602,-1.640
1789278346,844032287,424.915,robot_1,-1.084,2.767
1789278346,844104014,424.915,robot_2,1.602,-1.640
1789278346,844137844,424.915,robot_0,-1.667,0.817
1789278346,844179583,424.915,robot_1_carried_generic_box,-1.076,2.766
1789278346,844211255,424.915,robot_2_carried_generic_box,1.602,-1.640
1789278347,99051415,425.170,robot_1,-1.101,2.772
1789278347,99131514,425.170,robot_2,1.603,-1.643
1789278347,99173521,425.170,robot_0,-1.674,0.822
1789278347,99225461,425.170,robot_1_carried_generic_box,-1.082,2.767
1789278347,99268847,425.170,robot_2_carried_generic_box,1.602,-1.640
1789278347,326857409,425.398,robot_1,-1.110,2.774
1789278347,330335081,425.401,robot_2,1.606,-1.651
1789278347,330421663,425.401,robot_0,-1.679,0.826
1789278347,330481245,425.401,robot_1_carried_generic_box,-1.091,2.769
1789278347,330522651,425.401,robot_2_carried_generic_box,1.602,-1.640
1789278347,558071634,425.629,robot_1,-1.119,2.777
1789278347,558156324,425.629,robot_2,1.609,-1.658
1789278347,558191849,425.629,robot_0,-1.687,0.832
1789278347,558232512,425.629,robot_1_carried_generic_box,-1.101,2.772
1789278347,558263314,425.629,robot_2_carried_generic_box,1.603,-1.644
1789278347,767816201,425.839,robot_1,-1.128,2.781
1789278347,767895764,425.839,robot_2,1.612,-1.666
1789278347,767940460,425.839,robot_0,-1.697,0.838
1789278347,767984916,425.839,robot_1_carried_generic_box,-1.108,2.774
1789278347,768013358,425.839,robot_2_carried_generic_box,1.603,-1.644
1789278348,36070785,426.107,robot_1,-1.136,2.784
1789278348,36149640,426.107,robot_2,1.617,-1.677
1789278348,36183303,426.107,robot_0,-1.713,0.847
1789278348,36226535,426.107,robot_1_carried_generic_box,-1.124,2.779
1789278348,36256831,426.107,robot_2_carried_generic_box,1.610,-1.662
1789278348,249461444,426.320,robot_1,-1.137,2.784
1789278348,249581395,426.320,robot_2,1.620,-1.684
1789278348,249621041,426.320,robot_0,-1.723,0.854
1789278348,249675128,426.320,robot_1_carried_generic_box,-1.132,2.782
1789278348,249714109,426.320,robot_2_carried_generic_box,1.614,-1.670
1789278348,501824591,426.573,robot_1,-1.137,2.784
1789278348,501902074,426.573,robot_2,1.625,-1.695
1789278348,501950705,426.573,robot_0,-1.735,0.861
1789278348,501998429,426.573,robot_1_carried_generic_box,-1.136,2.784
1789278348,518175857,426.589,robot_2_carried_generic_box,1.615,-1.673
1789278348,738994840,426.810,robot_1,-1.141,2.786
1789278348,739069413,426.810,robot_2,1.629,-1.704
1789278348,739100842,426.810,robot_0,-1.746,0.867
1789278348,743676271,426.814,robot_1_carried_generic_box,-1.137,2.784
1789278348,748972598,426.820,robot_2_carried_generic_box,1.622,-1.688
1789278348,953203576,427.024,robot_1,-1.152,2.793
1789278348,953292680,427.024,robot_2,1.634,-1.715
1789278348,953323540,427.024,robot_0,-1.759,0.874
1789278348,953361441,427.024,robot_1_carried_generic_box,-1.137,2.784
1789278348,953399240,427.024,robot_2_carried_generic_box,1.625,-1.695
1789278349,194571636,427.265,robot_1,-1.162,2.799
1789278349,194641354,427.265,robot_2,1.638,-1.722
1789278349,194672609,427.266,robot_0,-1.767,0.878
1789278349,198048905,427.269,robot_1_carried_generic_box,-1.141,2.786
1789278349,198138821,427.269,robot_2_carried_generic_box,1.628,-1.702
1789278349,394784222,427.466,robot_1,-1.173,2.806
1789278349,398835583,427.470,robot_2,1.641,-1.732
1789278349,398932865,427.470,robot_0,-1.780,0.885
1789278349,398985465,427.470,robot_1_carried_generic_box,-1.146,2.789
1789278349,399018898,427.470,robot_2_carried_generic_box,1.635,-1.717
1789278349,618135479,427.689,robot_1,-1.181,2.812
1789278349,618212091,427.689,robot_2,1.644,-1.739
1789278349,618259974,427.689,robot_0,-1.790,0.890
1789278349,618306782,427.689,robot_1_carried_generic_box,-1.157,2.796
1789278349,618340395,427.689,robot_2_carried_generic_box,1.638,-1.724
1789278349,837850944,427.909,robot_1,-1.195,2.823
1789278349,837917850,427.935,robot_2,1.648,-1.750
1789278349,864065943,427.935,robot_0,-1.802,0.896
1789278349,864118205,427.935,robot_1_carried_generic_box,-1.175,2.808
1789278349,864151844,427.935,robot_2_carried_generic_box,1.642,-1.733
1789278350,65492793,428.136,robot_1,-1.210,2.835
1789278350,65564898,428.136,robot_2,1.653,-1.767
1789278350,65600833,428.136,robot_0,-1.820,0.905
1789278350,95475010,428.166,robot_1_carried_generic_box,-1.183,2.814
1789278350,95563262,428.166,robot_2_carried_generic_box,1.647,-1.747
1789278350,285586765,428.356,robot_1,-1.218,2.842
1789278350,285664011,428.356,robot_2,1.657,-1.781
1789278350,285699095,428.356,robot_0,-1.834,0.912
1789278350,285737578,428.356,robot_1_carried_generic_box,-1.195,2.823
1789278350,285767775,428.357,robot_2_carried_generic_box,1.650,-1.757
1789278350,548919198,428.642,robot_1,-1.227,2.849
1789278350,571591835,428.642,robot_2,1.659,-1.791
1789278350,571641122,428.642,robot_0,-1.844,0.917
1789278350,571687675,428.642,robot_1_carried_generic_box,-1.213,2.837
1789278350,571726225,428.642,robot_2_carried_generic_box,1.653,-1.767
1789278350,773608800,428.844,robot_1,-1.233,2.854
1789278350,773677575,428.844,robot_2,1.661,-1.800
1789278350,773716658,428.844,robot_0,-1.854,0.922
1789278350,773760242,428.845,robot_1_carried_generic_box,-1.218,2.842
1789278350,773793274,428.845,robot_2_carried_generic_box,1.657,-1.783
1789278350,986097269,429.057,robot_1,-1.243,2.863
1789278350,986170781,429.057,robot_2,1.663,-1.813
1789278350,986206007,429.057,robot_0,-1.868,0.929
1789278350,986247465,429.057,robot_1_carried_generic_box,-1.225,2.847
1789278350,986281942,429.057,robot_2_carried_generic_box,1.659,-1.791
1789278351,210392586,429.281,robot_1,-1.254,2.873
1789278351,210465465,429.281,robot_2,1.665,-1.825
1789278351,210504981,429.281,robot_0,-1.881,0.935
1789278351,210552007,429.281,robot_1_carried_generic_box,-1.231,2.853
1789278351,210591417,429.281,robot_2_carried_generic_box,1.661,-1.802
1789278351,422429846,429.493,robot_1,-1.267,2.885
1789278351,422503682,429.493,robot_2,1.666,-1.837
1789278351,422548550,429.493,robot_0,-1.894,0.942
1789278351,422598467,429.493,robot_1_carried_generic_box,-1.243,2.863
1789278351,422631859,429.493,robot_2_carried_generic_box,1.663,-1.816
1789278351,705361497,429.776,robot_1,-1.275,2.893
1789278351,705443189,429.776,robot_2,1.667,-1.851
1789278351,705486587,429.776,robot_0,-1.906,0.947
1789278351,705534261,429.776,robot_1_carried_generic_box,-1.263,2.881
1789278351,705569000,429.776,robot_2_carried_generic_box,1.665,-1.823
1789278351,984043622,430.055,robot_1,-1.277,2.895
1789278351,984115778,430.055,robot_2,1.668,-1.865
1789278351,984154555,430.055,robot_0,-1.919,0.954
1789278351,984199095,430.055,robot_1_carried_generic_box,-1.272,2.890
1789278351,984233942,430.055,robot_2_carried_generic_box,1.667,-1.841
1789278352,222891752,430.294,robot_1,-1.277,2.895
1789278352,253210892,430.324,robot_2,1.668,-1.879
1789278352,253287911,430.324,robot_0,-1.935,0.962
1789278352,253340050,430.324,robot_1_carried_generic_box,-1.274,2.892
1789278352,253377912,430.324,robot_2_carried_generic_box,1.667,-1.851
1789278352,433985508,430.505,robot_1,-1.278,2.895
1789278352,434056958,430.505,robot_2,1.668,-1.887
1789278352,434093464,430.505,robot_0,-1.945,0.966
1789278352,434140092,430.505,robot_1_carried_generic_box,-1.277,2.895
1789278352,434179959,430.505,robot_2_carried_generic_box,1.668,-1.870
1789278352,674098543,430.745,robot_1,-1.282,2.900
1789278352,674165348,430.745,robot_2,1.668,-1.897
1789278352,674204448,430.745,robot_0,-1.954,0.971
1789278352,674246826,430.745,robot_1_carried_generic_box,-1.277,2.895
1789278352,674282502,430.745,robot_2_carried_generic_box,1.668,-1.879
1789278352,895134827,430.966,robot_1,-1.283,2.901
1789278352,895532913,430.966,robot_2,1.667,-1.903
1789278352,895600911,430.966,robot_0,-1.962,0.975
1789278352,895650346,430.966,robot_1_carried_generic_box,-1.277,2.895
1789278352,895685631,430.966,robot_2_carried_generic_box,1.668,-1.889
1789278353,128643063,431.199,robot_1,-1.285,2.903
1789278353,128714947,431.199,robot_2,1.666,-1.913
1789278353,128763095,431.200,robot_0,-1.975,0.981
1789278353,128817742,431.200,robot_1_carried_generic_box,-1.281,2.898
1789278353,128858428,431.200,robot_2_carried_generic_box,1.668,-1.895
1789278353,359552491,431.430,robot_1,-1.286,2.904
1789278353,359627757,431.430,robot_2,1.664,-1.924
1789278353,359671365,431.430,robot_0,-1.986,0.986
1789278353,359713244,431.430,robot_1_carried_generic_box,-1.283,2.901
1789278353,359748790,431.430,robot_2_carried_generic_box,1.667,-1.905
1789278353,592391264,431.663,robot_1,-1.286,2.904
1789278353,592462623,431.663,robot_2,1.663,-1.932
1789278353,592504165,431.663,robot_0,-1.988,0.987
1789278353,592552327,431.663,robot_1_carried_generic_box,-1.285,2.903
1789278353,592592729,431.663,robot_2_carried_generic_box,1.666,-1.913
1789278353,840654954,431.911,robot_1,-1.289,2.907
1789278353,840727004,431.911,robot_2,1.660,-1.945
1789278353,840768302,431.912,robot_0,-1.988,0.987
1789278353,852644752,431.923,robot_1_carried_generic_box,-1.286,2.904
1789278353,852738826,431.923,robot_2_carried_generic_box,1.664,-1.924
1789278354,52722994,432.123,robot_1,-1.291,2.910
1789278354,52795151,432.124,robot_2,1.656,-1.957
1789278354,52842100,432.124,robot_0,-1.991,0.988
1789278354,58179284,432.129,robot_1_carried_generic_box,-1.287,2.905
1789278354,58299057,432.129,robot_2_carried_generic_box,1.662,-1.938
1789278354,331314838,432.402,robot_1,-1.299,2.923
1789278354,331390445,432.402,robot_2,1.651,-1.973
1789278354,331433706,432.402,robot_0,-2.006,0.994
1789278354,331483097,432.402,robot_1_carried_generic_box,-1.289,2.908
1789278354,331523043,432.402,robot_2_carried_generic_box,1.659,-1.947
1789278354,582006206,432.656,robot_1,-1.307,2.936
1789278354,585361691,432.656,robot_2,1.647,-1.983
1789278354,585429665,432.658,robot_0,-2.019,0.999
1789278354,587125876,432.658,robot_1_carried_generic_box,-1.291,2.910
1789278354,587173328,432.658,robot_2_carried_generic_box,1.653,-1.967
1789278354,783122833,432.861,robot_1,-1.310,2.942
1789278354,790304444,432.861,robot_2,1.645,-1.988
1789278354,790356257,432.861,robot_0,-2.026,1.002
1789278354,790399275,432.861,robot_1_carried_generic_box,-1.296,2.918
1789278354,790430658,432.861,robot_2_carried_generic_box,1.651,-1.973
1789278355,26840410,433.098,robot_1,-1.314,2.948
1789278355,26918258,433.098,robot_2,1.640,-1.999
1789278355,26972044,433.098,robot_0,-2.041,1.008
1789278355,27023179,433.098,robot_1_carried_generic_box,-1.308,2.938
1789278355,27066780,433.098,robot_2_carried_generic_box,1.648,-1.981
1789278355,255411425,433.326,robot_1,-1.315,2.948
1789278355,255480759,433.326,robot_2,1.638,-2.005
1789278355,255513926,433.326,robot_0,-2.046,1.010
1789278355,255564469,433.326,robot_1_carried_generic_box,-1.312,2.945
1789278355,255603414,433.326,robot_2_carried_generic_box,1.645,-1.988
1789278355,491044193,433.562,robot_1,-1.315,2.948
1789278355,491143757,433.562,robot_2,1.633,-2.015
1789278355,491180226,433.562,robot_0,-2.052,1.012
1789278355,491224455,433.562,robot_1_carried_generic_box,-1.312,2.945
1789278355,491254055,433.562,robot_2_carried_generic_box,1.643,-1.994
1789278355,738266009,433.809,robot_1,-1.315,2.948
1789278355,738337937,433.809,robot_2,1.628,-2.026
1789278355,738370131,433.809,robot_0,-2.066,1.017
1789278355,738409962,433.809,robot_1_carried_generic_box,-1.315,2.948
1789278355,738440930,433.809,robot_2_carried_generic_box,1.637,-2.007
1789278355,993718843,434.064,robot_1,-1.315,2.948
1789278355,993789386,434.065,robot_2,1.625,-2.033
1789278355,993824831,434.065,robot_0,-2.070,1.018
1789278355,993875157,434.065,robot_1_carried_generic_box,-1.315,2.948
1789278355,993913874,434.065,robot_2_carried_generic_box,1.637,-2.007
1789278356,245289252,434.316,robot_1,-1.315,2.948
1789278356,245366233,434.316,robot_2,1.618,-2.047
1789278356,245405865,434.316,robot_0,-2.073,1.019
1789278356,245456138,434.316,robot_1_carried_generic_box,-1.315,2.948
1789278356,245497994,434.316,robot_2_carried_generic_box,1.628,-2.026
1789278356,468243627,434.539,robot_1,-1.315,2.948
1789278356,468306374,434.539,robot_2,1.611,-2.063
1789278356,468341501,434.539,robot_0,-2.073,1.019
1789278356,468385489,434.539,robot_1_carried_generic_box,-1.315,2.948
1789278356,468419224,434.539,robot_2_carried_generic_box,1.621,-2.041
1789278356,693182572,434.768,robot_1,-1.315,2.948
1789278356,697126149,434.768,robot_2,1.603,-2.079
1789278356,697175796,434.768,robot_0,-2.073,1.019
1789278356,697225142,434.768,robot_1_carried_generic_box,-1.315,2.948
1789278356,697264316,434.768,robot_2_carried_generic_box,1.614,-2.055
1789278356,926667852,434.997,robot_1,-1.315,2.948
1789278356,926738627,434.997,robot_2,1.597,-2.093
1789278356,926767178,434.998,robot_0,-2.073,1.019
1789278356,926804609,434.998,robot_1_carried_generic_box,-1.315,2.948
1789278356,926833170,434.998,robot_2_carried_generic_box,1.608,-2.069
1789278357,127975139,435.199,robot_1,-1.315,2.948
1789278357,128049623,435.199,robot_2,1.592,-2.103
1789278357,128080446,435.199,robot_0,-2.073,1.019
1789278357,128117937,435.199,robot_1_carried_generic_box,-1.315,2.948
1789278357,128151583,435.199,robot_2_carried_generic_box,1.603,-2.079
1789278357,375488412,435.446,robot_1,-1.315,2.948
1789278357,375572559,435.447,robot_2,1.590,-2.107
1789278357,375905488,435.447,robot_0,-2.073,1.019
1789278357,375957499,435.447,robot_1_carried_generic_box,-1.315,2.948
1789278357,375990777,435.447,robot_2_carried_generic_box,1.595,-2.097
1789278357,590031005,435.661,robot_1,-1.315,2.948
1789278357,590107669,435.661,robot_2,1.588,-2.111
1789278357,590141618,435.661,robot_0,-2.073,1.019
1789278357,590185277,435.661,robot_1_carried_generic_box,-1.315,2.948
1789278357,590219310,435.661,robot_2_carried_generic_box,1.592,-2.103
1789278357,841290745,435.912,robot_1,-1.315,2.948
1789278357,841374347,435.912,robot_2,1.583,-2.123
1789278357,841411418,435.912,robot_0,-2.073,1.019
1789278357,841457475,435.912,robot_1_carried_generic_box,-1.315,2.948
1789278357,841492123,435.912,robot_2_carried_generic_box,1.590,-2.106
1789278358,93761760,436.165,robot_1,-1.315,2.948
1789278358,93832896,436.165,robot_2,1.577,-2.136
1789278358,93870422,436.165,robot_0,-2.073,1.019
1789278358,93912991,436.165,robot_1_carried_generic_box,-1.315,2.948
1789278358,93949446,436.165,robot_2_carried_generic_box,1.588,-2.111
1789278358,315514285,436.386,robot_1,-1.315,2.948
1789278358,315584164,436.386,robot_2,1.575,-2.141
1789278358,315622219,436.386,robot_0,-2.073,1.020
1789278358,315671380,436.386,robot_1_carried_generic_box,-1.315,2.948
1789278358,315707232,436.386,robot_2_carried_generic_box,1.582,-2.126
1789278358,559456518,436.630,robot_1,-1.315,2.949
1789278358,559530370,436.630,robot_2,1.572,-2.149
1789278358,559565125,436.630,robot_0,-2.073,1.020
1789278358,559607696,436.630,robot_1_carried_generic_box,-1.315,2.948
1789278358,576271536,436.647,robot_2_carried_generic_box,1.576,-2.139
1789278358,768146045,436.839,robot_1,-1.315,2.949
1789278358,768215391,436.839,robot_2,1.566,-2.162
1789278358,768248171,436.839,robot_0,-2.073,1.020
1789278358,768290297,436.839,robot_1_carried_generic_box,-1.315,2.948
1789278358,768324128,436.839,robot_2_carried_generic_box,1.575,-2.141
1789278358,990249794,437.061,robot_1,-1.314,2.949
1789278358,990332386,437.061,robot_2,1.562,-2.173
1789278358,990364851,437.061,robot_0,-2.073,1.020
1789278358,990408867,437.061,robot_1_carried_generic_box,-1.315,2.949
1789278358,990445724,437.061,robot_2_carried_generic_box,1.573,-2.147
1789278359,233631956,437.305,robot_1,-1.315,2.949
1789278359,234392339,437.305,robot_2,1.555,-2.190
1789278359,234447010,437.305,robot_0,-2.073,1.020
1789278359,234498727,437.305,robot_1_carried_generic_box,-1.315,2.949
1789278359,234531104,437.305,robot_2_carried_generic_box,1.569,-2.157
1789278359,470109660,437.541,robot_1,-1.318,2.952
1789278359,470180725,437.541,robot_2,1.552,-2.199
1789278359,470215660,437.541,robot_0,-2.073,1.020
1789278359,470264302,437.541,robot_1_carried_generic_box,-1.314,2.949
1789278359,470296682,437.541,robot_2_carried_generic_box,1.559,-2.182
1789278359,698291657,437.769,robot_1,-1.323,2.957
1789278359,698369300,437.769,robot_2,1.549,-2.207
1789278359,698410754,437.769,robot_0,-2.073,1.020
1789278359,698462026,437.769,robot_1_carried_generic_box,-1.315,2.949
1789278359,698505784,437.769,robot_2_carried_generic_box,1.556,-2.187
1789278359,979277350,438.050,robot_1,-1.334,2.967
1789278359,979357542,438.050,robot_2,1.543,-2.221
1789278359,979391057,438.050,robot_0,-2.073,1.020
1789278359,979432186,438.050,robot_1_carried_generic_box,-1.320,2.954
1789278359,979462572,438.050,robot_2_carried_generic_box,1.551,-2.201
1789278360,199067000,438.270,robot_1,-1.341,2.973
1789278360,199154468,438.272,robot_2,1.540,-2.229
1789278360,200876456,438.272,robot_0,-2.073,1.020
1789278360,200979482,438.272,robot_1_carried_generic_box,-1.320,2.954
1789278360,201017639,438.272,robot_2_carried_generic_box,1.549,-2.207
1789278360,442230107,438.513,robot_1,-1.349,2.980
1789278360,442297426,438.513,robot_2,1.535,-2.241
1789278360,442328147,438.513,robot_0,-2.073,1.020
1789278360,442373919,438.513,robot_1_carried_generic_box,-1.334,2.967
1789278360,442411121,438.513,robot_2_carried_generic_box,1.542,-2.224
1789278360,649369562,438.720,robot_1,-1.352,2.982
1789278360,649437135,438.720,robot_2,1.533,-2.248
1789278360,649468010,438.720,robot_0,-2.073,1.020
1789278360,649507263,438.720,robot_1_carried_generic_box,-1.341,2.973
1789278360,649539043,438.720,robot_2_carried_generic_box,1.539,-2.232
1789278360,849630223,438.920,robot_1,-1.350,2.981
1789278360,849704931,438.920,robot_2,1.533,-2.248
1789278360,849742769,438.920,robot_0,-2.073,1.020
1789278360,849793979,438.921,robot_1_carried_generic_box,-1.348,2.979
1789278360,863963956,438.935,robot_2_carried_generic_box,1.535,-2.241
1789278361,51579675,439.122,robot_1,-1.348,2.980
1789278361,51659590,439.122,robot_2,1.532,-2.250
1789278361,51700070,439.122,robot_0,-2.073,1.020
1789278361,51753655,439.123,robot_1_carried_generic_box,-1.350,2.981
1789278361,51799432,439.123,robot_2_carried_generic_box,1.533,-2.246
1789278361,271705977,439.342,robot_1,-1.348,2.980
1789278361,271778239,439.343,robot_2,1.528,-2.260
1789278361,271817817,439.343,robot_0,-2.073,1.020
1789278361,271866953,439.343,robot_1_carried_generic_box,-1.351,2.982
1789278361,271904788,439.343,robot_2_carried_generic_box,1.532,-2.248
1789278361,519406487,439.590,robot_1,-1.348,2.980
1789278361,522458478,439.593,robot_2,1.524,-2.274
1789278361,522560099,439.593,robot_0,-2.073,1.020
1789278361,522619939,439.593,robot_1_carried_generic_box,-1.348,2.980
1789278361,522660902,439.593,robot_2_carried_generic_box,1.531,-2.253
1789278361,756209249,439.827,robot_1,-1.348,2.980
1789278361,756284003,439.827,robot_2,1.520,-2.287
1789278361,756314626,439.827,robot_0,-2.073,1.020
1789278361,756353458,439.827,robot_1_carried_generic_box,-1.348,2.980
1789278361,756386327,439.827,robot_2_carried_generic_box,1.526,-2.269
1789278361,990201098,440.061,robot_1,-1.348,2.980
1789278361,990278837,440.061,robot_2,1.516,-2.297
1789278361,990313359,440.061,robot_0,-2.073,1.020
1789278361,990359656,440.061,robot_1_carried_generic_box,-1.348,2.980
1789278361,990397215,440.061,robot_2_carried_generic_box,1.522,-2.279
1789278362,204500101,440.275,robot_1,-1.348,2.980
1789278362,204588685,440.275,robot_2,1.513,-2.306
1789278362,204624852,440.275,robot_0,-2.073,1.020
1789278362,204671783,440.275,robot_1_carried_generic_box,-1.348,2.980
1789278362,204707673,440.275,robot_2_carried_generic_box,1.520,-2.285
1789278362,472083962,440.543,robot_1,-1.348,2.980
1789278362,472157964,440.543,robot_2,1.509,-2.320
1789278362,472189686,440.543,robot_0,-2.073,1.020
1789278362,472233107,440.543,robot_1_carried_generic_box,-1.348,2.980
1789278362,472275195,440.543,robot_2_carried_generic_box,1.516,-2.297
1789278362,679369959,440.750,robot_1,-1.348,2.980
1789278362,679440965,440.750,robot_2,1.505,-2.332
1789278362,679477123,440.750,robot_0,-2.073,1.020
1789278362,679523622,440.754,robot_1_carried_generic_box,-1.348,2.980
1789278362,683283438,440.754,robot_2_carried_generic_box,1.512,-2.309
1789278362,946098347,441.017,robot_1,-1.348,2.980
1789278362,946175562,441.017,robot_2,1.501,-2.345
1789278362,946214907,441.024,robot_0,-2.073,1.020
1789278362,953110423,441.024,robot_1_carried_generic_box,-1.348,2.980
1789278362,953164118,441.024,robot_2_carried_generic_box,1.507,-2.326
1789278363,187175558,441.258,robot_1,-1.348,2.980
1789278363,187263700,441.258,robot_2,1.498,-2.353
1789278363,187303208,441.258,robot_0,-2.073,1.020
1789278363,187351036,441.258,robot_1_carried_generic_box,-1.348,2.980
1789278363,187388825,441.258,robot_2_carried_generic_box,1.503,-2.337
1789278363,462677089,441.533,robot_1,-1.348,2.980
1789278363,462752164,441.534,robot_2,1.495,-2.365
1789278363,462790100,441.534,robot_0,-2.073,1.020
1789278363,462835753,441.534,robot_1_carried_generic_box,-1.348,2.980
1789278363,462876815,441.534,robot_2_carried_generic_box,1.500,-2.347
1789278363,718720519,441.789,robot_1,-1.348,2.980
1789278363,718795358,441.790,robot_2,1.490,-2.379
1789278363,718830073,441.790,robot_0,-2.073,1.021
1789278363,718878698,441.790,robot_1_carried_generic_box,-1.348,2.980
1789278363,718917948,441.802,robot_2_carried_generic_box,1.498,-2.353
1789278363,973674364,442.044,robot_1,-1.348,2.980
1789278363,973757998,442.045,robot_2,1.486,-2.394
1789278363,973799218,442.045,robot_0,-2.073,1.021
1789278363,973853803,442.045,robot_1_carried_generic_box,-1.348,2.980
1789278363,973897612,442.045,robot_2_carried_generic_box,1.493,-2.371
1789278364,185082789,442.256,robot_1,-1.348,2.980
1789278364,185169645,442.256,robot_2,1.481,-2.410
1789278364,185200996,442.256,robot_0,-2.073,1.021
1789278364,185246712,442.256,robot_1_carried_generic_box,-1.348,2.980
1789278364,185284695,442.256,robot_2_carried_generic_box,1.490,-2.379
1789278364,412755990,442.484,robot_1,-1.348,2.981
1789278364,412825426,442.484,robot_2,1.477,-2.423
1789278364,412859630,442.484,robot_0,-2.073,1.021
1789278364,412908428,442.484,robot_1_carried_generic_box,-1.348,2.980
1789278364,412946852,442.484,robot_2_carried_generic_box,1.484,-2.402
1789278364,659467178,442.730,robot_1,-1.348,2.981
1789278364,659545147,442.730,robot_2,1.474,-2.434
1789278364,659577360,442.730,robot_0,-2.073,1.021
1789278364,659622195,442.730,robot_1_carried_generic_box,-1.348,2.980
1789278364,659659722,442.730,robot_2_carried_generic_box,1.481,-2.412
1789278364,895243840,442.966,robot_1,-1.348,2.981
1789278364,895319022,442.966,robot_2,1.472,-2.440
1789278364,895355478,442.966,robot_0,-2.073,1.021
1789278364,895402150,442.966,robot_1_carried_generic_box,-1.348,2.980
1789278364,895433322,442.966,robot_2_carried_generic_box,1.479,-2.417
1789278365,98455826,443.169,robot_1,-1.348,2.981
1789278365,98526751,443.169,robot_2,1.471,-2.446
1789278365,98553776,443.169,robot_0,-2.073,1.021
1789278365,98598640,443.169,robot_1_carried_generic_box,-1.348,2.981
1789278365,98635729,443.169,robot_2_carried_generic_box,1.476,-2.426
1789278365,377237689,443.448,robot_1,-1.348,2.981
1789278365,377305227,443.448,robot_2,1.467,-2.459
1789278365,377333000,443.448,robot_0,-2.074,1.021
1789278365,377372549,443.448,robot_1_carried_generic_box,-1.348,2.981
1789278365,377403038,443.448,robot_2_carried_generic_box,1.471,-2.445
1789278365,595557716,443.666,robot_1,-1.348,2.981
1789278365,595632595,443.666,robot_2,1.466,-2.462
1789278365,595666881,443.666,robot_0,-2.074,1.021
1789278365,595713120,443.666,robot_1_carried_generic_box,-1.348,2.981
1789278365,595752145,443.666,robot_2_carried_generic_box,1.471,-2.445
1789278365,836631233,443.907,robot_1,-1.348,2.981
1789278365,836701455,443.907,robot_2,1.466,-2.463
1789278365,836731004,443.907,robot_0,-2.074,1.021
1789278365,836774532,443.908,robot_1_carried_generic_box,-1.348,2.981
1789278365,836809487,443.908,robot_2_carried_generic_box,1.467,-2.459
1789278366,51688025,444.122,robot_1,-1.348,2.981
1789278366,51751850,444.122,robot_2,1.465,-2.467
1789278366,51778516,444.123,robot_0,-2.074,1.021
1789278366,51818986,444.123,robot_1_carried_generic_box,-1.348,2.981
1789278366,51848541,444.123,robot_2_carried_generic_box,1.466,-2.461
1789278366,287282211,444.358,robot_1,-1.348,2.981
1789278366,287378066,444.358,robot_2,1.463,-2.476
1789278366,287418573,444.358,robot_0,-2.074,1.021
1789278366,287463912,444.358,robot_1_carried_generic_box,-1.348,2.981
1789278366,296598911,444.367,robot_2_carried_generic_box,1.466,-2.464
1789278366,493303507,444.564,robot_1,-1.348,2.981
1789278366,493368826,444.564,robot_2,1.462,-2.478
1789278366,493398842,444.564,robot_0,-2.073,1.024
1789278366,493439741,444.564,robot_1_carried_generic_box,-1.348,2.981
1789278366,493472201,444.564,robot_2_carried_generic_box,1.466,-2.464
1789278366,700469955,444.771,robot_1,-1.348,2.982
1789278366,700565013,444.771,robot_2,1.462,-2.478
1789278366,700606009,444.771,robot_0,-2.070,1.031
1789278366,700660279,444.771,robot_1_carried_generic_box,-1.348,2.981
1789278366,700705236,444.771,robot_2_carried_generic_box,1.463,-2.477
1789278366,924864298,445.016,robot_1,-1.348,2.982
1789278366,945748895,445.017,robot_2,1.462,-2.478
1789278366,945802579,445.017,robot_0,-2.067,1.039
1789278366,945852659,445.017,robot_1_carried_generic_box,-1.348,2.981
1789278366,945890542,445.017,robot_2_carried_generic_box,1.462,-2.478
1789278367,156627762,445.227,robot_1,-1.351,2.981
1789278367,156703645,445.227,robot_2,1.462,-2.479
1789278367,156741569,445.227,robot_0,-2.065,1.041
1789278367,156791676,445.228,robot_1_carried_generic_box,-1.348,2.982
1789278367,156834094,445.255,robot_2_carried_generic_box,1.462,-2.478
1789278367,433520124,445.504,robot_1,-1.362,2.977
1789278367,433585682,445.504,robot_2,1.461,-2.486
1789278367,433615449,445.504,robot_0,-2.065,1.041
1789278367,433657115,445.504,robot_1_carried_generic_box,-1.348,2.982
1789278367,433690776,445.504,robot_2_carried_generic_box,1.462,-2.478
1789278367,640216844,445.711,robot_1,-1.369,2.974
1789278367,640285815,445.711,robot_2,1.461,-2.494
1789278367,640322114,445.711,robot_0,-2.065,1.041
1789278367,640363811,445.711,robot_1_carried_generic_box,-1.351,2.981
1789278367,640402313,445.711,robot_2_carried_generic_box,1.462,-2.478
1789278367,899890130,445.971,robot_1,-1.375,2.972
1789278367,899962491,445.971,robot_2,1.460,-2.503
1789278367,899995102,445.971,robot_0,-2.065,1.041
1789278367,900039662,445.971,robot_1_carried_generic_box,-1.354,2.980
1789278367,900072717,445.971,robot_2_carried_generic_box,1.462,-2.480
1789278368,144300506,446.215,robot_1,-1.388,2.966
1789278368,169737212,446.241,robot_2,1.459,-2.519
1789278368,169813083,446.241,robot_0,-2.065,1.041
1789278368,169860638,446.241,robot_1_carried_generic_box,-1.372,2.973
1789278368,169892081,446.241,robot_2_carried_generic_box,1.460,-2.498
1789278368,344494749,446.415,robot_1,-1.398,2.962
1789278368,347500959,446.418,robot_2,1.458,-2.529
1789278368,347569378,446.418,robot_0,-2.065,1.041
1789278368,347621429,446.418,robot_1_carried_generic_box,-1.376,2.971
1789278368,347656113,446.418,robot_2_carried_generic_box,1.460,-2.503
1789278368,577112613,446.648,robot_1,-1.408,2.958
1789278368,577180002,446.648,robot_2,1.458,-2.543
1789278368,577218915,446.648,robot_0,-2.065,1.041
1789278368,577264412,446.648,robot_1_carried_generic_box,-1.393,2.964
1789278368,577293624,446.648,robot_2_carried_generic_box,1.458,-2.524
1789278368,861741755,446.933,robot_1,-1.418,2.953
1789278368,861842287,446.933,robot_2,1.458,-2.552
1789278368,861874568,446.933,robot_0,-2.066,1.041
1789278368,861924988,446.933,robot_1_carried_generic_box,-1.403,2.960
1789278368,861961995,446.933,robot_2_carried_generic_box,1.458,-2.532
1789278369,69057920,447.140,robot_1,-1.425,2.950
1789278369,69127042,447.140,robot_2,1.458,-2.559
1789278369,69159541,447.140,robot_0,-2.066,1.041
1789278369,81557925,447.152,robot_1_carried_generic_box,-1.403,2.960
1789278369,81679495,447.152,robot_2_carried_generic_box,1.458,-2.545
1789278369,316024609,447.387,robot_1,-1.435,2.946
1789278369,316092809,447.387,robot_2,1.458,-2.569
1789278369,316119599,447.387,robot_0,-2.066,1.041
1789278369,316154259,447.387,robot_1_carried_generic_box,-1.418,2.953
1789278369,316181934,447.387,robot_2_carried_generic_box,1.458,-2.555
1789278369,549061676,447.620,robot_1,-1.449,2.940
1789278369,549127747,447.620,robot_2,1.459,-2.584
1789278369,549159398,447.620,robot_0,-2.066,1.041
1789278369,549199718,447.620,robot_1_carried_generic_box,-1.423,2.951
1789278369,549225034,447.620,robot_2_carried_generic_box,1.458,-2.563
1789278369,781416376,447.852,robot_1,-1.452,2.938
1789278369,781485837,447.852,robot_2,1.460,-2.590
1789278369,781516211,447.852,robot_0,-2.066,1.041
1789278369,781557161,447.852,robot_1_carried_generic_box,-1.423,2.951
1789278369,781584953,447.852,robot_2_carried_generic_box,1.458,-2.571
1789278370,18936441,448.090,robot_1,-1.456,2.937
1789278370,18999126,448.090,robot_2,1.461,-2.605
1789278370,19028559,448.090,robot_0,-2.066,1.041
1789278370,19068146,448.090,robot_1_carried_generic_box,-1.443,2.942
1789278370,19097135,448.090,robot_2_carried_generic_box,1.459,-2.578
1789278370,265181329,448.336,robot_1,-1.465,2.933
1789278370,265258109,448.336,robot_2,1.463,-2.622
1789278370,265289358,448.336,robot_0,-2.066,1.041
1789278370,265332834,448.336,robot_1_carried_generic_box,-1.449,2.940
1789278370,279435531,448.350,robot_2_carried_generic_box,1.459,-2.584
1789278370,475348836,448.546,robot_1,-1.478,2.928
1789278370,475418099,448.546,robot_2,1.464,-2.632
1789278370,475451813,448.546,robot_0,-2.066,1.041
1789278370,478089347,448.549,robot_1_carried_generic_box,-1.460,2.935
1789278370,478176963,448.549,robot_2_carried_generic_box,1.462,-2.614
1789278370,685154052,448.756,robot_1,-1.492,2.923
1789278370,685225335,448.756,robot_2,1.465,-2.637
1789278370,685254875,448.756,robot_0,-2.066,1.041
1789278370,685294241,448.756,robot_1_carried_generic_box,-1.467,2.932
1789278370,685323955,448.756,robot_2_carried_generic_box,1.463,-2.625
1789278370,938301953,449.009,robot_1,-1.502,2.919
1789278370,938368676,449.009,robot_2,1.466,-2.644
1789278370,938403765,449.009,robot_0,-2.066,1.041
1789278370,938452587,449.009,robot_1_carried_generic_box,-1.481,2.927
1789278370,938482270,449.009,robot_2_carried_generic_box,1.464,-2.635
1789278371,144753097,449.216,robot_1,-1.506,2.917
1789278371,144826491,449.216,robot_2,1.467,-2.652
1789278371,144863608,449.216,robot_0,-2.066,1.041
1789278371,144909454,449.237,robot_1_carried_generic_box,-1.495,2.922
1789278371,166535788,449.240,robot_2_carried_generic_box,1.465,-2.638
1789278371,398283518,449.469,robot_1,-1.520,2.912
1789278371,410797225,449.482,robot_2,1.469,-2.666
1789278371,410883155,449.482,robot_0,-2.066,1.041
1789278371,410939464,449.482,robot_1_carried_generic_box,-1.500,2.919
1789278371,410968734,449.482,robot_2_carried_generic_box,1.465,-2.642
1789278371,616878457,449.688,robot_1,-1.534,2.907
1789278371,616954376,449.688,robot_2,1.471,-2.680
1789278371,616987429,449.688,robot_0,-2.066,1.041
1789278371,617026403,449.688,robot_1_carried_generic_box,-1.514,2.914
1789278371,617054220,449.688,robot_2_carried_generic_box,1.468,-2.660
1789278371,888531304,449.959,robot_1,-1.545,2.903
1789278371,888613827,449.959,robot_2,1.472,-2.691
1789278371,888655078,449.959,robot_0,-2.067,1.041
1789278371,888698644,449.959,robot_1_carried_generic_box,-1.514,2.914
1789278371,888731224,449.959,robot_2_carried_generic_box,1.469,-2.666
1789278372,109787631,450.181,robot_1,-1.559,2.898
1789278372,109861385,450.181,robot_2,1.475,-2.706
1789278372,109902389,450.181,robot_0,-2.067,1.041
1789278372,140973349,450.212,robot_1_carried_generic_box,-1.534,2.907
1789278372,141061266,450.212,robot_2_carried_generic_box,1.470,-2.677
1789278372,334509570,450.405,robot_1,-1.572,2.893
1789278372,334588626,450.405,robot_2,1.477,-2.721
1789278372,334625009,450.405,robot_0,-2.067,1.041
1789278372,334668656,450.405,robot_1_carried_generic_box,-1.548,2.902
1789278372,334826351,450.406,robot_2_carried_generic_box,1.472,-2.691
1789278372,559072880,450.630,robot_1,-1.583,2.889
1789278372,559153417,450.631,robot_2,1.479,-2.732
1789278372,560502277,450.631,robot_0,-2.067,1.041
1789278372,560562127,450.631,robot_1_carried_generic_box,-1.559,2.898
1789278372,560593488,450.631,robot_2_carried_generic_box,1.475,-2.706
1789278372,763535499,450.834,robot_1,-1.593,2.885
1789278372,763597973,450.834,robot_2,1.479,-2.737
1789278372,763646065,450.834,robot_0,-2.067,1.041
1789278372,763687275,450.834,robot_1_carried_generic_box,-1.576,2.892
1789278372,763712585,450.834,robot_2_carried_generic_box,1.477,-2.718
1789278372,994449716,451.065,robot_1,-1.604,2.882
1789278372,994533642,451.065,robot_2,1.480,-2.738
1789278372,994574452,451.065,robot_0,-2.066,1.040
1789278372,994624679,451.065,robot_1_carried_generic_box,-1.581,2.890
1789278372,994654878,451.065,robot_2_carried_generic_box,1.478,-2.730
1789278373,202618869,451.273,robot_1,-1.615,2.878
1789278373,202700796,451.273,robot_2,1.480,-2.738
1789278373,206749513,451.278,robot_0,-2.064,1.037
1789278373,206847415,451.278,robot_1_carried_generic_box,-1.591,2.886
1789278373,206884201,451.278,robot_2_carried_generic_box,1.479,-2.736
1789278373,444912849,451.525,robot_1,-1.629,2.872
1789278373,454625307,451.525,robot_2,1.480,-2.739
1789278373,454677581,451.525,robot_0,-2.063,1.036
1789278373,454721199,451.525,robot_1_carried_generic_box,-1.610,2.880
1789278373,454751741,451.525,robot_2_carried_generic_box,1.479,-2.737
1789278373,713617022,451.784,robot_1,-1.646,2.867
1789278373,713725698,451.784,robot_2,1.481,-2.746
1789278373,713757136,451.785,robot_0,-2.063,1.036
1789278373,713803470,451.785,robot_1_carried_generic_box,-1.615,2.878
1789278373,713838979,451.785,robot_2_carried_generic_box,1.480,-2.738
1789278373,938623315,452.009,robot_1,-1.654,2.864
1789278373,938688802,452.009,robot_2,1.481,-2.747
1789278373,938717175,452.009,robot_0,-2.064,1.036
1789278373,938753361,452.009,robot_1_carried_generic_box,-1.629,2.872
1789278373,938776882,452.010,robot_2_carried_generic_box,1.480,-2.739
1789278374,148429786,452.219,robot_1,-1.656,2.863
1789278374,148504109,452.219,robot_2,1.482,-2.750
1789278374,148538597,452.219,robot_0,-2.064,1.036
1789278374,148581577,452.219,robot_1_carried_generic_box,-1.641,2.868
1789278374,148615078,452.219,robot_2_carried_generic_box,1.481,-2.745
1789278374,366358772,452.437,robot_1,-1.658,2.862
1789278374,366427875,452.437,robot_2,1.485,-2.759
1789278374,366461486,452.437,robot_0,-2.064,1.036
1789278374,366502976,452.437,robot_1_carried_generic_box,-1.650,2.865
1789278374,366532186,452.437,robot_2_carried_generic_box,1.481,-2.747
1789278374,599900531,452.694,robot_1,-1.667,2.859
1789278374,623313554,452.694,robot_2,1.489,-2.774
1789278374,623377200,452.694,robot_0,-2.063,1.035
1789278374,623428041,452.694,robot_1_carried_generic_box,-1.656,2.863
1789278374,623464278,452.694,robot_2_carried_generic_box,1.482,-2.749
1789278374,862826007,452.934,robot_1,-1.681,2.855
1789278374,862939688,452.934,robot_2,1.491,-2.780
1789278374,862975114,452.941,robot_0,-2.057,1.031
1789278374,870324804,452.941,robot_1_carried_generic_box,-1.661,2.861
1789278374,870390870,452.941,robot_2_carried_generic_box,1.487,-2.767
1789278375,87358698,453.158,robot_1,-1.689,2.853
1789278375,87422117,453.158,robot_2,1.492,-2.782
1789278375,87453540,453.158,robot_0,-2.051,1.027
1789278375,87489573,453.158,robot_1_carried_generic_box,-1.661,2.861
1789278375,87519266,453.158,robot_2_carried_generic_box,1.487,-2.767
1789278375,300579232,453.371,robot_1,-1.701,2.849
1789278375,300655146,453.371,robot_2,1.493,-2.785
1789278375,300689330,453.371,robot_0,-2.039,1.020
1789278375,300732514,453.371,robot_1_carried_generic_box,-1.669,2.859
1789278375,300766894,453.372,robot_2_carried_generic_box,1.490,-2.777
1789278375,549049735,453.620,robot_1,-1.716,2.844
1789278375,556543594,453.627,robot_2,1.494,-2.788
1789278375,556614771,453.627,robot_0,-2.024,1.011
1789278375,556659640,453.627,robot_1_carried_generic_box,-1.683,2.854
1789278375,556696260,453.627,robot_2_carried_generic_box,1.492,-2.783
1789278375,807570618,453.878,robot_1,-1.722,2.842
1789278375,807650849,453.878,robot_2,1.498,-2.797
1789278375,807685486,453.878,robot_0,-2.011,1.003
1789278375,807727076,453.878,robot_1_carried_generic_box,-1.707,2.847
1789278375,807764242,453.879,robot_2_carried_generic_box,1.493,-2.785
1789278376,36813728,454.119,robot_1,-1.723,2.842
1789278376,48645178,454.119,robot_2,1.503,-2.810
1789278376,48711343,454.119,robot_0,-1.998,0.996
1789278376,48762293,454.122,robot_1_carried_generic_box,-1.716,2.844
1789278376,51205385,454.122,robot_2_carried_generic_box,1.496,-2.792
1789278376,310295477,454.381,robot_1,-1.724,2.842
1789278376,310402722,454.381,robot_2,1.508,-2.820
1789278376,310440294,454.381,robot_0,-1.982,0.987
1789278376,310487142,454.381,robot_1_carried_generic_box,-1.723,2.842
1789278376,310519091,454.381,robot_2_carried_generic_box,1.499,-2.799
1789278376,554767731,454.626,robot_1,-1.730,2.840
1789278376,554833108,454.626,robot_2,1.509,-2.823
1789278376,554863555,454.626,robot_0,-1.969,0.980
1789278376,554903999,454.626,robot_1_carried_generic_box,-1.723,2.842
1789278376,554942501,454.626,robot_2_carried_generic_box,1.506,-2.816
1789278376,765327546,454.836,robot_1,-1.738,2.838
1789278376,765391931,454.836,robot_2,1.509,-2.823
1789278376,765425075,454.836,robot_0,-1.959,0.975
1789278376,765467149,454.836,robot_1_carried_generic_box,-1.725,2.842
1789278376,765502535,454.836,robot_2_carried_generic_box,1.509,-2.821
1789278377,19532443,455.090,robot_1,-1.748,2.836
1789278377,19615956,455.090,robot_2,1.512,-2.827
1789278377,19656928,455.090,robot_0,-1.947,0.969
1789278377,19698434,455.090,robot_1_carried_generic_box,-1.725,2.841
1789278377,19728389,455.090,robot_2_carried_generic_box,1.509,-2.823
1789278377,236814883,455.308,robot_1,-1.765,2.833
1789278377,236910991,455.308,robot_2,1.514,-2.831
1789278377,236959066,455.308,robot_0,-1.933,0.962
1789278377,237007961,455.308,robot_1_carried_generic_box,-1.746,2.837
1789278377,237042543,455.308,robot_2_carried_generic_box,1.509,-2.823
1789278377,472289163,455.543,robot_1,-1.775,2.831
1789278377,472381404,455.543,robot_2,1.515,-2.833
1789278377,472425226,455.543,robot_0,-1.925,0.958
1789278377,472478827,455.543,robot_1_carried_generic_box,-1.757,2.834
1789278377,472520818,455.543,robot_2_carried_generic_box,1.513,-2.829
1789278377,700598327,455.771,robot_1,-1.789,2.828
1789278377,700682287,455.771,robot_2,1.519,-2.840
1789278377,700728189,455.771,robot_0,-1.912,0.951
1789278377,700776739,455.772,robot_1_carried_generic_box,-1.767,2.832
1789278377,700814475,455.772,robot_2_carried_generic_box,1.514,-2.831
1789278377,903187829,455.974,robot_1,-1.798,2.827
1789278377,903282645,455.974,robot_2,1.526,-2.850
1789278377,903326443,455.974,robot_0,-1.899,0.944
1789278377,903378926,455.974,robot_1_carried_generic_box,-1.778,2.830
1789278377,903423309,455.974,robot_2_carried_generic_box,1.514,-2.832
1789278378,125413121,456.196,robot_1,-1.801,2.826
1789278378,125507927,456.196,robot_2,1.530,-2.856
1789278378,125548716,456.196,robot_0,-1.886,0.937
1789278378,125599432,456.196,robot_1_carried_generic_box,-1.792,2.828
1789278378,125642239,456.196,robot_2_carried_generic_box,1.523,-2.846
1789278378,361371195,456.432,robot_1,-1.801,2.826
1789278378,361446650,456.433,robot_2,1.535,-2.864
1789278378,362118260,456.433,robot_0,-1.872,0.930
1789278378,362177899,456.433,robot_1_carried_generic_box,-1.798,2.827
1789278378,362212601,456.433,robot_2_carried_generic_box,1.527,-2.852
1789278378,592726889,456.663,robot_1,-1.806,2.825
1789278378,592807802,456.683,robot_2,1.544,-2.875
1789278378,612736417,456.683,robot_0,-1.859,0.923
1789278378,612794912,456.684,robot_1_carried_generic_box,-1.801,2.826
1789278378,612832951,456.684,robot_2_carried_generic_box,1.534,-2.862
1789278378,818093653,456.903,robot_1,-1.811,2.825
1789278378,832424834,456.903,robot_2,1.551,-2.885
1789278378,832477888,456.903,robot_0,-1.852,0.920
1789278378,836240076,456.907,robot_1_carried_generic_box,-1.801,2.826
1789278378,836353605,456.907,robot_2_carried_generic_box,1.535,-2.864
1789278379,42901252,457.119,robot_1,-1.816,2.824
1789278379,48692925,457.119,robot_2,1.557,-2.893
1789278379,48757900,457.120,robot_0,-1.846,0.917
1789278379,48810317,457.120,robot_1_carried_generic_box,-1.802,2.826
1789278379,48853862,457.120,robot_2_carried_generic_box,1.542,-2.873
1789278379,243163872,457.314,robot_1,-1.823,2.824
1789278379,243240979,457.314,robot_2,1.560,-2.897
1789278379,243275168,457.314,robot_0,-1.838,0.913
1789278379,243317143,457.325,robot_1_carried_generic_box,-1.807,2.825
1789278379,254407308,457.325,robot_2_carried_generic_box,1.551,-2.885
1789278379,469869786,457.541,robot_1,-1.835,2.823
1789278379,469949586,457.541,robot_2,1.566,-2.904
1789278379,469989625,457.541,robot_0,-1.824,0.906
1789278379,470035554,457.541,robot_1_carried_generic_box,-1.812,2.825
1789278379,470066101,457.541,robot_2_carried_generic_box,1.557,-2.893
1789278379,714510421,457.785,robot_1,-1.845,2.822
1789278379,714585013,457.785,robot_2,1.571,-2.911
1789278379,714616923,457.785,robot_0,-1.814,0.900
1789278379,714655726,457.785,robot_1_carried_generic_box,-1.819,2.824
1789278379,714690917,457.807,robot_2_carried_generic_box,1.560,-2.897
1789278379,944737080,458.015,robot_1,-1.854,2.821
1789278379,944808499,458.016,robot_2,1.576,-2.917
1789278379,944842346,458.016,robot_0,-1.800,0.894
1789278379,945764076,458.017,robot_1_carried_generic_box,-1.827,2.823
1789278379,945812576,458.017,robot_2_carried_generic_box,1.564,-2.902
1789278380,178131684,458.249,robot_1,-1.868,2.821
1789278380,178203232,458.249,robot_2,1.583,-2.926
1789278380,178242268,458.249,robot_0,-1.787,0.887
1789278380,178288655,458.249,robot_1_carried_generic_box,-1.847,2.822
1789278380,178324629,458.249,robot_2_carried_generic_box,1.569,-2.908
1789278380,411118790,458.482,robot_1,-1.886,2.820
1789278380,411192265,458.482,robot_2,1.594,-2.939
1789278380,411228010,458.482,robot_0,-1.772,0.880
1789278380,411275019,458.482,robot_1_carried_generic_box,-1.865,2.821
1789278380,411320579,458.482,robot_2_carried_generic_box,1.579,-2.921
1789278380,613912996,458.685,robot_1,-1.895,2.820
1789278380,613995634,458.685,robot_2,1.599,-2.944
1789278380,614030860,458.685,robot_0,-1.767,0.877
1789278380,614075322,458.685,robot_1_carried_generic_box,-1.874,2.821
1789278380,614109636,458.685,robot_2_carried_generic_box,1.583,-2.926
1789278380,840107174,458.911,robot_1,-1.910,2.820
1789278380,840176287,458.911,robot_2,1.608,-2.955
1789278380,840207703,458.911,robot_0,-1.764,0.876
1789278380,840247083,458.911,robot_1_carried_generic_box,-1.883,2.820
1789278380,840279479,458.911,robot_2_carried_generic_box,1.590,-2.934
1789278381,45484539,459.116,robot_1,-1.925,2.819
1789278381,45568972,459.116,robot_2,1.618,-2.967
1789278381,45603536,459.116,robot_0,-1.764,0.876
1789278381,45648267,459.116,robot_1_carried_generic_box,-1.895,2.820
1789278381,45686446,459.116,robot_2_carried_generic_box,1.599,-2.944
1789278381,259602786,459.330,robot_1,-1.939,2.819
1789278381,259672327,459.330,robot_2,1.628,-2.978
1789278381,259706961,459.330,robot_0,-1.764,0.876
1789278381,259753120,459.330,robot_1_carried_generic_box,-1.913,2.820
1789278381,259794576,459.331,robot_2_carried_generic_box,1.610,-2.958
1789278381,539139644,459.610,robot_1,-1.948,2.819
1789278381,539220609,459.610,robot_2,1.633,-2.985
1789278381,539252579,459.610,robot_0,-1.764,0.876
1789278381,539290379,459.610,robot_1_carried_generic_box,-1.925,2.819
1789278381,539323130,459.610,robot_2_carried_generic_box,1.614,-2.962
1789278381,890669246,459.961,robot_1,-1.964,2.819
1789278381,890740437,459.961,robot_2,1.645,-2.998
1789278381,890801900,459.962,robot_0,-1.764,0.876
1789278381,890841899,459.962,robot_1_carried_generic_box,-1.945,2.819
1789278381,890873862,459.962,robot_2_carried_generic_box,1.630,-2.980
1789278382,134202558,460.205,robot_1,-1.971,2.819
1789278382,134273028,460.205,robot_2,1.648,-3.002
1789278382,134309977,460.205,robot_0,-1.761,0.875
1789278382,134351897,460.205,robot_1_carried_generic_box,-1.957,2.819
1789278382,134381320,460.205,robot_2_carried_generic_box,1.637,-2.990
1789278382,374508273,460.445,robot_1,-1.987,2.818
1789278382,374590503,460.445,robot_2,1.648,-3.003
1789278382,374631404,460.445,robot_0,-1.758,0.874
1789278382,374680675,460.445,robot_1_carried_generic_box,-1.966,2.819
1789278382,374722610,460.445,robot_2_carried_generic_box,1.646,-2.999
1789278382,583874518,460.655,robot_1,-2.002,2.818
1789278382,583956364,460.655,robot_2,1.648,-3.003
1789278382,583998850,460.656,robot_0,-1.758,0.873
1789278382,585489915,460.656,robot_1_carried_generic_box,-1.978,2.818
1789278382,585541533,460.656,robot_2_carried_generic_box,1.648,-3.003
1789278382,847743056,460.919,robot_1,-2.017,2.818
1789278382,861079155,460.932,robot_2,1.648,-3.003
1789278382,861174179,460.932,robot_0,-1.754,0.873
1789278382,861223454,460.932,robot_1_carried_generic_box,-1.990,2.818
1789278382,861259652,460.932,robot_2_carried_generic_box,1.648,-3.003
1789278383,52544370,461.123,robot_1,-2.026,2.818
1789278383,52622339,461.123,robot_2,1.648,-3.003
1789278383,52671464,461.123,robot_0,-1.748,0.872
1789278383,52723835,461.123,robot_1_carried_generic_box,-2.002,2.818
1789278383,52764098,461.124,robot_2_carried_generic_box,1.648,-3.003
1789278383,296784181,461.368,robot_1,-2.041,2.818
1789278383,296857519,461.368,robot_2,1.648,-3.003
1789278383,296896210,461.368,robot_0,-1.735,0.870
1789278383,296945750,461.368,robot_1_carried_generic_box,-2.020,2.818
1789278383,296980962,461.368,robot_2_carried_generic_box,1.648,-3.003
1789278383,527481527,461.598,robot_1,-2.056,2.818
1789278383,527596405,461.598,robot_2,1.648,-3.003
1789278383,527639939,461.598,robot_0,-1.722,0.868
1789278383,527686645,461.598,robot_1_carried_generic_box,-2.029,2.818
1789278383,527722942,461.598,robot_2_carried_generic_box,1.648,-3.003
1789278383,809524797,461.880,robot_1,-2.071,2.818
1789278383,809609708,461.880,robot_2,1.648,-3.003
1789278383,809649671,461.880,robot_0,-1.707,0.867
1789278383,809691924,461.880,robot_1_carried_generic_box,-2.050,2.818
1789278383,809728315,461.880,robot_2_carried_generic_box,1.648,-3.003
1789278384,52412419,462.123,robot_1,-2.079,2.818
1789278384,52488941,462.123,robot_2,1.648,-3.003
1789278384,52530829,462.123,robot_0,-1.698,0.866
1789278384,52577009,462.123,robot_1_carried_generic_box,-2.050,2.818
1789278384,52617977,462.123,robot_2_carried_generic_box,1.648,-3.003
1789278384,298459631,462.369,robot_1,-2.094,2.818
1789278384,298529237,462.369,robot_2,1.648,-3.003
1789278384,298569575,462.369,robot_0,-1.684,0.866
1789278384,298613189,462.369,robot_1_carried_generic_box,-2.068,2.818
1789278384,298651502,462.369,robot_2_carried_generic_box,1.648,-3.003
1789278384,599815975,462.671,robot_1,-2.115,2.818
1789278384,599905579,462.671,robot_2,1.648,-3.003
1789278384,600372032,462.671,robot_0,-1.664,0.865
1789278384,600444589,462.671,robot_1_carried_generic_box,-2.082,2.818
1789278384,600484947,462.671,robot_2_carried_generic_box,1.648,-3.003
1789278384,853286119,462.924,robot_1,-2.130,2.818
1789278384,853368913,462.924,robot_2,1.648,-3.003
1789278384,853408258,462.924,robot_0,-1.654,0.865
1789278384,853449489,462.924,robot_1_carried_generic_box,-2.097,2.818
1789278384,853484197,462.924,robot_2_carried_generic_box,1.648,-3.003
1789278385,63448666,463.134,robot_1,-2.142,2.818
1789278385,63540138,463.134,robot_2,1.648,-3.003
1789278385,63588947,463.134,robot_0,-1.649,0.865
1789278385,63641155,463.134,robot_1_carried_generic_box,-2.109,2.818
1789278385,63684875,463.134,robot_2_carried_generic_box,1.648,-3.003
1789278385,296616821,463.367,robot_1,-2.160,2.818
1789278385,296688241,463.367,robot_2,1.648,-3.003
1789278385,296726769,463.367,robot_0,-1.637,0.865
1789278385,296764194,463.368,robot_1_carried_generic_box,-2.124,2.818
1789278385,296796629,463.368,robot_2_carried_generic_box,1.648,-3.003
1789278385,513847295,463.585,robot_1,-2.175,2.818
1789278385,513916337,463.624,robot_2,1.648,-3.003
1789278385,553552215,463.624,robot_0,-1.630,0.865
1789278385,553608672,463.624,robot_1_carried_generic_box,-2.148,2.818
1789278385,553657378,463.624,robot_2_carried_generic_box,1.648,-3.003
1789278385,750269334,463.821,robot_1,-2.187,2.818
1789278385,750336066,463.821,robot_2,1.648,-3.003
1789278385,750370270,463.821,robot_0,-1.629,0.865
1789278385,750408478,463.821,robot_1_carried_generic_box,-2.157,2.818
1789278385,750445574,463.821,robot_2_carried_generic_box,1.648,-3.003
1789278385,974652228,464.045,robot_1,-2.195,2.818
1789278385,974723886,464.045,robot_2,1.648,-3.003
1789278385,974761771,464.046,robot_0,-1.629,0.865
1789278385,974797394,464.046,robot_1_carried_generic_box,-2.178,2.818
1789278385,974828411,464.046,robot_2_carried_generic_box,1.648,-3.003
1789278386,226100414,464.297,robot_1,-2.203,2.818
1789278386,226184662,464.297,robot_2,1.647,-3.003
1789278386,226230759,464.297,robot_0,-1.628,0.865
1789278386,226272334,464.297,robot_1_carried_generic_box,-2.189,2.818
1789278386,226313970,464.297,robot_2_carried_generic_box,1.648,-3.003
1789278386,444795718,464.516,robot_1,-2.217,2.818
1789278386,444898613,464.516,robot_2,1.642,-3.002
1789278386,444943736,464.516,robot_0,-1.625,0.865
1789278386,444980388,464.516,robot_1_carried_generic_box,-2.195,2.818
1789278386,445013837,464.516,robot_2_carried_generic_box,1.648,-3.003
1789278386,683267829,464.754,robot_1,-2.232,2.818
1789278386,683345608,464.754,robot_2,1.632,-3.000
1789278386,683381336,464.754,robot_0,-1.623,0.865
1789278386,683421001,464.759,robot_1_carried_generic_box,-2.203,2.818
1789278386,688328185,464.759,robot_2_carried_generic_box,1.648,-3.003
1789278386,905079057,464.976,robot_1,-2.246,2.818
1789278386,912148245,464.983,robot_2,1.624,-2.999
1789278386,912229874,464.983,robot_0,-1.620,0.866
1789278386,912274232,464.983,robot_1_carried_generic_box,-2.223,2.818
1789278386,912310845,464.983,robot_2_carried_generic_box,1.642,-3.002
1789278387,111360340,465.182,robot_1,-2.254,2.818
1789278387,127996622,465.199,robot_2,1.623,-2.998
1789278387,128086268,465.199,robot_0,-1.618,0.866
1789278387,128137408,465.199,robot_1_carried_generic_box,-2.223,2.818
1789278387,128176766,465.199,robot_2_carried_generic_box,1.632,-3.000
1789278387,324410366,465.395,robot_1,-2.258,2.818
1789278387,324480488,465.395,robot_2,1.623,-2.998
1789278387,328752762,465.400,robot_0,-1.614,0.867
1789278387,328852725,465.400,robot_1_carried_generic_box,-2.238,2.818
1789278387,328903977,465.400,robot_2_carried_generic_box,1.625,-2.999
1789278387,544819154,465.616,robot_1,-2.258,2.818
1789278387,544894086,465.616,robot_2,1.623,-2.998
1789278387,544934813,465.616,robot_0,-1.610,0.868
1789278387,544970401,465.616,robot_1_carried_generic_box,-2.255,2.818
1789278387,545003170,465.616,robot_2_carried_generic_box,1.623,-2.998
1789278387,780064268,465.851,robot_1,-2.258,2.818
1789278387,780153431,465.851,robot_2,1.623,-2.998
1789278387,780195254,465.851,robot_0,-1.600,0.872
1789278387,780234581,465.851,robot_1_carried_generic_box,-2.258,2.818
1789278387,780268428,465.851,robot_2_carried_generic_box,1.623,-2.998
1789278387,991880539,466.063,robot_1,-2.258,2.818
1789278387,991953373,466.063,robot_2,1.623,-2.998
1789278387,991985479,466.063,robot_0,-1.593,0.874
1789278387,992026470,466.063,robot_1_carried_generic_box,-2.258,2.818
1789278387,992062731,466.063,robot_2_carried_generic_box,1.623,-2.998
1789278388,210337875,466.281,robot_1,-2.258,2.818
1789278388,210435511,466.281,robot_2,1.623,-2.998
1789278388,210477410,466.281,robot_0,-1.584,0.877
1789278388,210515728,466.281,robot_1_carried_generic_box,-2.258,2.818
1789278388,210555643,466.281,robot_2_carried_generic_box,1.623,-2.998
1789278388,432413030,466.503,robot_1,-2.258,2.818
1789278388,432514910,466.503,robot_2,1.623,-2.998
1789278388,432551556,466.503,robot_0,-1.571,0.882
1789278388,432588098,466.503,robot_1_carried_generic_box,-2.258,2.818
1789278388,432622321,466.503,robot_2_carried_generic_box,1.623,-2.998
1789278388,702710169,466.773,robot_1,-2.258,2.818
1789278388,702795946,466.774,robot_2,1.623,-2.999
1789278388,702830402,466.774,robot_0,-1.557,0.888
1789278388,702867759,466.774,robot_1_carried_generic_box,-2.258,2.818
1789278388,702897101,466.774,robot_2_carried_generic_box,1.623,-2.998
1789278388,929016180,467.000,robot_1,-2.258,2.818
1789278388,929102700,467.000,robot_2,1.623,-2.999
1789278388,929142245,467.000,robot_0,-1.547,0.892
1789278388,929187321,467.000,robot_1_carried_generic_box,-2.258,2.818
1789278388,929229873,467.000,robot_2_carried_generic_box,1.623,-2.998
1789278389,132546551,467.203,robot_1,-2.258,2.818
1789278389,132630097,467.203,robot_2,1.623,-2.999
1789278389,132668340,467.203,robot_0,-1.538,0.896
1789278389,132711243,467.203,robot_1_carried_generic_box,-2.258,2.818
1789278389,132751204,467.203,robot_2_carried_generic_box,1.623,-2.998
1789278389,419600111,467.490,robot_1,-2.258,2.819
1789278389,419679450,467.490,robot_2,1.629,-2.998
1789278389,419715792,467.490,robot_0,-1.521,0.904
1789278389,419758173,467.491,robot_1_carried_generic_box,-2.258,2.818
1789278389,419791688,467.494,robot_2_carried_generic_box,1.623,-2.999
1789278389,633737227,467.704,robot_1,-2.258,2.819
1789278389,633811987,467.705,robot_2,1.636,-2.996
1789278389,637495117,467.712,robot_0,-1.514,0.907
1789278389,641745584,467.713,robot_1_carried_generic_box,-2.258,2.819
1789278389,641825498,467.713,robot_2_carried_generic_box,1.624,-2.998
1789278389,853633381,467.924,robot_1,-2.258,2.819
1789278389,853705871,467.924,robot_2,1.643,-2.994
1789278389,853747024,467.924,robot_0,-1.510,0.909
1789278389,853783704,467.925,robot_1_carried_generic_box,-2.258,2.819
1789278389,853819391,467.925,robot_2_carried_generic_box,1.629,-2.998
1789278390,65932977,468.137,robot_1,-2.258,2.819
1789278390,66008420,468.137,robot_2,1.650,-2.991
1789278390,66043877,468.137,robot_0,-1.502,0.913
1789278390,66079804,468.138,robot_1_carried_generic_box,-2.258,2.819
1789278390,69272147,468.140,robot_2_carried_generic_box,1.638,-2.995
1789278390,313221258,468.384,robot_1,-2.258,2.819
1789278390,313293583,468.384,robot_2,1.663,-2.987
1789278390,313334040,468.384,robot_0,-1.489,0.919
1789278390,313371036,468.384,robot_1_carried_generic_box,-2.258,2.819
1789278390,313403203,468.384,robot_2_carried_generic_box,1.644,-2.993
1789278390,558402189,468.629,robot_1,-2.258,2.819
1789278390,558481549,468.629,robot_2,1.677,-2.982
1789278390,558518231,468.629,robot_0,-1.476,0.926
1789278390,558554218,468.629,robot_1_carried_generic_box,-2.258,2.819
1789278390,558593085,468.629,robot_2_carried_generic_box,1.648,-2.992
1789278390,789841633,468.861,robot_1,-2.258,2.819
1789278390,789928730,468.861,robot_2,1.689,-2.977
1789278390,789976098,468.861,robot_0,-1.462,0.933
1789278390,790018253,468.861,robot_1_carried_generic_box,-2.258,2.819
1789278390,790053078,468.861,robot_2_carried_generic_box,1.669,-2.985
1789278391,13928348,469.085,robot_1,-2.258,2.819
1789278391,14003512,469.085,robot_2,1.704,-2.970
1789278391,14039925,469.085,robot_0,-1.446,0.941
1789278391,14073763,469.085,robot_1_carried_generic_box,-2.258,2.819
1789278391,14107703,469.085,robot_2_carried_generic_box,1.682,-2.980
1789278391,345823446,469.417,robot_1,-2.256,2.820
1789278391,345897949,469.417,robot_2,1.717,-2.964
1789278391,345943712,469.417,robot_0,-1.433,0.947
1789278391,345980821,469.417,robot_1_carried_generic_box,-2.258,2.819
1789278391,346017788,469.417,robot_2_carried_generic_box,1.689,-2.977
1789278391,550631947,469.621,robot_1,-2.251,2.823
1789278391,550704949,469.621,robot_2,1.727,-2.960
1789278391,550742863,469.630,robot_0,-1.423,0.953
1789278391,559206522,469.630,robot_1_carried_generic_box,-2.258,2.819
1789278391,559274506,469.630,robot_2_carried_generic_box,1.709,-2.968
1789278391,797097316,469.868,robot_1,-2.242,2.828
1789278391,797203124,469.868,robot_2,1.734,-2.956
1789278391,797240399,469.868,robot_0,-1.412,0.958
1789278391,797278372,469.868,robot_1_carried_generic_box,-2.255,2.821
1789278391,797312970,469.870,robot_2_carried_generic_box,1.717,-2.964
1789278391,997400473,470.068,robot_1,-2.236,2.832
1789278391,997473257,470.068,robot_2,1.736,-2.955
1789278391,997513600,470.068,robot_0,-1.399,0.964
1789278391,997552313,470.068,robot_1_carried_generic_box,-2.249,2.824
1789278391,997585646,470.068,robot_2_carried_generic_box,1.725,-2.961
1789278392,215382483,470.286,robot_1,-2.234,2.833
1789278392,215457931,470.286,robot_2,1.736,-2.955
1789278392,215503324,470.286,robot_0,-1.392,0.968
1789278392,215547529,470.286,robot_1_carried_generic_box,-2.239,2.830
1789278392,215589662,470.286,robot_2_carried_generic_box,1.735,-2.956
1789278392,420299597,470.491,robot_1,-2.234,2.833
1789278392,420368465,470.491,robot_2,1.736,-2.955
1789278392,420405096,470.491,robot_0,-1.389,0.970
1789278392,420442546,470.491,robot_1_carried_generic_box,-2.235,2.833
1789278392,420475514,470.491,robot_2_carried_generic_box,1.735,-2.956
1789278392,698716915,470.777,robot_1,-2.234,2.833
1789278392,707023206,470.778,robot_2,1.743,-2.951
1789278392,707101018,470.778,robot_0,-1.389,0.970
1789278392,707149122,470.778,robot_1_carried_generic_box,-2.234,2.833
1789278392,707192091,470.781,robot_2_carried_generic_box,1.736,-2.955
1789278392,926604197,470.997,robot_1,-2.234,2.833
1789278392,926710862,470.997,robot_2,1.746,-2.949
1789278392,926763802,470.998,robot_0,-1.389,0.970
1789278392,930029122,471.001,robot_1_carried_generic_box,-2.234,2.833
1789278392,930118657,471.001,robot_2_carried_generic_box,1.737,-2.955
1789278393,223206243,471.294,robot_1,-2.234,2.833
1789278393,223291599,471.294,robot_2,1.747,-2.948
1789278393,223337313,471.294,robot_0,-1.389,0.970
1789278393,223379791,471.294,robot_1_carried_generic_box,-2.234,2.833
1789278393,223423325,471.294,robot_2_carried_generic_box,1.745,-2.950
1789278393,438597168,471.509,robot_1,-2.234,2.833
1789278393,438672960,471.509,robot_2,1.749,-2.947
1789278393,438708512,471.509,robot_0,-1.389,0.969
1789278393,438743079,471.509,robot_1_carried_generic_box,-2.234,2.833
1789278393,438773452,471.510,robot_2_carried_generic_box,1.745,-2.950
1789278393,661895468,471.733,robot_1,-2.234,2.833
1789278393,661970443,471.733,robot_2,1.757,-2.941
1789278393,662006566,471.733,robot_0,-1.388,0.970
1789278393,662042730,471.733,robot_1_carried_generic_box,-2.234,2.833
1789278393,667309941,471.738,robot_2_carried_generic_box,1.746,-2.949
1789278393,903497679,471.974,robot_1,-2.234,2.833
1789278393,903563619,471.974,robot_2,1.768,-2.930
1789278393,903598452,471.974,robot_0,-1.383,0.974
1789278393,903632098,471.974,robot_1_carried_generic_box,-2.234,2.833
1789278393,903661972,471.974,robot_2_carried_generic_box,1.751,-2.946
1789278394,153391148,472.224,robot_1,-2.235,2.834
1789278394,153471937,472.224,robot_2,1.779,-2.920
1789278394,153510615,472.224,robot_0,-1.376,0.980
1789278394,153551173,472.224,robot_1_carried_generic_box,-2.234,2.833
1789278394,153584196,472.224,robot_2_carried_generic_box,1.755,-2.942
1789278394,466991374,472.538,robot_1,-2.235,2.834
1789278394,473446515,472.544,robot_2,1.795,-2.905
1789278394,473537235,472.544,robot_0,-1.369,0.987
1789278394,473580354,472.544,robot_1_carried_generic_box,-2.235,2.834
1789278394,473612058,472.544,robot_2_carried_generic_box,1.775,-2.924
1789278394,667300963,472.738,robot_1,-2.235,2.834
1789278394,667378405,472.738,robot_2,1.804,-2.896
1789278394,667426818,472.738,robot_0,-1.365,0.990
1789278394,667472478,472.738,robot_1_carried_generic_box,-2.235,2.834
1789278394,667513619,472.738,robot_2_carried_generic_box,1.782,-2.918
1789278394,883505409,472.954,robot_1,-2.235,2.834
1789278394,883594408,472.954,robot_2,1.812,-2.888
1789278394,883633314,472.954,robot_0,-1.362,0.993
1789278394,883669911,472.954,robot_1_carried_generic_box,-2.235,2.834
1789278394,883702227,472.954,robot_2_carried_generic_box,1.792,-2.907
1789278395,133401228,473.204,robot_1,-2.235,2.834
1789278395,133515626,473.204,robot_2,1.822,-2.878
1789278395,133566215,473.204,robot_0,-1.354,1.002
1789278395,133608360,473.204,robot_1_carried_generic_box,-2.235,2.834
1789278395,133642414,473.204,robot_2_carried_generic_box,1.808,-2.892
1789278395,362988833,473.434,robot_1,-2.235,2.834
1789278395,363077126,473.434,robot_2,1.835,-2.865
1789278395,363118999,473.434,robot_0,-1.344,1.015
1789278395,363160626,473.434,robot_1_carried_generic_box,-2.235,2.834
1789278395,363192835,473.434,robot_2_carried_generic_box,1.808,-2.892
1789278395,617448958,473.688,robot_1,-2.235,2.834
1789278395,617518429,473.688,robot_2,1.845,-2.854
1789278395,617558347,473.688,robot_0,-1.336,1.025
1789278395,617597499,473.688,robot_1_carried_generic_box,-2.235,2.834
1789278395,617626054,473.688,robot_2_carried_generic_box,1.826,-2.873
1789278395,880230290,473.951,robot_1,-2.235,2.834
1789278395,880322264,473.951,robot_2,1.855,-2.844
1789278395,880361834,473.951,robot_0,-1.328,1.038
1789278395,880399367,473.951,robot_1_carried_generic_box,-2.235,2.834
1789278395,880431239,473.951,robot_2_carried_generic_box,1.839,-2.861
1789278396,91946047,474.163,robot_1,-2.235,2.834
1789278396,92036217,474.163,robot_2,1.860,-2.839
1789278396,92075799,474.163,robot_0,-1.322,1.046
1789278396,92473217,474.163,robot_1_carried_generic_box,-2.235,2.834
1789278396,92558262,474.163,robot_2_carried_generic_box,1.845,-2.854
1789278396,284319323,474.368,robot_1,-2.236,2.834
1789278396,297697507,474.368,robot_2,1.865,-2.834
1789278396,297747125,474.368,robot_0,-1.317,1.053
1789278396,297790866,474.369,robot_1_carried_generic_box,-2.235,2.834
1789278396,297823893,474.369,robot_2_carried_generic_box,1.855,-2.844
1789278396,525709917,474.596,robot_1,-2.236,2.834
1789278396,525783718,474.597,robot_2,1.876,-2.823
1789278396,525827453,474.597,robot_0,-1.316,1.055
1789278396,525867569,474.597,robot_1_carried_generic_box,-2.235,2.834
1789278396,525899302,474.597,robot_2_carried_generic_box,1.860,-2.839
1789278396,740128362,474.811,robot_1,-2.236,2.834
1789278396,740201311,474.811,robot_2,1.884,-2.814
1789278396,740244349,474.811,robot_0,-1.316,1.055
1789278396,740288683,474.811,robot_1_carried_generic_box,-2.236,2.834
1789278396,740324122,474.811,robot_2_carried_generic_box,1.865,-2.834
1789278396,953750477,475.025,robot_1,-2.236,2.834
1789278396,960008926,475.031,robot_2,1.896,-2.801
1789278396,960097533,475.031,robot_0,-1.313,1.060
1789278396,960153453,475.031,robot_1_carried_generic_box,-2.236,2.834
1789278396,960199944,475.031,robot_2_carried_generic_box,1.872,-2.827
1789278397,197845705,475.269,robot_1,-2.236,2.834
1789278397,197927782,475.269,robot_2,1.907,-2.790
1789278397,197968424,475.269,robot_0,-1.308,1.071
1789278397,198010553,475.269,robot_1_carried_generic_box,-2.236,2.834
1789278397,198046532,475.269,robot_2_carried_generic_box,1.884,-2.814
1789278397,447637516,475.518,robot_1,-2.236,2.834
1789278397,447707444,475.518,robot_2,1.916,-2.780
1789278397,447743081,475.518,robot_0,-1.300,1.087
1789278397,447780843,475.519,robot_1_carried_generic_box,-2.236,2.834
1789278397,447815096,475.519,robot_2_carried_generic_box,1.903,-2.794
1789278397,668305419,475.739,robot_1,-2.236,2.834
1789278397,668375391,475.739,robot_2,1.921,-2.775
1789278397,696166295,475.767,robot_0,-1.297,1.095
1789278397,696280965,475.767,robot_1_carried_generic_box,-2.236,2.834
1789278397,696333639,475.767,robot_2_carried_generic_box,1.903,-2.794
1789278397,879664778,475.950,robot_1,-2.236,2.834
1789278397,879739274,475.950,robot_2,1.931,-2.764
1789278397,879780171,475.951,robot_0,-1.292,1.106
1789278397,879821532,475.951,robot_1_carried_generic_box,-2.236,2.834
1789278397,879855906,475.951,robot_2_carried_generic_box,1.913,-2.783
1789278398,130633860,476.201,robot_1,-2.236,2.834
1789278398,130721110,476.201,robot_2,1.940,-2.754
1789278398,130771145,476.202,robot_0,-1.290,1.111
1789278398,139415906,476.210,robot_1_carried_generic_box,-2.236,2.834
1789278398,139518046,476.210,robot_2_carried_generic_box,1.925,-2.770
1789278398,341898786,476.436,robot_1,-2.236,2.834
1789278398,365136467,476.436,robot_2,1.945,-2.749
1789278398,365210565,476.436,robot_0,-1.290,1.111
1789278398,365261018,476.436,robot_1_carried_generic_box,-2.236,2.834
1789278398,365294314,476.441,robot_2_carried_generic_box,1.925,-2.770
1789278398,568718313,476.639,robot_1,-2.237,2.834
1789278398,568784611,476.640,robot_2,1.947,-2.747
1789278398,568824507,476.640,robot_0,-1.290,1.111
1789278398,568862372,476.640,robot_1_carried_generic_box,-2.236,2.834
1789278398,568897200,476.640,robot_2_carried_generic_box,1.937,-2.757
1789278398,795832050,476.867,robot_1,-2.237,2.834
1789278398,795898729,476.867,robot_2,1.948,-2.745
1789278398,828195443,476.899,robot_0,-1.290,1.111
1789278398,828302737,476.899,robot_1_carried_generic_box,-2.236,2.834
1789278398,828353324,476.899,robot_2_carried_generic_box,1.944,-2.750
1789278399,27992109,477.099,robot_1,-2.236,2.831
1789278399,28076504,477.099,robot_2,1.952,-2.741
1789278399,28119865,477.099,robot_0,-1.289,1.114
1789278399,28165241,477.099,robot_1_carried_generic_box,-2.237,2.834
1789278399,28203134,477.099,robot_2_carried_generic_box,1.947,-2.747
1789278399,234918891,477.306,robot_1,-2.232,2.819
1789278399,234992483,477.306,robot_2,1.955,-2.738
1789278399,235028497,477.306,robot_0,-1.287,1.121
1789278399,235068766,477.306,robot_1_carried_generic_box,-2.237,2.833
1789278399,235101033,477.306,robot_2_carried_generic_box,1.948,-2.746
1789278399,470129057,477.541,robot_1,-2.226,2.799
1789278399,470206429,477.541,robot_2,1.955,-2.738
1789278399,470251711,477.541,robot_0,-1.285,1.131
1789278399,470290224,477.541,robot_1_carried_generic_box,-2.234,2.824
1789278399,470322581,477.541,robot_2_carried_generic_box,1.954,-2.738
1789278399,672035751,477.743,robot_1,-2.222,2.789
1789278399,672120178,477.743,robot_2,1.955,-2.738
1789278399,672162022,477.743,robot_0,-1.283,1.141
1789278399,672206094,477.743,robot_1_carried_generic_box,-2.230,2.811
1789278399,672240808,477.743,robot_2_carried_generic_box,1.955,-2.738
1789278399,893963656,477.965,robot_1,-2.220,2.782
1789278399,904053149,477.975,robot_2,1.955,-2.738
1789278399,904369887,477.975,robot_0,-1.282,1.152
1789278399,904430392,477.975,robot_1_carried_generic_box,-2.230,2.811
1789278399,904471080,477.975,robot_2_carried_generic_box,1.955,-2.738
1789278400,119221050,478.190,robot_1,-2.217,2.774
1789278400,119303503,478.190,robot_2,1.955,-2.738
1789278400,119340827,478.190,robot_0,-1.280,1.164
1789278400,119383737,478.190,robot_1_carried_generic_box,-2.225,2.796
1789278400,119418437,478.190,robot_2_carried_generic_box,1.955,-2.738
1789278400,324079278,478.395,robot_1,-2.213,2.763
1789278400,324156270,478.395,robot_2,1.955,-2.738
1789278400,324197416,478.395,robot_0,-1.279,1.178
1789278400,329992210,478.401,robot_1_carried_generic_box,-2.219,2.780
1789278400,330089961,478.401,robot_2_carried_generic_box,1.955,-2.738
1789278400,588983631,478.660,robot_1,-2.208,2.749
1789278400,589055046,478.660,robot_2,1.955,-2.738
1789278400,589095286,478.660,robot_0,-1.277,1.193
1789278400,589135277,478.660,robot_1_carried_generic_box,-2.217,2.774
1789278400,589171845,478.660,robot_2_carried_generic_box,1.955,-2.738
1789278400,809113723,478.880,robot_1,-2.204,2.741
1789278400,809189009,478.880,robot_2,1.955,-2.738
1789278400,809229988,478.898,robot_0,-1.277,1.201
1789278400,827382919,478.898,robot_1_carried_generic_box,-2.214,2.766
1789278400,827444183,478.898,robot_2_carried_generic_box,1.955,-2.738
1789278401,14054934,479.085,robot_1,-2.200,2.730
1789278401,14130096,479.085,robot_2,1.955,-2.738
1789278401,14171474,479.085,robot_0,-1.276,1.212
1789278401,14216202,479.085,robot_1_carried_generic_box,-2.210,2.755
1789278401,14250107,479.085,robot_2_carried_generic_box,1.955,-2.738
1789278401,250606434,479.321,robot_1,-2.196,2.718
1789278401,250683816,479.321,robot_2,1.955,-2.738
1789278401,250727100,479.325,robot_0,-1.275,1.228
1789278401,258345900,479.329,robot_1_carried_generic_box,-2.208,2.749
1789278401,258493623,479.329,robot_2_carried_generic_box,1.955,-2.738
1789278401,458648855,479.529,robot_1,-2.190,2.705
1789278401,458714540,479.529,robot_2,1.955,-2.738
1789278401,458750927,479.529,robot_0,-1.274,1.240
1789278401,458788680,479.530,robot_1_carried_generic_box,-2.198,2.725
1789278401,458819847,479.530,robot_2_carried_generic_box,1.955,-2.738
1789278401,729522233,479.800,robot_1,-2.185,2.691
1789278401,729603186,479.806,robot_2,1.955,-2.738
1789278401,736004122,479.807,robot_0,-1.274,1.245
1789278401,740144240,479.811,robot_1_carried_generic_box,-2.194,2.713
1789278401,740236326,479.811,robot_2_carried_generic_box,1.955,-2.738
1789278401,936874364,480.008,robot_1,-2.181,2.682
1789278401,936957395,480.008,robot_2,1.956,-2.738
1789278401,937002140,480.008,robot_0,-1.274,1.245
1789278401,937049049,480.008,robot_1_carried_generic_box,-2.192,2.710
1789278401,937085644,480.008,robot_2_carried_generic_box,1.955,-2.738
1789278402,206867717,480.278,robot_1,-2.177,2.671
1789278402,206957049,480.278,robot_2,1.956,-2.738
1789278402,207000494,480.278,robot_0,-1.274,1.245
1789278402,207048475,480.278,robot_1_carried_generic_box,-2.183,2.686
1789278402,207087273,480.278,robot_2_carried_generic_box,1.955,-2.738
1789278402,442276438,480.513,robot_1,-2.172,2.660
1789278402,442363784,480.513,robot_2,1.956,-2.738
1789278402,442411650,480.513,robot_0,-1.274,1.245
1789278402,442453132,480.513,robot_1_carried_generic_box,-2.180,2.678
1789278402,442485236,480.513,robot_2_carried_generic_box,1.956,-2.738
1789278402,651461419,480.722,robot_1,-2.168,2.650
1789278402,651528960,480.722,robot_2,1.956,-2.738
1789278402,651565259,480.722,robot_0,-1.274,1.247
1789278402,651604682,480.722,robot_1_carried_generic_box,-2.177,2.671
1789278402,651631240,480.722,robot_2_carried_generic_box,1.956,-2.738
1789278402,986673436,481.057,robot_1,-2.163,2.639
1789278402,986756548,481.058,robot_2,1.956,-2.738
1789278402,986806589,481.058,robot_0,-1.275,1.252
1789278402,986851957,481.058,robot_1_carried_generic_box,-2.171,2.658
1789278402,986886325,481.058,robot_2_carried_generic_box,1.956,-2.738
1789278403,244833433,481.316,robot_1,-2.158,2.627
1789278403,244909682,481.330,robot_2,1.956,-2.735
1789278403,259206073,481.330,robot_0,-1.275,1.254
1789278403,259283662,481.330,robot_1_carried_generic_box,-2.168,2.650
1789278403,259326343,481.330,robot_2_carried_generic_box,1.956,-2.738
1789278403,473829695,481.545,robot_1,-2.153,2.617
1789278403,473893523,481.545,robot_2,1.956,-2.725
1789278403,473935676,481.545,robot_0,-1.275,1.254
1789278403,473975543,481.545,robot_1_carried_generic_box,-2.163,2.639
1789278403,474006925,481.545,robot_2_carried_generic_box,1.956,-2.738
1789278403,696166089,481.767,robot_1,-2.149,2.607
1789278403,696239062,481.767,robot_2,1.957,-2.714
1789278403,696276717,481.767,robot_0,-1.275,1.254
1789278403,696316067,481.767,robot_1_carried_generic_box,-2.160,2.632
1789278403,696343432,481.767,robot_2_carried_generic_box,1.956,-2.734
1789278403,956794075,482.028,robot_1,-2.142,2.595
1789278403,956888516,482.028,robot_2,1.957,-2.700
1789278403,956938257,482.028,robot_0,-1.276,1.258
1789278403,956979991,482.028,robot_1_carried_generic_box,-2.152,2.615
1789278403,957007476,482.028,robot_2_carried_generic_box,1.956,-2.725
1789278404,157123067,482.228,robot_1,-2.139,2.587
1789278404,157194541,482.228,robot_2,1.957,-2.693
1789278404,157229144,482.228,robot_0,-1.278,1.266
1789278404,157270124,482.228,robot_1_carried_generic_box,-2.149,2.607
1789278404,157297984,482.228,robot_2_carried_generic_box,1.957,-2.717
1789278404,397430441,482.468,robot_1,-2.130,2.569
1789278404,397498357,482.468,robot_2,1.956,-2.678
1789278404,397540241,482.468,robot_0,-1.284,1.285
1789278404,416061015,482.487,robot_1_carried_generic_box,-2.139,2.587
1789278404,416168447,482.487,robot_2_carried_generic_box,1.957,-2.695
1789278404,610385934,482.681,robot_1,-2.124,2.558
1789278404,610467731,482.681,robot_2,1.955,-2.666
1789278404,610510832,482.681,robot_0,-1.288,1.296
1789278404,610557246,482.681,robot_1_carried_generic_box,-2.139,2.587
1789278404,610588958,482.681,robot_2_carried_generic_box,1.957,-2.690
1789278404,853311254,482.924,robot_1,-2.116,2.541
1789278404,853377081,482.924,robot_2,1.954,-2.646
1789278404,853417162,482.924,robot_0,-1.295,1.316
1789278404,853459828,482.924,robot_1_carried_generic_box,-2.128,2.566
1789278404,853487745,482.924,robot_2_carried_generic_box,1.956,-2.681
1789278405,83389705,483.154,robot_1,-2.111,2.532
1789278405,90158869,483.161,robot_2,1.953,-2.637
1789278405,90270784,483.161,robot_0,-1.300,1.330
1789278405,90321304,483.161,robot_1_carried_generic_box,-2.122,2.553
1789278405,90355001,483.161,robot_2_carried_generic_box,1.954,-2.654
1789278405,344037996,483.415,robot_1,-2.106,2.522
1789278405,347403252,483.418,robot_2,1.952,-2.632
1789278405,347490410,483.418,robot_0,-1.305,1.341
1789278405,347547335,483.418,robot_1_carried_generic_box,-2.117,2.543
1789278405,347585834,483.418,robot_2_carried_generic_box,1.953,-2.642
1789278405,605233722,483.676,robot_1,-2.100,2.510
1789278405,605345815,483.676,robot_2,1.951,-2.621
1789278405,605389858,483.676,robot_0,-1.311,1.357
1789278405,605440836,483.676,robot_1_carried_generic_box,-2.109,2.527
1789278405,605478667,483.676,robot_2_carried_generic_box,1.953,-2.636
1789278405,846915006,483.947,robot_1,-2.096,2.502
1789278405,876219279,483.947,robot_2,1.950,-2.616
1789278405,876265926,483.947,robot_0,-1.314,1.364
1789278405,876304092,483.947,robot_1_carried_generic_box,-2.102,2.515
1789278405,876335510,483.948,robot_2_carried_generic_box,1.952,-2.630
1789278406,134614197,484.205,robot_1,-2.089,2.490
1789278406,134683371,484.205,robot_2,1.948,-2.601
1789278406,134726251,484.205,robot_0,-1.316,1.369
1789278406,134771884,484.206,robot_1_carried_generic_box,-2.098,2.506
1789278406,134810142,484.206,robot_2_carried_generic_box,1.951,-2.619
1789278406,344479148,484.415,robot_1,-2.083,2.479
1789278406,346619991,484.417,robot_2,1.947,-2.589
1789278406,346700033,484.417,robot_0,-1.319,1.375
1789278406,346744209,484.417,robot_1_carried_generic_box,-2.096,2.502
1789278406,351769861,484.423,robot_2_carried_generic_box,1.950,-2.612
1789278406,545992514,484.617,robot_1,-2.076,2.466
1789278406,546060925,484.617,robot_2,1.944,-2.574
1789278406,546095146,484.617,robot_0,-1.324,1.387
1789278406,546132090,484.617,robot_1_carried_generic_box,-2.092,2.495
1789278406,551442271,484.622,robot_2_carried_generic_box,1.948,-2.598
1789278406,746842697,484.818,robot_1,-2.071,2.457
1789278406,746915550,484.844,robot_2,1.943,-2.564
1789278406,773521820,484.844,robot_0,-1.329,1.397
1789278406,773580753,484.844,robot_1_carried_generic_box,-2.082,2.477
1789278406,773621622,484.844,robot_2_carried_generic_box,1.946,-2.583
1789278406,957635160,485.028,robot_1,-2.067,2.450
1789278406,957701982,485.028,robot_2,1.941,-2.554
1789278406,957736447,485.028,robot_0,-1.332,1.404
1789278406,957773154,485.029,robot_1_carried_generic_box,-2.076,2.466
1789278406,957801602,485.029,robot_2_carried_generic_box,1.946,-2.583
1789278407,169053829,485.240,robot_1,-2.062,2.441
1789278407,169153882,485.240,robot_2,1.939,-2.539
1789278407,169193697,485.240,robot_0,-1.334,1.410
1789278407,169233359,485.240,robot_1_carried_generic_box,-2.070,2.455
1789278407,169261885,485.240,robot_2_carried_generic_box,1.943,-2.564
1789278407,377776226,485.449,robot_1,-2.058,2.434
1789278407,377847513,485.449,robot_2,1.937,-2.527
1789278407,377883293,485.449,robot_0,-1.338,1.418
1789278407,390985010,485.462,robot_1_carried_generic_box,-2.067,2.450
1789278407,391124450,485.462,robot_2_carried_generic_box,1.941,-2.554
1789278407,612820872,485.684,robot_1,-2.050,2.420
1789278407,612895451,485.684,robot_2,1.934,-2.510
1789278407,666273773,485.737,robot_0,-1.342,1.426
1789278407,666362767,485.737,robot_1_carried_generic_box,-2.062,2.441
1789278407,666399550,485.737,robot_2_carried_generic_box,1.938,-2.533
1789278407,848088689,485.919,robot_1,-2.044,2.410
1789278407,848158678,485.919,robot_2,1.932,-2.498
1789278407,848196502,485.919,robot_0,-1.343,1.429
1789278407,848234626,485.919,robot_1_carried_generic_box,-2.058,2.434
1789278407,848265345,485.919,robot_2_carried_generic_box,1.936,-2.524
1789278408,55407130,486.126,robot_1,-2.038,2.399
1789278408,55489974,486.126,robot_2,1.931,-2.490
1789278408,55531411,486.126,robot_0,-1.346,1.436
1789278408,55567609,486.126,robot_1_carried_generic_box,-2.054,2.428
1789278408,55595270,486.126,robot_2_carried_generic_box,1.934,-2.513
1789278408,293991487,486.365,robot_1,-2.032,2.389
1789278408,294077054,486.365,robot_2,1.929,-2.480
1789278408,294115473,486.365,robot_0,-1.348,1.440
1789278408,294152080,486.365,robot_1_carried_generic_box,-2.044,2.410
1789278408,294181121,486.365,robot_2_carried_generic_box,1.932,-2.496
1789278408,477390439,486.548,robot_1,-2.026,2.379
1789278408,477453711,486.548,robot_2,1.927,-2.468
1789278408,477488929,486.548,robot_0,-1.349,1.441
1789278408,477528671,486.548,robot_1_carried_generic_box,-2.044,2.410
1789278408,477564198,486.548,robot_2_carried_generic_box,1.932,-2.496
1789278408,684227125,486.755,robot_1,-2.018,2.366
1789278408,684298712,486.755,robot_2,1.925,-2.454
1789278408,684336165,486.755,robot_0,-1.349,1.441
1789278408,684375862,486.755,robot_1_carried_generic_box,-2.033,2.392
1789278408,684409947,486.755,robot_2_carried_generic_box,1.929,-2.477
1789278408,885271738,486.956,robot_1,-2.012,2.356
1789278408,885352638,486.956,robot_2,1.923,-2.445
1789278408,885396288,486.956,robot_0,-1.350,1.442
1789278408,885443328,486.956,robot_1_carried_generic_box,-2.027,2.381
1789278408,885482004,486.956,robot_2_carried_generic_box,1.927,-2.465
1789278409,116627622,487.187,robot_1,-2.007,2.346
1789278409,130782402,487.202,robot_2,1.922,-2.440
1789278409,130872083,487.202,robot_0,-1.353,1.448
1789278409,130933504,487.202,robot_1_carried_generic_box,-2.021,2.371
1789278409,130976943,487.202,robot_2_carried_generic_box,1.924,-2.451
1789278409,318324518,487.389,robot_1,-2.002,2.338
1789278409,318393258,487.389,robot_2,1.922,-2.437
1789278409,318425248,487.389,robot_0,-1.353,1.448
1789278409,318460334,487.389,robot_1_carried_generic_box,-2.014,2.358
1789278409,318492249,487.389,robot_2_carried_generic_box,1.924,-2.451
1789278409,545317201,487.616,robot_1,-1.995,2.327
1789278409,545390347,487.616,robot_2,1.919,-2.424
1789278409,545422518,487.616,robot_0,-1.355,1.451
1789278409,545456191,487.616,robot_1_carried_generic_box,-2.004,2.341
1789278409,545493343,487.616,robot_2_carried_generic_box,1.922,-2.440
1789278409,766654358,487.837,robot_1,-1.991,2.320
1789278409,766722249,487.837,robot_2,1.917,-2.413
1789278409,766754945,487.837,robot_0,-1.359,1.457
1789278409,770616818,487.841,robot_1_carried_generic_box,-2.004,2.341
1789278409,770738238,487.841,robot_2_carried_generic_box,1.921,-2.434
1789278410,3439425,488.074,robot_1,-1.986,2.312
1789278410,3527192,488.074,robot_2,1.914,-2.398
1789278410,3572463,488.074,robot_0,-1.367,1.469
1789278410,3617229,488.074,robot_1_carried_generic_box,-1.995,2.327
1789278410,3661339,488.074,robot_2_carried_generic_box,1.920,-2.429
1789278410,217632791,488.288,robot_1,-1.982,2.305
1789278410,217714285,488.288,robot_2,1.912,-2.387
1789278410,217746971,488.288,robot_0,-1.373,1.478
1789278410,217779208,488.289,robot_1_carried_generic_box,-1.995,2.327
1789278410,217810257,488.289,robot_2_carried_generic_box,1.918,-2.418
1789278410,466879654,488.549,robot_1,-1.977,2.297
1789278410,478016096,488.549,robot_2,1.910,-2.380
1789278410,478074503,488.549,robot_0,-1.379,1.485
1789278410,478112992,488.553,robot_1_carried_generic_box,-1.985,2.310
1789278410,481889201,488.553,robot_2_carried_generic_box,1.916,-2.407
1789278410,690166591,488.761,robot_1,-1.973,2.290
1789278410,690251246,488.761,robot_2,1.910,-2.377
1789278410,690287440,488.761,robot_0,-1.384,1.493
1789278410,690322261,488.761,robot_1_carried_generic_box,-1.983,2.307
1789278410,690357449,488.761,robot_2_carried_generic_box,1.913,-2.392
1789278410,896673492,488.967,robot_1,-1.966,2.280
1789278410,896753888,488.968,robot_2,1.907,-2.366
1789278410,896793722,488.968,robot_0,-1.390,1.499
1789278410,896834474,488.968,robot_1_carried_generic_box,-1.980,2.302
1789278410,896876968,488.968,robot_2_carried_generic_box,1.910,-2.379
1789278411,132090872,489.203,robot_1,-1.961,2.271
1789278411,132160810,489.203,robot_2,1.905,-2.358
1789278411,132198881,489.203,robot_0,-1.390,1.500
1789278411,132234235,489.203,robot_1_carried_generic_box,-1.974,2.291
1789278411,132266471,489.203,robot_2_carried_generic_box,1.910,-2.377
1789278411,366715895,489.437,robot_1,-1.955,2.261
1789278411,366791232,489.438,robot_2,1.903,-2.348
1789278411,366835568,489.438,robot_0,-1.392,1.502
1789278411,366874991,489.438,robot_1_carried_generic_box,-1.965,2.278
1789278411,366913800,489.438,robot_2_carried_generic_box,1.906,-2.360
1789278411,650491853,489.721,robot_1,-1.945,2.246
1789278411,650572314,489.721,robot_2,1.900,-2.336
1789278411,650611127,489.721,robot_0,-1.399,1.510
1789278411,650646006,489.721,robot_1_carried_generic_box,-1.956,2.264
1789278411,650678613,489.721,robot_2_carried_generic_box,1.904,-2.353
1789278411,906879244,489.978,robot_1,-1.938,2.233
1789278411,906959764,489.978,robot_2,1.896,-2.322
1789278411,906999271,489.978,robot_0,-1.408,1.520
1789278411,907035549,489.978,robot_1_carried_generic_box,-1.950,2.254
1789278411,920614923,489.991,robot_2_carried_generic_box,1.902,-2.346
1789278412,110276559,490.181,robot_1,-1.930,2.220
1789278412,110357635,490.181,robot_2,1.894,-2.313
1789278412,110400022,490.181,robot_0,-1.413,1.526
1789278412,110436723,490.181,robot_1_carried_generic_box,-1.942,2.241
1789278412,110474296,490.181,robot_2_carried_generic_box,1.898,-2.327
1789278412,339578487,490.410,robot_1,-1.922,2.208
1789278412,339872991,490.411,robot_2,1.892,-2.304
1789278412,339936585,490.411,robot_0,-1.415,1.527
1789278412,339976002,490.411,robot_1_carried_generic_box,-1.938,2.233
1789278412,340014336,490.411,robot_2_carried_generic_box,1.896,-2.320
1789278412,555320576,490.626,robot_1,-1.916,2.197
1789278412,555394571,490.626,robot_2,1.889,-2.292
1789278412,555431728,490.626,robot_0,-1.415,1.527
1789278412,555467640,490.626,robot_1_carried_generic_box,-1.933,2.226
1789278412,555499735,490.626,robot_2_carried_generic_box,1.894,-2.312
1789278412,760523937,490.831,robot_1,-1.912,2.191
1789278412,760600712,490.831,robot_2,1.886,-2.284
1789278412,760648677,490.831,robot_0,-1.417,1.529
1789278412,760690408,490.831,robot_1_carried_generic_box,-1.927,2.215
1789278412,760730651,490.831,robot_2_carried_generic_box,1.892,-2.304
1789278412,960913898,491.049,robot_1,-1.907,2.183
1789278412,978262233,491.049,robot_2,1.884,-2.274
1789278412,978307997,491.049,robot_0,-1.424,1.536
1789278412,989768739,491.061,robot_1_carried_generic_box,-1.920,2.205
1789278412,989858124,491.061,robot_2_carried_generic_box,1.889,-2.292
1789278413,177383310,491.248,robot_1,-1.905,2.180
1789278413,177453152,491.248,robot_2,1.883,-2.271
1789278413,177492754,491.248,robot_0,-1.430,1.541
1789278413,177532267,491.248,robot_1_carried_generic_box,-1.912,2.191
1789278413,177573278,491.248,robot_2_carried_generic_box,1.889,-2.292
1789278413,425646988,491.496,robot_1,-1.905,2.181
1789278413,425723466,491.496,robot_2,1.882,-2.270
1789278413,425772735,491.497,robot_0,-1.440,1.549
1789278413,425812531,491.497,robot_1_carried_generic_box,-1.906,2.182
1789278413,425844526,491.497,robot_2_carried_generic_box,1.883,-2.273
1789278413,648179157,491.724,robot_1,-1.909,2.188
1789278413,653327049,491.724,robot_2,1.882,-2.268
1789278413,653406038,491.724,robot_0,-1.449,1.555
1789278413,653451157,491.724,robot_1_carried_generic_box,-1.906,2.182
1789278413,653494887,491.724,robot_2_carried_generic_box,1.882,-2.270
1789278413,897030102,491.968,robot_1,-1.914,2.195
1789278413,897123899,491.968,robot_2,1.878,-2.258
1789278413,897170833,491.968,robot_0,-1.452,1.558
1789278413,897211772,491.968,robot_1_carried_generic_box,-1.906,2.182
1789278413,897252693,491.968,robot_2_carried_generic_box,1.882,-2.270
1789278414,118080637,492.189,robot_1,-1.914,2.195
1789278414,118176280,492.189,robot_2,1.874,-2.245
1789278414,118223903,492.189,robot_0,-1.452,1.558
1789278414,118266947,492.189,robot_1_carried_generic_box,-1.906,2.182
1789278414,118308990,492.189,robot_2_carried_generic_box,1.882,-2.268
1789278414,339251666,492.410,robot_1,-1.914,2.195
1789278414,339324889,492.410,robot_2,1.870,-2.234
1789278414,339374581,492.410,robot_0,-1.452,1.558
1789278414,339413744,492.410,robot_1_carried_generic_box,-1.914,2.195
1789278414,339454857,492.410,robot_2_carried_generic_box,1.876,-2.250
1789278414,563128072,492.634,robot_1,-1.914,2.195
1789278414,563196016,492.634,robot_2,1.867,-2.225
1789278414,563229248,492.634,robot_0,-1.452,1.558
1789278414,563260129,492.634,robot_1_carried_generic_box,-1.914,2.195
1789278414,563286568,492.634,robot_2_carried_generic_box,1.872,-2.241
1789278414,810141657,492.881,robot_1,-1.914,2.195
1789278414,810215558,492.881,robot_2,1.863,-2.216
1789278414,810261993,492.881,robot_0,-1.452,1.558
1789278414,810302140,492.881,robot_1_carried_generic_box,-1.914,2.195
1789278414,810340026,492.881,robot_2_carried_generic_box,1.869,-2.232
1789278415,43536386,493.114,robot_1,-1.914,2.195
1789278415,43612667,493.114,robot_2,1.863,-2.214
1789278415,43649967,493.114,robot_0,-1.452,1.558
1789278415,43685072,493.114,robot_1_carried_generic_box,-1.914,2.195
1789278415,43713765,493.114,robot_2_carried_generic_box,1.869,-2.232
1789278415,274101189,493.345,robot_1,-1.914,2.195
1789278415,274169799,493.345,robot_2,1.863,-2.213
1789278415,274210671,493.345,robot_0,-1.452,1.559
1789278415,274246216,493.345,robot_1_carried_generic_box,-1.914,2.195
1789278415,274276041,493.345,robot_2_carried_generic_box,1.866,-2.222
1789278415,481545057,493.552,robot_1,-1.914,2.195
1789278415,481626140,493.552,robot_2,1.863,-2.213
1789278415,481663181,493.552,robot_0,-1.452,1.559
1789278415,481698210,493.552,robot_1_carried_generic_box,-1.914,2.195
1789278415,481732266,493.552,robot_2_carried_generic_box,1.863,-2.214
1789278415,691498259,493.762,robot_1,-1.914,2.195
1789278415,691566156,493.762,robot_2,1.861,-2.210
1789278415,691604655,493.762,robot_0,-1.452,1.559
1789278415,706558511,493.777,robot_1_carried_generic_box,-1.914,2.195
1789278415,712990036,493.784,robot_2_carried_generic_box,1.862,-2.213
1789278415,892569552,493.963,robot_1,-1.914,2.195
1789278415,911668549,493.982,robot_2,1.858,-2.204
1789278415,911763971,493.983,robot_0,-1.452,1.559
1789278415,911811825,493.983,robot_1_carried_generic_box,-1.914,2.195
1789278415,911857581,493.983,robot_2_carried_generic_box,1.863,-2.213
1789278416,124427836,494.195,robot_1,-1.914,2.195
1789278416,124501051,494.195,robot_2,1.852,-2.192
1789278416,124546646,494.195,robot_0,-1.452,1.559
1789278416,124581709,494.195,robot_1_carried_generic_box,-1.914,2.195
1789278416,124614619,494.195,robot_2_carried_generic_box,1.861,-2.209
1789278416,349681628,494.420,robot_1,-1.914,2.195
1789278416,349768093,494.421,robot_2,1.845,-2.178
1789278416,349817598,494.421,robot_0,-1.452,1.559
1789278416,349860105,494.421,robot_1_carried_generic_box,-1.914,2.195
1789278416,349900216,494.421,robot_2_carried_generic_box,1.857,-2.202
1789278416,563724450,494.634,robot_1,-1.915,2.195
1789278416,563790323,494.635,robot_2,1.836,-2.162
1789278416,563829846,494.635,robot_0,-1.452,1.559
1789278416,563867399,494.635,robot_1_carried_generic_box,-1.914,2.195
1789278416,563895731,494.635,robot_2_carried_generic_box,1.846,-2.181
1789278416,769805281,494.841,robot_1,-1.915,2.195
1789278416,769885929,494.841,robot_2,1.832,-2.154
1789278416,769940821,494.841,robot_0,-1.452,1.559
1789278416,769981973,494.841,robot_1_carried_generic_box,-1.914,2.195
1789278416,770022879,494.841,robot_2_carried_generic_box,1.846,-2.181
1789278416,971295763,495.042,robot_1,-1.915,2.195
1789278416,971365520,495.042,robot_2,1.825,-2.141
1789278416,971401952,495.042,robot_0,-1.452,1.559
1789278416,971435348,495.042,robot_1_carried_generic_box,-1.915,2.195
1789278416,971466059,495.042,robot_2_carried_generic_box,1.842,-2.173
1789278417,210027958,495.281,robot_1,-1.915,2.195
1789278417,210121033,495.281,robot_2,1.821,-2.133
1789278417,210167397,495.281,robot_0,-1.452,1.559
1789278417,210201017,495.281,robot_1_carried_generic_box,-1.915,2.195
1789278417,210237671,495.281,robot_2_carried_generic_box,1.831,-2.152
1789278417,408715354,495.479,robot_1,-1.915,2.195
1789278417,408803066,495.480,robot_2,1.815,-2.123
1789278417,408852042,495.480,robot_0,-1.452,1.559
1789278417,408892911,495.480,robot_1_carried_generic_box,-1.915,2.195
1789278417,408941240,495.480,robot_2_carried_generic_box,1.826,-2.144
1789278417,675377912,495.746,robot_1,-1.915,2.195
1789278417,675451705,495.746,robot_2,1.808,-2.110
1789278417,675491619,495.746,robot_0,-1.452,1.559
1789278417,675525783,495.746,robot_1_carried_generic_box,-1.915,2.195
1789278417,675559127,495.746,robot_2_carried_generic_box,1.822,-2.136
1789278417,899663974,495.970,robot_1,-1.915,2.195
1789278417,899743852,495.992,robot_2,1.803,-2.101
1789278417,921220659,495.992,robot_0,-1.452,1.559
1789278417,921272013,495.992,robot_1_carried_generic_box,-1.915,2.195
1789278417,921310627,495.992,robot_2_carried_generic_box,1.816,-2.125
1789278418,123686127,496.194,robot_1,-1.920,2.198
1789278418,123760119,496.195,robot_2,1.800,-2.096
1789278418,123802917,496.195,robot_0,-1.455,1.559
1789278418,123840098,496.195,robot_1_carried_generic_box,-1.915,2.195
1789278418,123877832,496.195,robot_2_carried_generic_box,1.809,-2.112
1789278418,345975490,496.417,robot_1,-1.927,2.202
1789278418,346092018,496.417,robot_2,1.799,-2.095
1789278418,346139557,496.417,robot_0,-1.461,1.558
1789278418,346178085,496.417,robot_1_carried_generic_box,-1.917,2.196
1789278418,346214502,496.417,robot_2_carried_generic_box,1.803,-2.101
1789278418,564239072,496.635,robot_1,-1.933,2.205
1789278418,564317338,496.635,robot_2,1.799,-2.095
1789278418,564351045,496.635,robot_0,-1.468,1.557
1789278418,564383409,496.635,robot_1_carried_generic_box,-1.917,2.196
1789278418,564414661,496.635,robot_2_carried_generic_box,1.800,-2.095
1789278418,819947420,496.891,robot_1,-1.934,2.205
1789278418,820033667,496.891,robot_2,1.799,-2.095
1789278418,821354819,496.892,robot_0,-1.480,1.554
1789278418,821436086,496.892,robot_1_carried_generic_box,-1.927,2.202
1789278418,821541648,496.892,robot_2_carried_generic_box,1.799,-2.095
1789278419,72406530,497.143,robot_1,-1.934,2.205
1789278419,72475281,497.143,robot_2,1.799,-2.095
1789278419,72516250,497.143,robot_0,-1.494,1.551
1789278419,72552674,497.143,robot_1_carried_generic_box,-1.934,2.205
1789278419,72589411,497.143,robot_2_carried_generic_box,1.799,-2.095
1789278419,277257309,497.348,robot_1,-1.934,2.205
1789278419,277334429,497.348,robot_2,1.799,-2.095
1789278419,277381125,497.348,robot_0,-1.502,1.549
1789278419,277422472,497.348,robot_1_carried_generic_box,-1.934,2.205
1789278419,277463474,497.348,robot_2_carried_generic_box,1.799,-2.095
1789278419,523294450,497.594,robot_1,-1.934,2.205
1789278419,523373771,497.594,robot_2,1.799,-2.095
1789278419,523422848,497.594,robot_0,-1.519,1.544
1789278419,523461279,497.594,robot_1_carried_generic_box,-1.934,2.205
1789278419,523494162,497.601,robot_2_carried_generic_box,1.799,-2.095
1789278419,782283904,497.853,robot_1,-1.934,2.205
1789278419,782368458,497.853,robot_2,1.799,-2.095
1789278419,782416278,497.853,robot_0,-1.531,1.541
1789278419,782457386,497.853,robot_1_carried_generic_box,-1.934,2.205
1789278419,782499185,497.853,robot_2_carried_generic_box,1.799,-2.095
1789278420,39686494,498.110,robot_1,-1.934,2.205
1789278420,52903478,498.124,robot_2,1.799,-2.095
1789278420,53007074,498.124,robot_0,-1.539,1.538
1789278420,53051640,498.124,robot_1_carried_generic_box,-1.934,2.205
1789278420,53095169,498.124,robot_2_carried_generic_box,1.799,-2.095
1789278420,303662965,498.374,robot_1,-1.934,2.205
1789278420,303736551,498.374,robot_2,1.799,-2.095
1789278420,303782486,498.375,robot_0,-1.559,1.532
1789278420,303824311,498.375,robot_1_carried_generic_box,-1.934,2.205
1789278420,303866056,498.375,robot_2_carried_generic_box,1.799,-2.095
1789278420,537802982,498.609,robot_1,-1.934,2.205
1789278420,537878746,498.609,robot_2,1.799,-2.095
1789278420,537916548,498.634,robot_0,-1.569,1.528
1789278420,563284557,498.634,robot_1_carried_generic_box,-1.934,2.205
1789278420,563336341,498.634,robot_2_carried_generic_box,1.799,-2.095
1789278420,773428837,498.844,robot_1,-1.934,2.204
1789278420,773515060,498.844,robot_2,1.799,-2.095
1789278420,773559142,498.844,robot_0,-1.570,1.528
1789278420,773603459,498.844,robot_1_carried_generic_box,-1.934,2.205
1789278420,773635946,498.844,robot_2_carried_generic_box,1.799,-2.095
1789278420,998908564,499.070,robot_1,-1.934,2.204
1789278420,999768823,499.071,robot_2,1.800,-2.095
1789278420,999830013,499.071,robot_0,-1.573,1.527
1789278420,999866016,499.071,robot_1_carried_generic_box,-1.934,2.204
1789278420,999898902,499.071,robot_2_carried_generic_box,1.799,-2.095
1789278421,206818339,499.278,robot_1,-1.934,2.204
1789278421,211027225,499.282,robot_2,1.800,-2.095
1789278421,211097760,499.282,robot_0,-1.579,1.524
1789278421,211137976,499.282,robot_1_carried_generic_box,-1.934,2.204
1789278421,211177594,499.282,robot_2_carried_generic_box,1.799,-2.095
1789278421,446083259,499.517,robot_1,-1.934,2.204
1789278421,446162322,499.517,robot_2,1.800,-2.095
1789278421,446198026,499.517,robot_0,-1.584,1.522
1789278421,446233913,499.517,robot_1_carried_generic_box,-1.934,2.204
1789278421,446267493,499.517,robot_2_carried_generic_box,1.800,-2.095
1789278421,667287872,499.738,robot_1,-1.934,2.204
1789278421,688590636,499.759,robot_2,1.800,-2.095
1789278421,688696055,499.759,robot_0,-1.593,1.519
1789278421,688738034,499.767,robot_1_carried_generic_box,-1.934,2.204
1789278421,696674956,499.767,robot_2_carried_generic_box,1.800,-2.095
1789278421,882945073,499.954,robot_1,-1.934,2.204
1789278421,883026723,499.954,robot_2,1.800,-2.094
1789278421,883074311,499.954,robot_0,-1.602,1.515
1789278421,883114998,499.954,robot_1_carried_generic_box,-1.934,2.204
1789278421,883156439,499.954,robot_2_carried_generic_box,1.800,-2.095
1789278422,117959390,500.189,robot_1,-1.934,2.204
1789278422,118029029,500.189,robot_2,1.798,-2.093
1789278422,118060885,500.189,robot_0,-1.613,1.510
1789278422,118092414,500.189,robot_1_carried_generic_box,-1.934,2.204
1789278422,118120473,500.189,robot_2_carried_generic_box,1.800,-2.095
1789278422,396852493,500.468,robot_1,-1.934,2.204
1789278422,403214496,500.474,robot_2,1.793,-2.090
1789278422,403493190,500.474,robot_0,-1.623,1.506
1789278422,403542744,500.474,robot_1_carried_generic_box,-1.934,2.204
1789278422,403580953,500.474,robot_2_carried_generic_box,1.800,-2.094
1789278422,623133833,500.694,robot_1,-1.934,2.204
1789278422,623211384,500.694,robot_2,1.785,-2.084
1789278422,623262687,500.694,robot_0,-1.634,1.501
1789278422,623303388,500.694,robot_1_carried_generic_box,-1.934,2.204
1789278422,634485217,500.705,robot_2_carried_generic_box,1.799,-2.094
1789278422,874638092,500.945,robot_1,-1.934,2.203
1789278422,874716565,500.945,robot_2,1.778,-2.079
1789278422,874757368,500.946,robot_0,-1.645,1.496
1789278422,874791126,500.946,robot_1_carried_generic_box,-1.934,2.204
1789278422,874822872,500.946,robot_2_carried_generic_box,1.795,-2.091
1789278423,106592904,501.181,robot_1,-1.934,2.203
1789278423,110150908,501.181,robot_2,1.775,-2.078
1789278423,110212801,501.181,robot_0,-1.650,1.494
1789278423,110258353,501.181,robot_1_carried_generic_box,-1.934,2.204
1789278423,110299122,501.181,robot_2_carried_generic_box,1.783,-2.083
1789278423,331028996,501.402,robot_1,-1.934,2.203
1789278423,331099656,501.402,robot_2,1.779,-2.079
1789278423,331138919,501.402,robot_0,-1.652,1.493
1789278423,331176789,501.402,robot_1_carried_generic_box,-1.934,2.204
1789278423,331210775,501.402,robot_2_carried_generic_box,1.776,-2.078
1789278423,573683653,501.644,robot_1,-1.934,2.203
1789278423,573758605,501.645,robot_2,1.781,-2.081
1789278423,573797267,501.645,robot_0,-1.652,1.493
1789278423,573832748,501.645,robot_1_carried_generic_box,-1.934,2.203
1789278423,573862549,501.645,robot_2_carried_generic_box,1.776,-2.078
1789278423,823073248,501.894,robot_1,-1.934,2.203
1789278423,823144072,501.894,robot_2,1.781,-2.081
1789278423,823181882,501.894,robot_0,-1.656,1.491
1789278423,823218288,501.894,robot_1_carried_generic_box,-1.934,2.203
1789278423,823253009,501.894,robot_2_carried_generic_box,1.779,-2.079
1789278424,33008702,502.104,robot_1,-1.934,2.203
1789278424,33078448,502.104,robot_2,1.781,-2.081
1789278424,33117112,502.104,robot_0,-1.663,1.487
1789278424,33155307,502.104,robot_1_carried_generic_box,-1.934,2.203
1789278424,33184895,502.104,robot_2_carried_generic_box,1.781,-2.081
1789278424,270659933,502.341,robot_1,-1.933,2.203
1789278424,270735926,502.341,robot_2,1.781,-2.081
1789278424,270782531,502.342,robot_0,-1.675,1.480
1789278424,270827758,502.342,robot_1_carried_generic_box,-1.934,2.203
1789278424,270869895,502.342,robot_2_carried_generic_box,1.781,-2.081
1789278424,496731519,502.567,robot_1,-1.933,2.203
1789278424,496798334,502.568,robot_2,1.781,-2.081
1789278424,496836133,502.568,robot_0,-1.683,1.476
1789278424,496873979,502.568,robot_1_carried_generic_box,-1.933,2.203
1789278424,496904374,502.568,robot_2_carried_generic_box,1.781,-2.081
1789278424,737914189,502.809,robot_1,-1.933,2.203
1789278424,737986809,502.809,robot_2,1.781,-2.081
1789278424,738020992,502.809,robot_0,-1.689,1.472
1789278424,738056147,502.809,robot_1_carried_generic_box,-1.933,2.203
1789278424,738086974,502.809,robot_2_carried_generic_box,1.781,-2.081
1789278424,951505148,503.022,robot_1,-1.933,2.203
1789278424,951579805,503.022,robot_2,1.781,-2.081
1789278424,951618886,503.022,robot_0,-1.697,1.467
1789278424,951658709,503.022,robot_1_carried_generic_box,-1.933,2.203
1789278424,951695339,503.022,robot_2_carried_generic_box,1.781,-2.081
1789278425,166359852,503.237,robot_1,-1.933,2.203
1789278425,166443081,503.237,robot_2,1.781,-2.081
1789278425,166483435,503.237,robot_0,-1.707,1.460
1789278425,166522291,503.237,robot_1_carried_generic_box,-1.933,2.203
1789278425,166552807,503.237,robot_2_carried_generic_box,1.781,-2.081
1789278425,417685146,503.488,robot_1,-1.930,2.206
1789278425,417759311,503.489,robot_2,1.781,-2.081
1789278425,417800193,503.489,robot_0,-1.717,1.454
1789278425,417838025,503.489,robot_1_carried_generic_box,-1.933,2.203
1789278425,417878199,503.489,robot_2_carried_generic_box,1.781,-2.081
1789278425,670303355,503.741,robot_1,-1.922,2.213
1789278425,670397127,503.741,robot_2,1.781,-2.081
1789278425,670444657,503.741,robot_0,-1.727,1.448
1789278425,670490024,503.741,robot_1_carried_generic_box,-1.932,2.203
1789278425,670530784,503.741,robot_2_carried_generic_box,1.781,-2.081
1789278425,872138148,503.943,robot_1,-1.912,2.224
1789278425,872212862,503.943,robot_2,1.781,-2.081
1789278425,872253022,503.943,robot_0,-1.739,1.439
1789278425,872291833,503.943,robot_1_carried_generic_box,-1.932,2.203
1789278425,872327715,503.943,robot_2_carried_generic_box,1.781,-2.081
1789278426,93774908,504.165,robot_1,-1.902,2.236
1789278426,93841482,504.165,robot_2,1.780,-2.081
1789278426,93878424,504.165,robot_0,-1.752,1.431
1789278426,93913821,504.165,robot_1_carried_generic_box,-1.922,2.213
1789278426,93953408,504.165,robot_2_carried_generic_box,1.781,-2.081
1789278426,353629526,504.424,robot_1,-1.887,2.254
1789278426,353710219,504.424,robot_2,1.780,-2.081
1789278426,353757824,504.425,robot_0,-1.771,1.418
1789278426,353803145,504.425,robot_1_carried_generic_box,-1.904,2.233
1789278426,353843355,504.425,robot_2_carried_generic_box,1.781,-2.081
1789278426,645859019,504.717,robot_1,-1.877,2.265
1789278426,646290098,504.717,robot_2,1.780,-2.081
1789278426,646340743,504.717,robot_0,-1.778,1.413
1789278426,646380262,504.717,robot_1_carried_generic_box,-1.897,2.242
1789278426,646416529,504.717,robot_2_carried_generic_box,1.780,-2.081
1789278426,869340323,504.940,robot_1,-1.866,2.279
1789278426,869411643,504.940,robot_2,1.780,-2.081
1789278426,869447011,504.940,robot_0,-1.784,1.409
1789278426,869482323,504.940,robot_1_carried_generic_box,-1.889,2.252
1789278426,869512750,504.940,robot_2_carried_generic_box,1.780,-2.081
1789278427,81387647,505.152,robot_1,-1.860,2.286
1789278427,81478640,505.152,robot_2,1.780,-2.081
1789278427,81517503,505.152,robot_0,-1.789,1.406
1789278427,81557386,505.152,robot_1_carried_generic_box,-1.881,2.261
1789278427,81596292,505.152,robot_2_carried_generic_box,1.780,-2.081
1789278427,362003645,505.433,robot_1,-1.853,2.295
1789278427,362073156,505.433,robot_2,1.780,-2.081
1789278427,362109437,505.433,robot_0,-1.794,1.402
1789278427,362145445,505.433,robot_1_carried_generic_box,-1.873,2.270
1789278427,362178478,505.433,robot_2_carried_generic_box,1.780,-2.081
1789278427,600493580,505.671,robot_1,-1.846,2.303
1789278427,600577259,505.671,robot_2,1.780,-2.081
1789278427,600625547,505.671,robot_0,-1.797,1.400
1789278427,600672570,505.671,robot_1_carried_generic_box,-1.864,2.281
1789278427,600714636,505.671,robot_2_carried_generic_box,1.780,-2.081
1789278427,864365049,505.935,robot_1,-1.838,2.312
1789278427,864451106,505.935,robot_2,1.780,-2.081
1789278427,864488324,505.935,robot_0,-1.808,1.392
1789278427,864526009,505.935,robot_1_carried_generic_box,-1.850,2.298
1789278427,864559947,505.935,robot_2_carried_generic_box,1.780,-2.081
1789278428,106509033,506.177,robot_1,-1.829,2.322
1789278428,106582671,506.177,robot_2,1.780,-2.081
1789278428,106618681,506.177,robot_0,-1.822,1.382
1789278428,106655037,506.177,robot_1_carried_generic_box,-1.843,2.306
1789278428,106690178,506.177,robot_2_carried_generic_box,1.780,-2.081
1789278428,364120025,506.435,robot_1,-1.821,2.331
1789278428,364209250,506.435,robot_2,1.780,-2.081
1789278428,364245199,506.435,robot_0,-1.830,1.375
1789278428,364282823,506.435,robot_1_carried_generic_box,-1.838,2.312
1789278428,364317557,506.435,robot_2_carried_generic_box,1.780,-2.081
1789278428,590292087,506.661,robot_1,-1.814,2.339
1789278428,590367092,506.661,robot_2,1.780,-2.081
1789278428,590411305,506.661,robot_0,-1.840,1.368
1789278428,590456478,506.661,robot_1_carried_generic_box,-1.825,2.327
1789278428,590489870,506.661,robot_2_carried_generic_box,1.780,-2.081
1789278428,793814617,506.865,robot_1,-1.809,2.344
1789278428,793890721,506.865,robot_2,1.780,-2.081
1789278428,793935497,506.865,robot_0,-1.850,1.361
1789278428,793973475,506.865,robot_1_carried_generic_box,-1.825,2.327
1789278428,794004626,506.865,robot_2_carried_generic_box,1.780,-2.081
1789278428,996425813,507.067,robot_1,-1.802,2.351
1789278428,996504912,507.067,robot_2,1.780,-2.081
1789278428,996549647,507.067,robot_0,-1.862,1.352
1789278428,996596191,507.067,robot_1_carried_generic_box,-1.816,2.337
1789278429,7252731,507.078,robot_2_carried_generic_box,1.780,-2.081
1789278429,205876622,507.277,robot_1,-1.797,2.356
1789278429,205981179,507.277,robot_2,1.780,-2.081
1789278429,206033384,507.277,robot_0,-1.869,1.346
1789278429,206081338,507.277,robot_1_carried_generic_box,-1.810,2.343
1789278429,206119666,507.277,robot_2_carried_generic_box,1.780,-2.081
1789278429,468710278,507.539,robot_1,-1.788,2.365
1789278429,469017622,507.540,robot_2,1.780,-2.081
1789278429,469076618,507.540,robot_0,-1.879,1.338
1789278429,469116723,507.540,robot_1_carried_generic_box,-1.800,2.353
1789278429,469145130,507.540,robot_2_carried_generic_box,1.780,-2.081
1789278429,646364895,507.717,robot_1,-1.779,2.372
1789278429,646446602,507.717,robot_2,1.780,-2.081
1789278429,646487047,507.717,robot_0,-1.886,1.333
1789278429,646529111,507.717,robot_1_carried_generic_box,-1.796,2.357
1789278429,646562009,507.717,robot_2_carried_generic_box,1.780,-2.081
1789278429,874802365,507.946,robot_1,-1.771,2.379
1789278429,874876574,507.946,robot_2,1.780,-2.081
1789278429,874928950,507.946,robot_0,-1.892,1.329
1789278429,874968436,507.946,robot_1_carried_generic_box,-1.788,2.365
1789278429,874997425,507.946,robot_2_carried_generic_box,1.780,-2.081
1789278430,130658511,508.201,robot_1,-1.759,2.388
1789278430,130737881,508.201,robot_2,1.780,-2.081
1789278430,130786196,508.202,robot_0,-1.895,1.326
1789278430,130837896,508.202,robot_1_carried_generic_box,-1.777,2.374
1789278430,130873539,508.202,robot_2_carried_generic_box,1.780,-2.081
1789278430,392499448,508.463,robot_1,-1.745,2.399
1789278430,392569290,508.463,robot_2,1.781,-2.081
1789278430,392612443,508.463,robot_0,-1.896,1.326
1789278430,392661248,508.463,robot_1_carried_generic_box,-1.769,2.380
1789278430,392696444,508.468,robot_2_carried_generic_box,1.780,-2.081
1789278430,673254323,508.744,robot_1,-1.733,2.408
1789278430,673322986,508.744,robot_2,1.781,-2.081
1789278430,673368151,508.744,robot_0,-1.900,1.322
1789278430,673410682,508.744,robot_1_carried_generic_box,-1.752,2.394
1789278430,674838585,508.746,robot_2_carried_generic_box,1.781,-2.081
1789278430,931503589,509.002,robot_1,-1.718,2.418
1789278430,931592273,509.002,robot_2,1.781,-2.081
1789278430,931634008,509.002,robot_0,-1.911,1.313
1789278430,931673579,509.002,robot_1_carried_generic_box,-1.745,2.399
1789278430,931700168,509.002,robot_2_carried_generic_box,1.781,-2.081
1789278431,168069199,509.239,robot_1,-1.703,2.428
1789278431,168137538,509.239,robot_2,1.781,-2.081
1789278431,168178769,509.239,robot_0,-1.918,1.306
1789278431,168223733,509.239,robot_1_carried_generic_box,-1.723,2.415
1789278431,168260768,509.239,robot_2_carried_generic_box,1.781,-2.081
1789278431,412659360,509.483,robot_1,-1.693,2.436
1789278431,412745598,509.483,robot_2,1.781,-2.081
1789278431,412793775,509.484,robot_0,-1.929,1.297
1789278431,412844460,509.484,robot_1_carried_generic_box,-1.706,2.427
1789278431,412880071,509.484,robot_2_carried_generic_box,1.781,-2.081
1789278431,650635428,509.721,robot_1,-1.684,2.441
1789278431,650702525,509.721,robot_2,1.781,-2.081
1789278431,650738057,509.721,robot_0,-1.934,1.291
1789278431,650776254,509.722,robot_1_carried_generic_box,-1.699,2.431
1789278431,650803156,509.722,robot_2_carried_generic_box,1.781,-2.081
1789278431,885345207,509.956,robot_1,-1.676,2.447
1789278431,885412798,509.956,robot_2,1.781,-2.081
1789278431,885447360,509.956,robot_0,-1.938,1.288
1789278431,885483574,509.956,robot_1_carried_generic_box,-1.694,2.434
1789278431,885511468,509.956,robot_2_carried_generic_box,1.781,-2.081
1789278432,93424026,510.164,robot_1,-1.670,2.451
1789278432,93490878,510.164,robot_2,1.781,-2.081
1789278432,93527815,510.164,robot_0,-1.941,1.285
1789278432,93567767,510.164,robot_1_carried_generic_box,-1.686,2.440
1789278432,93594312,510.164,robot_2_carried_generic_box,1.781,-2.081
1789278432,330999331,510.402,robot_1,-1.660,2.457
1789278432,331071176,510.402,robot_2,1.781,-2.081
1789278432,331109741,510.402,robot_0,-1.948,1.278
1789278432,331149816,510.402,robot_1_carried_generic_box,-1.678,2.446
1789278432,331178975,510.402,robot_2_carried_generic_box,1.781,-2.081
1789278432,547112392,510.618,robot_1,-1.647,2.465
1789278432,547184174,510.618,robot_2,1.781,-2.081
1789278432,547222495,510.618,robot_0,-1.959,1.267
1789278432,547266599,510.618,robot_1_carried_generic_box,-1.670,2.451
1789278432,547299442,510.618,robot_2_carried_generic_box,1.781,-2.081
1789278432,760276988,510.831,robot_1,-1.640,2.469
1789278432,760341848,510.831,robot_2,1.781,-2.081
1789278432,760383785,510.831,robot_0,-1.966,1.259
1789278432,760427605,510.831,robot_1_carried_generic_box,-1.670,2.451
1789278432,760459528,510.831,robot_2_carried_generic_box,1.781,-2.081
1789278432,970247809,511.041,robot_1,-1.633,2.473
1789278432,970324910,511.041,robot_2,1.780,-2.081
1789278432,970374535,511.041,robot_0,-1.971,1.254
1789278432,970427308,511.041,robot_1_carried_generic_box,-1.650,2.463
1789278432,970465651,511.041,robot_2_carried_generic_box,1.781,-2.081
1789278433,227878841,511.302,robot_1,-1.621,2.479
1789278433,231562459,511.302,robot_2,1.780,-2.081
1789278433,231623815,511.302,robot_0,-1.973,1.252
1789278433,231677583,511.302,robot_1_carried_generic_box,-1.638,2.470
1789278433,231713136,511.302,robot_2_carried_generic_box,1.781,-2.081
1789278433,455696766,511.526,robot_1,-1.611,2.485
1789278433,455760882,511.527,robot_2,1.780,-2.081
1789278433,455799666,511.527,robot_0,-1.973,1.252
1789278433,455839789,511.527,robot_1_carried_generic_box,-1.629,2.475
1789278433,455865900,511.527,robot_2_carried_generic_box,1.780,-2.081
1789278433,752161061,511.824,robot_1,-1.601,2.490
1789278433,752852974,511.824,robot_2,1.780,-2.081
1789278433,752898820,511.824,robot_0,-1.973,1.252
1789278433,752952576,511.824,robot_1_carried_generic_box,-1.614,2.484
1789278433,752981533,511.824,robot_2_carried_generic_box,1.780,-2.081
1789278433,995151782,512.066,robot_1,-1.587,2.497
1789278433,995224334,512.066,robot_2,1.781,-2.081
1789278433,995271077,512.066,robot_0,-1.973,1.252
1789278433,995318199,512.066,robot_1_carried_generic_box,-1.605,2.488
1789278433,995347248,512.066,robot_2_carried_generic_box,1.780,-2.081
1789278434,203465162,512.274,robot_1,-1.579,2.501
1789278434,203531302,512.274,robot_2,1.781,-2.081
1789278434,203574872,512.274,robot_0,-1.973,1.252
1789278434,203620740,512.274,robot_1_carried_generic_box,-1.605,2.488
1789278434,203649743,512.274,robot_2_carried_generic_box,1.780,-2.081
1789278434,416820300,512.488,robot_1,-1.568,2.506
1789278434,416887520,512.488,robot_2,1.781,-2.081
1789278434,416934657,512.488,robot_0,-1.973,1.252
1789278434,416982179,512.488,robot_1_carried_generic_box,-1.598,2.492
1789278434,417010232,512.488,robot_2_carried_generic_box,1.780,-2.081
1789278434,657942221,512.729,robot_1,-1.557,2.511
1789278434,658007310,512.729,robot_2,1.781,-2.081
1789278434,658045719,512.729,robot_0,-1.973,1.252
1789278434,658089416,512.729,robot_1_carried_generic_box,-1.585,2.498
1789278434,658113892,512.729,robot_2_carried_generic_box,1.781,-2.081
1789278434,919147856,512.990,robot_1,-1.541,2.518
1789278434,919226072,512.990,robot_2,1.781,-2.081
1789278434,919269271,512.990,robot_0,-1.973,1.253
1789278434,919313522,512.990,robot_1_carried_generic_box,-1.559,2.510
1789278434,919339813,512.990,robot_2_carried_generic_box,1.781,-2.081
1789278435,132651179,513.203,robot_1,-1.532,2.522
1789278435,132715137,513.203,robot_2,1.781,-2.081
1789278435,132758584,513.204,robot_0,-1.973,1.253
1789278435,132801932,513.204,robot_1_carried_generic_box,-1.551,2.514
1789278435,132826919,513.204,robot_2_carried_generic_box,1.781,-2.081
1789278435,418876643,513.490,robot_1,-1.517,2.529
1789278435,418950398,513.490,robot_2,1.781,-2.081
1789278435,418994504,513.490,robot_0,-1.973,1.253
1789278435,419045241,513.490,robot_1_carried_generic_box,-1.536,2.520
1789278435,419077961,513.490,robot_2_carried_generic_box,1.781,-2.081
1789278435,624524343,513.695,robot_1,-1.509,2.533
1789278435,624604156,513.695,robot_2,1.781,-2.080
1789278435,624644589,513.695,robot_0,-1.973,1.253
1789278435,624689190,513.695,robot_1_carried_generic_box,-1.528,2.524
1789278435,624714565,513.695,robot_2_carried_generic_box,1.781,-2.081
1789278435,841400955,513.912,robot_1,-1.497,2.538
1789278435,841479757,513.912,robot_2,1.783,-2.081
1789278435,841521499,513.912,robot_0,-1.973,1.253
1789278435,841565785,513.912,robot_1_carried_generic_box,-1.517,2.529
1789278435,841591573,513.912,robot_2_carried_generic_box,1.781,-2.081
1789278436,73140770,514.144,robot_1,-1.488,2.543
1789278436,73213747,514.144,robot_2,1.789,-2.082
1789278436,73250749,514.144,robot_0,-1.973,1.253
1789278436,73289764,514.144,robot_1_carried_generic_box,-1.506,2.534
1789278436,73316596,514.144,robot_2_carried_generic_box,1.781,-2.080
1789278436,284708596,514.355,robot_1,-1.472,2.550
1789278436,284773579,514.356,robot_2,1.802,-2.085
1789278436,284811388,514.356,robot_0,-1.973,1.253
1789278436,284851674,514.356,robot_1_carried_generic_box,-1.493,2.540
1789278436,284878388,514.356,robot_2_carried_generic_box,1.787,-2.082
1789278436,508517723,514.579,robot_1,-1.467,2.552
1789278436,508583890,514.579,robot_2,1.808,-2.087
1789278436,508627338,514.579,robot_0,-1.973,1.253
1789278436,508676014,514.579,robot_1_carried_generic_box,-1.482,2.545
1789278436,508711113,514.579,robot_2_carried_generic_box,1.794,-2.084
1789278436,747361831,514.818,robot_1,-1.458,2.556
1789278436,747434291,514.818,robot_2,1.809,-2.087
1789278436,747474858,514.818,robot_0,-1.973,1.254
1789278436,747516213,514.818,robot_1_carried_generic_box,-1.472,2.550
1789278436,747542762,514.818,robot_2_carried_generic_box,1.804,-2.086
1789278437,21932,515.071,robot_1,-1.450,2.559
1789278437,85977,515.071,robot_2,1.809,-2.087
1789278437,121079,515.071,robot_0,-1.973,1.257
1789278437,159635,515.071,robot_1_carried_generic_box,-1.467,2.552
1789278437,182425,515.071,robot_2_carried_generic_box,1.808,-2.087
1789278437,204573399,515.275,robot_1,-1.434,2.566
1789278437,204642527,515.275,robot_2,1.809,-2.087
1789278437,204693198,515.275,robot_0,-1.972,1.269
1789278437,204745145,515.275,robot_1_carried_generic_box,-1.462,2.554
1789278437,204778802,515.276,robot_2_carried_generic_box,1.809,-2.087
1789278437,444910008,515.523,robot_1,-1.421,2.572
1789278437,452225216,515.524,robot_2,1.809,-2.087
1789278437,453162530,515.524,robot_0,-1.971,1.276
1789278437,453222624,515.524,robot_1_carried_generic_box,-1.444,2.561
1789278437,453260576,515.524,robot_2_carried_generic_box,1.809,-2.087
1789278437,664745390,515.736,robot_1,-1.412,2.575
1789278437,664812064,515.736,robot_2,1.809,-2.087
1789278437,664852291,515.736,robot_0,-1.971,1.278
1789278437,664894884,515.736,robot_1_carried_generic_box,-1.437,2.565
1789278437,694551367,515.765,robot_2_carried_generic_box,1.809,-2.087
1789278437,897100846,515.968,robot_1,-1.406,2.578
1789278437,897184044,515.980,robot_2,1.809,-2.087
1789278437,909320756,515.980,robot_0,-1.971,1.278
1789278437,909371377,515.980,robot_1_carried_generic_box,-1.426,2.569
1789278437,909402058,515.980,robot_2_carried_generic_box,1.809,-2.087
1789278438,160419376,516.231,robot_1,-1.405,2.578
1789278438,160485384,516.231,robot_2,1.809,-2.087
1789278438,160525280,516.243,robot_0,-1.971,1.278
1789278438,173217619,516.244,robot_1_carried_generic_box,-1.407,2.577
1789278438,173311130,516.244,robot_2_carried_generic_box,1.809,-2.087
1789278438,376611216,516.447,robot_1,-1.403,2.579
1789278438,376682212,516.447,robot_2,1.809,-2.087
1789278438,376723625,516.447,robot_0,-1.971,1.278
1789278438,376768861,516.448,robot_1_carried_generic_box,-1.405,2.578
1789278438,376798121,516.448,robot_2_carried_generic_box,1.809,-2.087
1789278438,595472426,516.666,robot_1,-1.397,2.581
1789278438,595534391,516.669,robot_2,1.809,-2.087
1789278438,598212269,516.669,robot_0,-1.971,1.278
1789278438,598288228,516.669,robot_1_carried_generic_box,-1.405,2.578
1789278438,598321946,516.669,robot_2_carried_generic_box,1.809,-2.087
1789278438,831174657,516.902,robot_1,-1.382,2.586
1789278438,831256241,516.902,robot_2,1.809,-2.087
1789278438,831303745,516.902,robot_0,-1.971,1.278
1789278438,831355611,516.902,robot_1_carried_generic_box,-1.402,2.579
1789278438,831384613,516.902,robot_2_carried_generic_box,1.809,-2.087
1789278439,87498196,517.158,robot_1,-1.370,2.590
1789278439,87575649,517.158,robot_2,1.809,-2.087
1789278439,87615440,517.158,robot_0,-1.971,1.278
1789278439,87655054,517.158,robot_1_carried_generic_box,-1.393,2.583
1789278439,87682341,517.158,robot_2_carried_generic_box,1.809,-2.087
1789278439,294103671,517.365,robot_1,-1.362,2.593
1789278439,294164145,517.365,robot_2,1.805,-2.086
1789278439,294200156,517.365,robot_0,-1.971,1.278
1789278439,294243542,517.365,robot_1_carried_generic_box,-1.387,2.585
1789278439,294271795,517.365,robot_2_carried_generic_box,1.809,-2.087
1789278439,535579756,517.606,robot_1,-1.358,2.594
1789278439,535659384,517.606,robot_2,1.804,-2.085
1789278439,535701561,517.606,robot_0,-1.971,1.278
1789278439,535744177,517.606,robot_1_carried_generic_box,-1.379,2.587
1789278439,535776910,517.607,robot_2_carried_generic_box,1.808,-2.087
1789278439,737439996,517.808,robot_1,-1.355,2.595
1789278439,737500828,517.808,robot_2,1.802,-2.085
1789278439,737535769,517.808,robot_0,-1.970,1.276
1789278439,737575345,517.808,robot_1_carried_generic_box,-1.368,2.591
1789278439,737600019,517.808,robot_2_carried_generic_box,1.805,-2.086
1789278439,972186113,518.043,robot_1,-1.345,2.598
1789278439,972275193,518.043,robot_2,1.795,-2.082
1789278439,972319606,518.043,robot_0,-1.969,1.271
1789278439,972363207,518.043,robot_1_carried_generic_box,-1.357,2.595
1789278439,972394137,518.043,robot_2_carried_generic_box,1.804,-2.085
1789278440,188704250,518.259,robot_1,-1.328,2.603
1789278440,188765642,518.260,robot_2,1.780,-2.076
1789278440,188809625,518.260,robot_0,-1.968,1.270
1789278440,188858598,518.260,robot_1_carried_generic_box,-1.352,2.596
1789278440,188893031,518.260,robot_2_carried_generic_box,1.802,-2.085
1789278440,407091710,518.478,robot_1,-1.320,2.606
1789278440,407165500,518.478,robot_2,1.769,-2.072
1789278440,407203649,518.478,robot_0,-1.969,1.270
1789278440,407246570,518.478,robot_1_carried_generic_box,-1.340,2.600
1789278440,407279850,518.478,robot_2_carried_generic_box,1.795,-2.082
1789278440,632853004,518.704,robot_1,-1.315,2.607
1789278440,639698169,518.710,robot_2,1.760,-2.068
1789278440,639809313,518.711,robot_0,-1.968,1.270
1789278440,639867900,518.711,robot_1_carried_generic_box,-1.331,2.603
1789278440,639903953,518.711,robot_2_carried_generic_box,1.783,-2.077
1789278440,856657270,518.927,robot_1,-1.306,2.610
1789278440,856720936,518.927,robot_2,1.748,-2.064
1789278440,856760020,518.928,robot_0,-1.966,1.266
1789278440,856802626,518.928,robot_1_carried_generic_box,-1.322,2.605
1789278440,856830636,518.928,robot_2_carried_generic_box,1.771,-2.073
1789278441,89869215,519.161,robot_1,-1.297,2.612
1789278441,89965354,519.161,robot_2,1.734,-2.058
1789278441,90005896,519.161,robot_0,-1.962,1.258
1789278441,90046622,519.161,robot_1_carried_generic_box,-1.312,2.608
1789278441,90074529,519.161,robot_2_carried_generic_box,1.762,-2.069
1789278441,307982192,519.379,robot_1,-1.290,2.614
1789278441,308050111,519.379,robot_2,1.720,-2.053
1789278441,308090471,519.379,robot_0,-1.958,1.253
1789278441,308131041,519.379,robot_1_carried_generic_box,-1.302,2.611
1789278441,308160531,519.379,robot_2_carried_generic_box,1.740,-2.061
1789278441,526136988,519.597,robot_1,-1.283,2.616
1789278441,526217481,519.597,robot_2,1.712,-2.050
1789278441,526255118,519.597,robot_0,-1.955,1.248
1789278441,526296331,519.597,robot_1_carried_generic_box,-1.296,2.613
1789278441,526323846,519.597,robot_2_carried_generic_box,1.731,-2.057
1789278441,761007474,519.832,robot_1,-1.271,2.619
1789278441,761071074,519.832,robot_2,1.700,-2.046
1789278441,761105085,519.832,robot_0,-1.953,1.245
1789278441,761145853,519.834,robot_1_carried_generic_box,-1.294,2.613
1789278441,763018022,519.834,robot_2_carried_generic_box,1.731,-2.057
1789278442,49042936,520.120,robot_1,-1.254,2.623
1789278442,49131029,520.120,robot_2,1.684,-2.039
1789278442,49170902,520.120,robot_0,-1.952,1.243
1789278442,49212558,520.120,robot_1_carried_generic_box,-1.277,2.618
1789278442,49242549,520.120,robot_2_carried_generic_box,1.712,-2.050
1789278442,240188432,520.311,robot_1,-1.236,2.628
1789278442,240257382,520.311,robot_2,1.668,-2.033
1789278442,240295637,520.311,robot_0,-1.948,1.239
1789278442,240337915,520.311,robot_1_carried_generic_box,-1.271,2.619
1789278442,240367488,520.311,robot_2_carried_generic_box,1.689,-2.041
1789278442,497075018,520.568,robot_1,-1.225,2.631
1789278442,497140894,520.568,robot_2,1.661,-2.031
1789278442,497174199,520.568,robot_0,-1.947,1.237
1789278442,497214542,520.568,robot_1_carried_generic_box,-1.254,2.623
1789278442,497242974,520.568,robot_2_carried_generic_box,1.684,-2.039
1789278442,697505654,520.768,robot_1,-1.216,2.633
1789278442,697577107,520.768,robot_2,1.660,-2.030
1789278442,697617392,520.768,robot_0,-1.947,1.237
1789278442,697659074,520.768,robot_1_carried_generic_box,-1.231,2.629
1789278442,697690175,520.768,robot_2_carried_generic_box,1.673,-2.035
1789278442,916907524,520.988,robot_1,-1.204,2.636
1789278442,916975250,520.988,robot_2,1.660,-2.030
1789278442,917010278,520.988,robot_0,-1.946,1.236
1789278442,917049462,520.988,robot_1_carried_generic_box,-1.222,2.631
1789278442,917077188,520.988,robot_2_carried_generic_box,1.663,-2.032
1789278443,173648934,521.244,robot_1,-1.190,2.639
1789278443,173724546,521.244,robot_2,1.660,-2.030
1789278443,173773164,521.245,robot_0,-1.941,1.232
1789278443,173826505,521.245,robot_1_carried_generic_box,-1.216,2.633
1789278443,173865175,521.245,robot_2_carried_generic_box,1.660,-2.030
1789278443,392123488,521.463,robot_1,-1.175,2.643
1789278443,392193925,521.463,robot_2,1.660,-2.030
1789278443,392232223,521.463,robot_0,-1.931,1.225
1789278443,392270489,521.463,robot_1_carried_generic_box,-1.198,2.637
1789278443,392299333,521.463,robot_2_carried_generic_box,1.660,-2.030
1789278443,649989125,521.721,robot_1,-1.160,2.647
1789278443,650071294,521.721,robot_2,1.660,-2.030
1789278443,650112454,521.721,robot_0,-1.919,1.217
1789278443,650155704,521.721,robot_1_carried_generic_box,-1.193,2.639
1789278443,650186345,521.721,robot_2_carried_generic_box,1.660,-2.030
1789278443,899434277,521.970,robot_1,-1.150,2.649
1789278443,899509962,521.970,robot_2,1.660,-2.030
1789278443,899547634,521.970,robot_0,-1.913,1.213
1789278443,899587937,521.970,robot_1_carried_generic_box,-1.181,2.642
1789278443,899618750,521.987,robot_2_carried_generic_box,1.660,-2.030
1789278444,117884969,522.189,robot_1,-1.140,2.651
1789278444,155819894,522.227,robot_2,1.660,-2.030
1789278444,155905457,522.227,robot_0,-1.904,1.207
1789278444,155960642,522.227,robot_1_carried_generic_box,-1.158,2.647
1789278444,155999045,522.227,robot_2_carried_generic_box,1.660,-2.030
1789278444,361001407,522.432,robot_1,-1.138,2.652
1789278444,361068584,522.432,robot_2,1.660,-2.030
1789278444,361104639,522.432,robot_0,-1.894,1.201
1789278444,361144575,522.432,robot_1_carried_generic_box,-1.147,2.650
1789278444,361175111,522.432,robot_2_carried_generic_box,1.660,-2.030
1789278444,594539577,522.665,robot_1,-1.132,2.653
1789278444,594615690,522.665,robot_2,1.660,-2.030
1789278444,594660005,522.665,robot_0,-1.881,1.194
1789278444,594709940,522.665,robot_1_carried_generic_box,-1.141,2.651
1789278444,594751094,522.665,robot_2_carried_generic_box,1.660,-2.030
1789278444,846063886,522.917,robot_1,-1.117,2.657
1789278444,846171409,522.917,robot_2,1.660,-2.030
1789278444,846215374,522.917,robot_0,-1.868,1.188
1789278444,846258921,522.917,robot_1_carried_generic_box,-1.138,2.652
1789278444,849882559,522.921,robot_2_carried_generic_box,1.660,-2.030
1789278445,113532901,523.184,robot_1,-1.103,2.659
1789278445,113606363,523.184,robot_2,1.660,-2.030
1789278445,113652049,523.184,robot_0,-1.852,1.180
1789278445,113702370,523.184,robot_1_carried_generic_box,-1.128,2.654
1789278445,113742370,523.184,robot_2_carried_generic_box,1.660,-2.030
1789278445,357665121,523.428,robot_1,-1.095,2.661
1789278445,357736098,523.428,robot_2,1.660,-2.029
1789278445,357773307,523.429,robot_0,-1.839,1.174
1789278445,357811730,523.429,robot_1_carried_generic_box,-1.106,2.659
1789278445,357843593,523.429,robot_2_carried_generic_box,1.660,-2.030
1789278445,564540985,523.635,robot_1,-1.082,2.664
1789278445,564608363,523.635,robot_2,1.660,-2.029
1789278445,564641858,523.635,robot_0,-1.829,1.169
1789278445,564679473,523.635,robot_1_carried_generic_box,-1.103,2.659
1789278445,564710804,523.635,robot_2_carried_generic_box,1.660,-2.030
1789278445,805649001,523.876,robot_1,-1.067,2.666
1789278445,805743511,523.876,robot_2,1.660,-2.029
1789278445,805790469,523.877,robot_0,-1.826,1.168
1789278445,805840016,523.881,robot_1_carried_generic_box,-1.097,2.661
1789278445,810731802,523.881,robot_2_carried_generic_box,1.660,-2.029
1789278446,41042699,524.112,robot_1,-1.052,2.669
1789278446,41115592,524.112,robot_2,1.660,-2.029
1789278446,41150086,524.112,robot_0,-1.825,1.167
1789278446,41189258,524.112,robot_1_carried_generic_box,-1.076,2.665
1789278446,41215848,524.112,robot_2_carried_generic_box,1.660,-2.029
1789278446,274667490,524.345,robot_1,-1.037,2.672
1789278446,274736428,524.345,robot_2,1.660,-2.029
1789278446,274780028,524.346,robot_0,-1.820,1.165
1789278446,274824442,524.346,robot_1_carried_generic_box,-1.076,2.665
1789278446,274860455,524.346,robot_2_carried_generic_box,1.660,-2.029
1789278446,496752592,524.568,robot_1,-1.026,2.674
1789278446,496830073,524.569,robot_2,1.660,-2.029
1789278446,498437286,524.569,robot_0,-1.816,1.164
1789278446,498506140,524.569,robot_1_carried_generic_box,-1.052,2.669
1789278446,498542949,524.569,robot_2_carried_generic_box,1.660,-2.029
1789278446,702249268,524.773,robot_1,-1.012,2.677
1789278446,702323028,524.773,robot_2,1.660,-2.029
1789278446,702367084,524.773,robot_0,-1.809,1.161
1789278446,712546646,524.783,robot_1_carried_generic_box,-1.043,2.671
1789278446,712634338,524.783,robot_2_carried_generic_box,1.660,-2.029
1789278446,933841253,525.005,robot_1,-1.000,2.679
1789278446,933908482,525.005,robot_2,1.659,-2.029
1789278446,933951331,525.005,robot_0,-1.806,1.160
1789278446,933990192,525.005,robot_1_carried_generic_box,-1.035,2.672
1789278446,934021577,525.005,robot_2_carried_generic_box,1.660,-2.029
1789278447,153740042,525.225,robot_1,-0.992,2.680
1789278447,153841910,525.225,robot_2,1.659,-2.029
1789278447,153886391,525.225,robot_0,-1.806,1.160
1789278447,153968995,525.225,robot_1_carried_generic_box,-1.021,2.675
1789278447,154006426,525.225,robot_2_carried_generic_box,1.660,-2.029
1789278447,370996602,525.442,robot_1,-0.985,2.682
1789278447,371075458,525.442,robot_2,1.659,-2.029
1789278447,371116195,525.442,robot_0,-1.803,1.159
1789278447,371156462,525.442,robot_1_carried_generic_box,-1.006,2.678
1789278447,377251966,525.448,robot_2_carried_generic_box,1.659,-2.029
1789278447,675855086,525.747,robot_1,-0.977,2.683
1789278447,675984360,525.747,robot_2,1.659,-2.029
1789278447,676025939,525.747,robot_0,-1.802,1.159
1789278447,676068199,525.747,robot_1_carried_generic_box,-0.992,2.680
1789278447,676098827,525.747,robot_2_carried_generic_box,1.659,-2.029
1789278447,891240706,525.962,robot_1,-0.975,2.684
1789278447,891309825,525.973,robot_2,1.659,-2.029
1789278447,902459396,525.973,robot_0,-1.800,1.158
1789278447,902533764,525.973,robot_1_carried_generic_box,-0.984,2.682
1789278447,902576154,525.973,robot_2_carried_generic_box,1.659,-2.029
1789278448,101387503,526.172,robot_1,-0.972,2.684
1789278448,101465948,526.172,robot_2,1.659,-2.029
1789278448,101503668,526.172,robot_0,-1.795,1.157
1789278448,101551109,526.172,robot_1_carried_generic_box,-0.975,2.683
1789278448,101585126,526.172,robot_2_carried_generic_box,1.659,-2.029
1789278448,362697236,526.433,robot_1,-0.961,2.686
1789278448,362771366,526.434,robot_2,1.659,-2.029
1789278448,362807096,526.434,robot_0,-1.794,1.156
1789278448,362849486,526.434,robot_1_carried_generic_box,-0.973,2.684
1789278448,362885363,526.434,robot_2_carried_generic_box,1.659,-2.029
1789278448,581179163,526.652,robot_1,-0.947,2.687
1789278448,581255261,526.652,robot_2,1.659,-2.029
1789278448,581301901,526.652,robot_0,-1.793,1.156
1789278448,587173062,526.658,robot_1_carried_generic_box,-0.968,2.685
1789278448,587274948,526.658,robot_2_carried_generic_box,1.659,-2.029
1789278448,784292520,526.855,robot_1,-0.935,2.689
1789278448,784360344,526.855,robot_2,1.659,-2.029
1789278448,784398595,526.855,robot_0,-1.790,1.156
1789278448,784438010,526.855,robot_1_carried_generic_box,-0.961,2.686
1789278448,784474188,526.855,robot_2_carried_generic_box,1.659,-2.029
1789278449,20808130,527.092,robot_1,-0.920,2.691
1789278449,20877987,527.092,robot_2,1.659,-2.028
1789278449,20915474,527.116,robot_0,-1.786,1.155
1789278449,45059395,527.116,robot_1_carried_generic_box,-0.950,2.687
1789278449,45121504,527.116,robot_2_carried_generic_box,1.659,-2.029
1789278449,238340034,527.309,robot_1,-0.908,2.692
1789278449,238416690,527.309,robot_2,1.659,-2.028
1789278449,238463998,527.309,robot_0,-1.783,1.155
1789278449,238513151,527.309,robot_1_carried_generic_box,-0.932,2.689
1789278449,238556098,527.320,robot_2_carried_generic_box,1.659,-2.029
1789278449,455969009,527.527,robot_1,-0.896,2.694
1789278449,456038927,527.527,robot_2,1.659,-2.028
1789278449,456076588,527.527,robot_0,-1.782,1.155
1789278449,456122491,527.527,robot_1_carried_generic_box,-0.920,2.691
1789278449,456156838,527.527,robot_2_carried_generic_box,1.659,-2.028
1789278449,670449006,527.741,robot_1,-0.882,2.696
1789278449,670520890,527.741,robot_2,1.659,-2.028
1789278449,670557273,527.741,robot_0,-1.782,1.155
1789278449,670600557,527.741,robot_1_carried_generic_box,-0.905,2.693
1789278449,670636847,527.741,robot_2_carried_generic_box,1.659,-2.028
1789278449,876171816,527.947,robot_1,-0.867,2.698
1789278449,876253710,527.947,robot_2,1.659,-2.028
1789278449,876294739,527.947,robot_0,-1.782,1.155
1789278449,876337576,527.947,robot_1_carried_generic_box,-0.898,2.694
1789278449,876370961,527.947,robot_2_carried_generic_box,1.659,-2.028
1789278450,103288774,528.174,robot_1,-0.856,2.699
1789278450,103365228,528.174,robot_2,1.659,-2.028
1789278450,103405863,528.174,robot_0,-1.779,1.155
1789278450,104069098,528.175,robot_1_carried_generic_box,-0.888,2.695
1789278450,104143414,528.175,robot_2_carried_generic_box,1.659,-2.028
1789278450,343635776,528.414,robot_1,-0.848,2.700
1789278450,343716153,528.414,robot_2,1.659,-2.028
1789278450,343753308,528.414,robot_0,-1.772,1.156
1789278450,343794746,528.415,robot_1_carried_generic_box,-0.876,2.696
1789278450,343827450,528.415,robot_2_carried_generic_box,1.659,-2.028
1789278450,580820271,528.652,robot_1,-0.836,2.701
1789278450,580910919,528.658,robot_2,1.659,-2.028
1789278450,587230536,528.658,robot_0,-1.759,1.157
1789278450,587297291,528.658,robot_1_carried_generic_box,-0.852,2.700
1789278450,587350472,528.658,robot_2_carried_generic_box,1.659,-2.028
1789278450,837109058,528.908,robot_1,-0.828,2.702
1789278450,837190193,528.908,robot_2,1.659,-2.028
1789278450,837239081,528.908,robot_0,-1.747,1.159
1789278450,837290679,528.908,robot_1_carried_generic_box,-0.846,2.700
1789278450,837334037,528.908,robot_2_carried_generic_box,1.659,-2.028
1789278451,85101784,529.162,robot_1,-0.822,2.703
1789278451,91255544,529.162,robot_2,1.659,-2.028
1789278451,91319496,529.162,robot_0,-1.735,1.161
1789278451,91365058,529.162,robot_1_carried_generic_box,-0.838,2.701
1789278451,91398172,529.162,robot_2_carried_generic_box,1.659,-2.028
1789278451,337189813,529.408,robot_1,-0.812,2.704
1789278451,353912138,529.425,robot_2,1.659,-2.028
1789278451,354051429,529.425,robot_0,-1.723,1.164
1789278451,354114218,529.425,robot_1_carried_generic_box,-0.832,2.702
1789278451,354162872,529.425,robot_2_carried_generic_box,1.659,-2.028
1789278451,545402703,529.616,robot_1,-0.796,2.706
1789278451,574987714,529.646,robot_2,1.659,-2.028
1789278451,575083306,529.646,robot_0,-1.706,1.167
1789278451,575135132,529.646,robot_1_carried_generic_box,-0.817,2.704
1789278451,575172932,529.646,robot_2_carried_generic_box,1.659,-2.028
1789278451,791785392,529.863,robot_1,-0.785,2.707
1789278451,791865092,529.863,robot_2,1.658,-2.028
1789278451,791908489,529.863,robot_0,-1.696,1.170
1789278451,791963385,529.863,robot_1_carried_generic_box,-0.803,2.705
1789278451,791994875,529.863,robot_2_carried_generic_box,1.659,-2.028
1789278452,53899503,530.125,robot_1,-0.769,2.708
1789278452,53977318,530.125,robot_2,1.658,-2.028
1789278452,54015689,530.125,robot_0,-1.680,1.174
1789278452,54063631,530.125,robot_1_carried_generic_box,-0.790,2.706
1789278452,54100522,530.125,robot_2_carried_generic_box,1.659,-2.028
1789278452,259630285,530.330,robot_1,-0.762,2.709
1789278452,259709099,530.330,robot_2,1.658,-2.028
1789278452,259754923,530.331,robot_0,-1.668,1.178
1789278452,259808894,530.331,robot_1_carried_generic_box,-0.790,2.706
1789278452,259852898,530.331,robot_2_carried_generic_box,1.658,-2.028
1789278452,524653068,530.595,robot_1,-0.746,2.710
1789278452,524726677,530.595,robot_2,1.658,-2.031
1789278452,524771797,530.596,robot_0,-1.655,1.181
1789278452,524818553,530.596,robot_1_carried_generic_box,-0.767,2.708
1789278452,524860631,530.596,robot_2_carried_generic_box,1.658,-2.028
1789278452,725576774,530.796,robot_1,-0.736,2.711
1789278452,725649783,530.796,robot_2,1.656,-2.040
1789278452,725691120,530.796,robot_0,-1.643,1.185
1789278452,725736425,530.796,robot_1_carried_generic_box,-0.760,2.709
1789278452,725772612,530.797,robot_2_carried_generic_box,1.658,-2.028
1789278452,982434129,531.053,robot_1,-0.722,2.712
1789278452,982512800,531.053,robot_2,1.653,-2.054
1789278452,982559236,531.053,robot_0,-1.628,1.189
1789278452,982600977,531.053,robot_1_carried_generic_box,-0.746,2.710
1789278452,982646835,531.053,robot_2_carried_generic_box,1.658,-2.029
1789278453,186671839,531.257,robot_1,-0.713,2.713
1789278453,186758152,531.258,robot_2,1.652,-2.060
1789278453,186796887,531.258,robot_0,-1.621,1.192
1789278453,186838831,531.258,robot_1_carried_generic_box,-0.738,2.711
1789278453,186875178,531.258,robot_2_carried_generic_box,1.656,-2.040
1789278453,462812554,531.534,robot_1,-0.701,2.713
1789278453,462886918,531.534,robot_2,1.650,-2.071
1789278453,462937329,531.534,robot_0,-1.610,1.195
1789278453,462979182,531.534,robot_1_carried_generic_box,-0.722,2.712
1789278453,463021960,531.534,robot_2_carried_generic_box,1.654,-2.051
1789278453,688657056,531.759,robot_1,-0.690,2.714
1789278453,688739520,531.759,robot_2,1.649,-2.082
1789278453,688777770,531.760,robot_0,-1.600,1.198
1789278453,688816067,531.760,robot_1_carried_generic_box,-0.713,2.713
1789278453,688847398,531.760,robot_2_carried_generic_box,1.652,-2.058
1789278453,939701398,532.010,robot_1,-0.683,2.715
1789278453,939812972,532.011,robot_2,1.647,-2.093
1789278453,939860837,532.011,robot_0,-1.592,1.200
1789278453,939907991,532.011,robot_1_carried_generic_box,-0.701,2.713
1789278453,939995473,532.011,robot_2_carried_generic_box,1.651,-2.068
1789278454,123715785,532.194,robot_1,-0.674,2.715
1789278454,123786462,532.195,robot_2,1.646,-2.103
1789278454,123820667,532.195,robot_0,-1.588,1.202
1789278454,123854642,532.195,robot_1_carried_generic_box,-0.690,2.714
1789278454,123886228,532.195,robot_2_carried_generic_box,1.649,-2.079
1789278454,387331215,532.458,robot_1,-0.663,2.716
1789278454,387401069,532.458,robot_2,1.644,-2.114
1789278454,387442697,532.458,robot_0,-1.587,1.202
1789278454,387483479,532.458,robot_1_carried_generic_box,-0.681,2.715
1789278454,387516450,532.458,robot_2_carried_generic_box,1.649,-2.079
1789278454,607000134,532.678,robot_1,-0.645,2.717
1789278454,607070682,532.678,robot_2,1.642,-2.132
1789278454,607106424,532.678,robot_0,-1.578,1.205
1789278454,607142871,532.678,robot_1_carried_generic_box,-0.676,2.715
1789278454,607173507,532.678,robot_2_carried_generic_box,1.645,-2.105
1789278454,876662136,532.947,robot_1,-0.630,2.718
1789278454,876731568,532.947,robot_2,1.639,-2.147
1789278454,876773371,532.948,robot_0,-1.565,1.210
1789278454,876814075,532.948,robot_1_carried_generic_box,-0.666,2.716
1789278454,876850583,532.948,robot_2_carried_generic_box,1.643,-2.120
1789278455,99233788,533.170,robot_1,-0.612,2.719
1789278455,112999946,533.184,robot_2,1.637,-2.164
1789278455,113085861,533.184,robot_0,-1.548,1.216
1789278455,113129140,533.184,robot_1_carried_generic_box,-0.642,2.717
1789278455,113164217,533.184,robot_2_carried_generic_box,1.640,-2.141
1789278455,327393574,533.398,robot_1,-0.600,2.720
1789278455,327472526,533.398,robot_2,1.635,-2.176
1789278455,327511263,533.398,robot_0,-1.536,1.220
1789278455,327554015,533.398,robot_1_carried_generic_box,-0.633,2.718
1789278455,327585627,533.398,robot_2_carried_generic_box,1.639,-2.153
1789278455,566852807,533.638,robot_1,-0.586,2.720
1789278455,566915529,533.650,robot_2,1.633,-2.191
1789278455,579214481,533.650,robot_0,-1.522,1.225
1789278455,579274427,533.650,robot_1_carried_generic_box,-0.621,2.718
1789278455,579315831,533.650,robot_2_carried_generic_box,1.636,-2.167
1789278455,825257007,533.896,robot_1,-0.577,2.721
1789278455,825345863,533.896,robot_2,1.631,-2.206
1789278455,825914317,533.897,robot_0,-1.508,1.230
1789278455,826023729,533.897,robot_1_carried_generic_box,-0.600,2.720
1789278455,826062763,533.897,robot_2_carried_generic_box,1.635,-2.179
1789278456,11844310,534.083,robot_1,-0.567,2.721
1789278456,11911654,534.083,robot_2,1.629,-2.215
1789278456,11963470,534.083,robot_0,-1.499,1.233
1789278456,11998595,534.083,robot_1_carried_generic_box,-0.586,2.720
1789278456,12024562,534.083,robot_2_carried_generic_box,1.633,-2.191
1789278456,226391293,534.297,robot_1,-0.555,2.722
1789278456,226456879,534.297,robot_2,1.628,-2.223
1789278456,226491508,534.297,robot_0,-1.489,1.237
1789278456,226527018,534.297,robot_1_carried_generic_box,-0.581,2.721
1789278456,226555291,534.297,robot_2_carried_generic_box,1.631,-2.203
1789278456,434755989,534.506,robot_1,-0.543,2.722
1789278456,434823590,534.506,robot_2,1.627,-2.231
1789278456,434858292,534.506,robot_0,-1.479,1.240
1789278456,434895357,534.506,robot_1_carried_generic_box,-0.570,2.721
1789278456,462994809,534.534,robot_2_carried_generic_box,1.630,-2.213
1789278456,641548294,534.712,robot_1,-0.531,2.723
1789278456,641620888,534.712,robot_2,1.625,-2.240
1789278456,641652925,534.712,robot_0,-1.472,1.243
1789278456,641690280,534.712,robot_1_carried_generic_box,-0.561,2.722
1789278456,641717950,534.712,robot_2_carried_generic_box,1.628,-2.223
1789278456,861659599,534.932,robot_1,-0.519,2.724
1789278456,861723608,534.932,robot_2,1.623,-2.251
1789278456,861757135,534.933,robot_0,-1.468,1.244
1789278456,861789131,534.933,robot_1_carried_generic_box,-0.546,2.722
1789278456,876908789,534.948,robot_2_carried_generic_box,1.627,-2.229
1789278457,139070727,535.210,robot_1,-0.504,2.724
1789278457,139156712,535.210,robot_2,1.621,-2.262
1789278457,139196203,535.210,robot_0,-1.467,1.245
1789278457,139237483,535.210,robot_1_carried_generic_box,-0.522,2.723
1789278457,139267368,535.210,robot_2_carried_generic_box,1.625,-2.240
1789278457,357571396,535.428,robot_1,-0.489,2.725
1789278457,357634857,535.428,robot_2,1.619,-2.272
1789278457,357662684,535.428,robot_0,-1.461,1.247
1789278457,357698907,535.428,robot_1_carried_generic_box,-0.516,2.724
1789278457,357724072,535.428,robot_2_carried_generic_box,1.623,-2.253
1789278457,570448826,535.641,robot_1,-0.471,2.726
1789278457,570517565,535.641,robot_2,1.616,-2.288
1789278457,570557831,535.641,robot_0,-1.447,1.253
1789278457,570602718,535.641,robot_1_carried_generic_box,-0.513,2.724
1789278457,570638350,535.641,robot_2_carried_generic_box,1.622,-2.258
1789278457,805433038,535.876,robot_1,-0.456,2.726
1789278457,805514384,535.876,robot_2,1.612,-2.303
1789278457,805548524,535.876,robot_0,-1.433,1.258
1789278457,805584886,535.876,robot_1_carried_generic_box,-0.495,2.725
1789278457,805614059,535.876,robot_2_carried_generic_box,1.617,-2.282
1789278458,7723331,536.078,robot_1,-0.445,2.727
1789278458,7791263,536.079,robot_2,1.609,-2.314
1789278458,7826967,536.079,robot_0,-1.425,1.262
1789278458,7864548,536.079,robot_1_carried_generic_box,-0.465,2.726
1789278458,7892440,536.079,robot_2_carried_generic_box,1.616,-2.288
1789278458,248119125,536.319,robot_1,-0.430,2.728
1789278458,248194299,536.319,robot_2,1.606,-2.325
1789278458,248225747,536.319,robot_0,-1.416,1.266
1789278458,248262449,536.319,robot_1_carried_generic_box,-0.456,2.726
1789278458,248290441,536.319,robot_2_carried_generic_box,1.613,-2.297
1789278458,512332544,536.583,robot_1,-0.416,2.728
1789278458,512406728,536.583,robot_2,1.603,-2.334
1789278458,512443728,536.583,robot_0,-1.405,1.270
1789278458,512484435,536.583,robot_1_carried_generic_box,-0.442,2.727
1789278458,512519668,536.583,robot_2_carried_generic_box,1.608,-2.317
1789278458,765301536,536.836,robot_1,-0.409,2.728
1789278458,765398708,536.836,robot_2,1.600,-2.344
1789278458,765441852,536.836,robot_0,-1.391,1.276
1789278458,765481469,536.836,robot_1_carried_generic_box,-0.433,2.727
1789278458,765519720,536.836,robot_2_carried_generic_box,1.605,-2.327
1789278459,10836700,537.082,robot_1,-0.407,2.729
1789278459,10904498,537.082,robot_2,1.596,-2.355
1789278459,10980484,537.082,robot_0,-1.375,1.283
1789278459,11017592,537.082,robot_1_carried_generic_box,-0.419,2.728
1789278459,11044485,537.082,robot_2_carried_generic_box,1.604,-2.332
1789278459,245030152,537.316,robot_1,-0.407,2.729
1789278459,245106420,537.316,robot_2,1.593,-2.364
1789278459,245144725,537.316,robot_0,-1.367,1.287
1789278459,245184045,537.316,robot_1_carried_generic_box,-0.409,2.728
1789278459,245217370,537.316,robot_2_carried_generic_box,1.600,-2.344
1789278459,465440411,537.536,robot_1,-0.402,2.729
1789278459,465518228,537.536,robot_2,1.588,-2.378
1789278459,465551667,537.536,robot_0,-1.362,1.289
1789278459,465591088,537.536,robot_1_carried_generic_box,-0.407,2.729
1789278459,465624691,537.536,robot_2_carried_generic_box,1.597,-2.353
1789278459,731730896,537.802,robot_1,-0.391,2.728
1789278459,731793859,537.803,robot_2,1.582,-2.392
1789278459,731823642,537.803,robot_0,-1.357,1.291
1789278459,731864373,537.803,robot_1_carried_generic_box,-0.407,2.729
1789278459,731894347,537.803,robot_2_carried_generic_box,1.591,-2.370
1789278459,936863626,538.008,robot_1,-0.370,2.728
1789278459,955963165,538.027,robot_2,1.573,-2.411
1789278459,956047703,538.027,robot_0,-1.340,1.299
1789278459,956098135,538.027,robot_1_carried_generic_box,-0.406,2.729
1789278459,956132025,538.027,robot_2_carried_generic_box,1.585,-2.384
1789278460,146211908,538.217,robot_1,-0.358,2.727
1789278460,156112821,538.227,robot_2,1.568,-2.423
1789278460,156183453,538.227,robot_0,-1.326,1.305
1789278460,156232377,538.227,robot_1_carried_generic_box,-0.391,2.728
1789278460,156261385,538.227,robot_2_carried_generic_box,1.582,-2.392
1789278460,433081042,538.504,robot_1,-0.344,2.727
1789278460,433163492,538.504,robot_2,1.562,-2.437
1789278460,433191034,538.504,robot_0,-1.315,1.311
1789278460,433227883,538.504,robot_1_carried_generic_box,-0.365,2.728
1789278460,433254367,538.504,robot_2_carried_generic_box,1.570,-2.419
1789278460,643109906,538.714,robot_1,-0.332,2.726
1789278460,643186115,538.714,robot_2,1.557,-2.447
1789278460,643213883,538.714,robot_0,-1.305,1.316
1789278460,643254741,538.714,robot_1_carried_generic_box,-0.354,2.727
1789278460,643292640,538.720,robot_2_carried_generic_box,1.566,-2.427
1789278460,844800738,538.916,robot_1,-0.316,2.725
1789278460,844875253,538.916,robot_2,1.552,-2.458
1789278460,844911354,538.918,robot_0,-1.288,1.323
1789278460,847018149,538.918,robot_1_carried_generic_box,-0.347,2.727
1789278460,847077895,538.918,robot_2_carried_generic_box,1.560,-2.439
1789278461,85536457,539.156,robot_1,-0.304,2.725
1789278461,85606161,539.156,robot_2,1.548,-2.465
1789278461,85633880,539.156,robot_0,-1.278,1.329
1789278461,85677287,539.156,robot_1_carried_generic_box,-0.332,2.726
1789278461,85716858,539.156,robot_2_carried_generic_box,1.557,-2.447
1789278461,320540558,539.391,robot_1,-0.289,2.724
1789278461,320611262,539.391,robot_2,1.544,-2.474
1789278461,320640654,539.391,robot_0,-1.265,1.334
1789278461,320683551,539.391,robot_1_carried_generic_box,-0.319,2.726
1789278461,320715781,539.391,robot_2_carried_generic_box,1.552,-2.456
1789278461,521409204,539.592,robot_1,-0.281,2.724
1789278461,521482504,539.592,robot_2,1.540,-2.482
1789278461,521513763,539.592,robot_0,-1.258,1.338
1789278461,521563205,539.592,robot_1_carried_generic_box,-0.301,2.725
1789278461,521601287,539.592,robot_2_carried_generic_box,1.549,-2.463
1789278461,729863125,539.801,robot_1,-0.274,2.723
1789278461,729955596,539.801,robot_2,1.534,-2.495
1789278461,729994124,539.801,robot_0,-1.247,1.344
1789278461,730039881,539.801,robot_1_carried_generic_box,-0.301,2.725
1789278461,730073022,539.801,robot_2_carried_generic_box,1.544,-2.474
1789278461,943318019,540.014,robot_1,-0.271,2.723
1789278461,943397423,540.014,robot_2,1.530,-2.503
1789278461,948450477,540.020,robot_0,-1.243,1.346
1789278461,948851569,540.020,robot_1_carried_generic_box,-0.289,2.724
1789278461,948909787,540.020,robot_2_carried_generic_box,1.544,-2.474
1789278462,160235262,540.231,robot_1,-0.261,2.722
1789278462,160299521,540.231,robot_2,1.524,-2.517
1789278462,160328231,540.231,robot_0,-1.240,1.347
1789278462,160368726,540.231,robot_1_carried_generic_box,-0.273,2.723
1789278462,160400258,540.257,robot_2_carried_generic_box,1.534,-2.495
1789278462,378841715,540.450,robot_1,-0.246,2.721
1789278462,378910251,540.477,robot_2,1.517,-2.531
1789278462,406048846,540.477,robot_0,-1.238,1.348
1789278462,406135846,540.477,robot_1_carried_generic_box,-0.269,2.723
1789278462,406182615,540.477,robot_2_carried_generic_box,1.529,-2.506
1789278462,602626268,540.673,robot_1,-0.234,2.721
1789278462,602704660,540.673,robot_2,1.512,-2.541
1789278462,602735941,540.673,robot_0,-1.235,1.349
1789278462,602774065,540.674,robot_1_carried_generic_box,-0.261,2.722
1789278462,602807390,540.674,robot_2_carried_generic_box,1.524,-2.517
1789278462,807847284,540.879,robot_1,-0.220,2.719
1789278462,807946143,540.879,robot_2,1.507,-2.552
1789278462,807981434,540.879,robot_0,-1.234,1.350
1789278462,808024708,540.879,robot_1_carried_generic_box,-0.252,2.722
1789278462,808075592,540.879,robot_2_carried_generic_box,1.520,-2.525
1789278463,21900568,541.126,robot_1,-0.211,2.719
1789278463,54906822,541.129,robot_2,1.504,-2.558
1789278463,58185942,541.129,robot_0,-1.234,1.350
1789278463,58243316,541.129,robot_1_carried_generic_box,-0.237,2.721
1789278463,58284222,541.129,robot_2_carried_generic_box,1.513,-2.539
1789278463,274116618,541.345,robot_1,-0.199,2.718
1789278463,274195991,541.345,robot_2,1.499,-2.569
1789278463,274226317,541.345,robot_0,-1.233,1.351
1789278463,274267742,541.345,robot_1_carried_generic_box,-0.225,2.720
1789278463,274302186,541.345,robot_2_carried_generic_box,1.509,-2.548
1789278463,504791120,541.576,robot_1,-0.185,2.717
1789278463,504861077,541.576,robot_2,1.493,-2.582
1789278463,504888246,541.576,robot_0,-1.229,1.353
1789278463,504934517,541.576,robot_1_carried_generic_box,-0.218,2.719
1789278463,504969513,541.576,robot_2_carried_generic_box,1.506,-2.555
1789278463,751898555,541.823,robot_1,-0.176,2.716
1789278463,751981898,541.823,robot_2,1.488,-2.593
1789278463,752015649,541.823,robot_0,-1.229,1.353
1789278463,752058912,541.830,robot_1_carried_generic_box,-0.202,2.718
1789278463,759463591,541.830,robot_2_carried_generic_box,1.502,-2.563
1789278463,977109862,542.048,robot_1,-0.161,2.715
1789278463,981614470,542.052,robot_2,1.481,-2.608
1789278463,981730903,542.052,robot_0,-1.224,1.356
1789278463,981791569,542.053,robot_1_carried_generic_box,-0.180,2.716
1789278463,981838449,542.053,robot_2_carried_generic_box,1.497,-2.574
1789278464,182185596,542.253,robot_1,-0.149,2.714
1789278464,182253388,542.253,robot_2,1.478,-2.615
1789278464,182282697,542.253,robot_0,-1.217,1.362
1789278464,182319792,542.253,robot_1_carried_generic_box,-0.180,2.716
1789278464,182351718,542.253,robot_2_carried_generic_box,1.486,-2.599
1789278464,419602818,542.490,robot_1,-0.140,2.713
1789278464,419724759,542.490,robot_2,1.474,-2.623
1789278464,419765877,542.491,robot_0,-1.206,1.369
1789278464,419817148,542.491,robot_1_carried_generic_box,-0.169,2.715
1789278464,419851759,542.491,robot_2_carried_generic_box,1.480,-2.612
1789278464,618017163,542.689,robot_1,-0.133,2.712
1789278464,618112164,542.689,robot_2,1.471,-2.631
1789278464,618145097,542.689,robot_0,-1.202,1.373
1789278464,620016638,542.691,robot_1_carried_generic_box,-0.147,2.714
1789278464,620111050,542.691,robot_2_carried_generic_box,1.479,-2.613
1789278464,855586314,542.926,robot_1,-0.121,2.711
1789278464,855657918,542.926,robot_2,1.465,-2.645
1789278464,855691926,542.926,robot_0,-1.198,1.375
1789278464,855728553,542.926,robot_1_carried_generic_box,-0.140,2.713
1789278464,855763877,542.927,robot_2_carried_generic_box,1.474,-2.625
1789278465,62579268,543.133,robot_1,-0.114,2.710
1789278465,74189914,543.145,robot_2,1.459,-2.658
1789278465,74268413,543.145,robot_0,-1.191,1.382
1789278465,74312549,543.145,robot_1_carried_generic_box,-0.131,2.712
1789278465,74345611,543.145,robot_2_carried_generic_box,1.470,-2.634
1789278465,265546940,543.336,robot_1,-0.107,2.710
1789278465,265618278,543.336,robot_2,1.454,-2.669
1789278465,265659495,543.336,robot_0,-1.182,1.389
1789278465,265696151,543.336,robot_1_carried_generic_box,-0.123,2.711
1789278465,265729250,543.336,robot_2_carried_generic_box,1.467,-2.639
1789278465,514385615,543.585,robot_1,-0.093,2.708
1789278465,514464239,543.585,robot_2,1.448,-2.683
1789278465,528898861,543.600,robot_0,-1.171,1.400
1789278465,528990393,543.600,robot_1_carried_generic_box,-0.114,2.710
1789278465,529657976,543.600,robot_2_carried_generic_box,1.458,-2.661
1789278465,763266928,543.834,robot_1,-0.081,2.707
1789278465,763351032,543.834,robot_2,1.444,-2.694
1789278465,763383502,543.834,robot_0,-1.163,1.408
1789278465,763418756,543.834,robot_1_carried_generic_box,-0.102,2.709
1789278465,763452490,543.834,robot_2_carried_generic_box,1.452,-2.675
1789278465,979619638,544.050,robot_1,-0.064,2.705
1789278466,351195,544.071,robot_2,1.437,-2.710
1789278466,438883,544.071,robot_0,-1.155,1.415
1789278466,486051,544.071,robot_1_carried_generic_box,-0.102,2.709
1789278466,521221,544.071,robot_2_carried_generic_box,1.452,-2.675
1789278466,193819114,544.265,robot_1,-0.058,2.704
1789278466,193896974,544.265,robot_2,1.433,-2.718
1789278466,193941353,544.265,robot_0,-1.152,1.418
1789278466,193984895,544.265,robot_1_carried_generic_box,-0.090,2.708
1789278466,194021170,544.265,robot_2_carried_generic_box,1.445,-2.691
1789278466,411203660,544.482,robot_1,-0.053,2.703
1789278466,411288671,544.482,robot_2,1.427,-2.732
1789278466,411329103,544.482,robot_0,-1.144,1.426
1789278466,411369688,544.482,robot_1_carried_generic_box,-0.072,2.706
1789278466,411403895,544.482,robot_2_carried_generic_box,1.439,-2.704
1789278466,661905605,544.733,robot_1,-0.045,2.702
1789278466,661983764,544.733,robot_2,1.420,-2.747
1789278466,662016343,544.733,robot_0,-1.131,1.438
1789278466,662055224,544.733,robot_1_carried_generic_box,-0.054,2.703
1789278466,662086958,544.733,robot_2_carried_generic_box,1.435,-2.712
1789278466,890423670,544.974,robot_1,-0.042,2.702
1789278466,903381159,544.974,robot_2,1.416,-2.757
1789278466,903439804,544.974,robot_0,-1.123,1.446
1789278466,903477200,544.974,robot_1_carried_generic_box,-0.051,2.703
1789278466,903506679,544.974,robot_2_carried_generic_box,1.423,-2.742
1789278467,159677078,545.230,robot_1,-0.041,2.702
1789278467,159763846,545.231,robot_2,1.411,-2.768
1789278467,159800903,545.231,robot_0,-1.112,1.457
1789278467,159843773,545.231,robot_1_carried_generic_box,-0.047,2.702
1789278467,159882956,545.231,robot_2_carried_generic_box,1.420,-2.747
1789278467,435537645,545.506,robot_1,-0.040,2.702
1789278467,435611924,545.506,robot_2,1.405,-2.783
1789278467,435648946,545.506,robot_0,-1.098,1.471
1789278467,435683097,545.506,robot_1_carried_generic_box,-0.042,2.702
1789278467,447772320,545.519,robot_2_carried_generic_box,1.414,-2.761
1789278467,679381070,545.753,robot_1,-0.035,2.701
1789278467,682502667,545.753,robot_2,1.401,-2.793
1789278467,682565053,545.753,robot_0,-1.093,1.476
1789278467,682607236,545.753,robot_1_carried_generic_box,-0.041,2.702
1789278467,682636014,545.753,robot_2_carried_generic_box,1.407,-2.778
1789278467,937565229,546.008,robot_1,-0.030,2.699
1789278467,937640740,546.008,robot_2,1.395,-2.807
1789278467,937677037,546.008,robot_0,-1.090,1.479
1789278467,937720019,546.008,robot_1_carried_generic_box,-0.040,2.702
1789278467,937754072,546.008,robot_2_carried_generic_box,1.403,-2.788
1789278468,152460888,546.223,robot_1,-0.024,2.698
1789278468,152531674,546.223,robot_2,1.392,-2.814
1789278468,152567863,546.223,robot_0,-1.090,1.479
1789278468,152605023,546.223,robot_1_carried_generic_box,-0.037,2.701
1789278468,152641792,546.223,robot_2_carried_generic_box,1.401,-2.793
1789278468,438162621,546.509,robot_1,-0.016,2.696
1789278468,440407000,546.511,robot_2,1.388,-2.823
1789278468,443582448,546.514,robot_0,-1.087,1.482
1789278468,443658951,546.514,robot_1_carried_generic_box,-0.027,2.699
1789278468,443693406,546.514,robot_2_carried_generic_box,1.397,-2.801
1789278468,723318200,546.794,robot_1,-0.015,2.696
1789278468,723408780,546.794,robot_2,1.384,-2.833
1789278468,723444315,546.794,robot_0,-1.085,1.484
1789278468,723483255,546.794,robot_1_carried_generic_box,-0.018,2.696
1789278468,723515499,546.794,robot_2_carried_generic_box,1.389,-2.820
1789278468,904508427,546.975,robot_1,-0.015,2.696
1789278468,904588504,546.975,robot_2,1.382,-2.839
1789278468,904623244,546.975,robot_0,-1.081,1.488
1789278468,904657297,546.975,robot_1_carried_generic_box,-0.015,2.696
1789278468,904688424,546.975,robot_2_carried_generic_box,1.387,-2.827
1789278469,123132919,547.194,robot_1,-0.011,2.695
1789278469,123217011,547.194,robot_2,1.379,-2.846
1789278469,123252597,547.194,robot_0,-1.073,1.498
1789278469,123298053,547.194,robot_1_carried_generic_box,-0.015,2.696
1789278469,123338138,547.194,robot_2_carried_generic_box,1.383,-2.835
1789278469,351507916,547.422,robot_1,-0.007,2.693
1789278469,351586753,547.422,robot_2,1.375,-2.856
1789278469,351620504,547.422,robot_0,-1.066,1.507
1789278469,351658780,547.422,robot_1_carried_generic_box,-0.015,2.696
1789278469,351693466,547.422,robot_2_carried_generic_box,1.381,-2.840
1789278469,634228689,547.705,robot_1,0.005,2.688
1789278469,634311714,547.705,robot_2,1.369,-2.872
1789278469,634344155,547.705,robot_0,-1.054,1.521
1789278469,634381754,547.705,robot_1_carried_generic_box,-0.011,2.695
1789278469,634414415,547.705,robot_2_carried_generic_box,1.380,-2.844
1789278469,873497692,547.944,robot_1,0.010,2.686
1789278469,873570743,547.944,robot_2,1.365,-2.883
1789278469,873603604,547.944,robot_0,-1.046,1.530
1789278469,873642000,547.944,robot_1_carried_generic_box,-0.009,2.694
1789278469,873673978,547.944,robot_2_carried_generic_box,1.375,-2.856
1789278470,90347513,548.161,robot_1,0.015,2.684
1789278470,90418863,548.161,robot_2,1.361,-2.894
1789278470,90453385,548.161,robot_0,-1.035,1.544
1789278470,90492415,548.161,robot_1_carried_generic_box,0.008,2.687
1789278470,90523895,548.161,robot_2_carried_generic_box,1.367,-2.878
1789278470,359460260,548.430,robot_1,0.025,2.679
1789278470,359534856,548.430,robot_2,1.359,-2.899
1789278470,359572933,548.430,robot_0,-1.025,1.555
1789278470,359614410,548.430,robot_1_carried_generic_box,0.011,2.686
1789278470,359649300,548.430,robot_2_carried_generic_box,1.362,-2.890
1789278470,566521827,548.637,robot_1,0.035,2.673
1789278470,566593812,548.637,robot_2,1.356,-2.907
1789278470,566631448,548.637,robot_0,-1.017,1.564
1789278470,566671615,548.637,robot_1_carried_generic_box,0.014,2.684
1789278470,566708192,548.637,robot_2_carried_generic_box,1.360,-2.895
1789278470,773776718,548.845,robot_1,0.045,2.668
1789278470,773859431,548.845,robot_2,1.352,-2.918
1789278470,773906745,548.849,robot_0,-1.011,1.572
1789278470,778044015,548.849,robot_1_carried_generic_box,0.022,2.680
1789278470,778118120,548.849,robot_2_carried_generic_box,1.359,-2.898
1789278470,993123394,549.064,robot_1,0.058,2.660
1789278470,993201289,549.064,robot_2,1.347,-2.932
1789278470,993241024,549.064,robot_0,-1.007,1.577
1789278470,993280723,549.064,robot_1_carried_generic_box,0.022,2.680
1789278470,993315345,549.064,robot_2_carried_generic_box,1.359,-2.898
1789278471,205518144,549.276,robot_1,0.076,2.650
1789278471,205594428,549.276,robot_2,1.341,-2.951
1789278471,205634260,549.276,robot_0,-1.006,1.579
1789278471,205672908,549.276,robot_1_carried_generic_box,0.033,2.675
1789278471,205707132,549.276,robot_2_carried_generic_box,1.349,-2.927
1789278471,408237922,549.479,robot_1,0.086,2.643
1789278471,408309036,549.482,robot_2,1.338,-2.960
1789278471,411067638,549.482,robot_0,-1.004,1.581
1789278471,411113742,549.482,robot_1_carried_generic_box,0.063,2.657
1789278471,411149658,549.482,robot_2_carried_generic_box,1.349,-2.927
1789278471,635645923,549.706,robot_1,0.099,2.635
1789278471,635736582,549.706,robot_2,1.333,-2.974
1789278471,635787229,549.707,robot_0,-1.004,1.581
1789278471,635833577,549.707,robot_1_carried_generic_box,0.076,2.650
1789278471,635877255,549.707,robot_2_carried_generic_box,1.343,-2.944
1789278471,936191782,550.007,robot_1,0.112,2.627
1789278471,936274365,550.007,robot_2,1.327,-2.991
1789278471,936312731,550.007,robot_0,-1.003,1.582
1789278471,936349526,550.007,robot_1_carried_generic_box,0.096,2.637
1789278471,936378005,550.007,robot_2_carried_generic_box,1.336,-2.966
1789278472,131316333,550.202,robot_1,0.118,2.624
1789278472,131382987,550.202,robot_2,1.323,-3.004
1789278472,131427433,550.202,robot_0,-1.001,1.586
1789278472,131471016,550.202,robot_1_carried_generic_box,0.101,2.634
1789278472,131505906,550.202,robot_2_carried_generic_box,1.333,-2.974
1789278472,340822408,550.412,robot_1,0.118,2.623
1789278472,340884838,550.412,robot_2,1.320,-3.010
1789278472,350648726,550.421,robot_0,-1.000,1.586
1789278472,350768939,550.422,robot_1_carried_generic_box,0.114,2.626
1789278472,350804665,550.422,robot_2_carried_generic_box,1.328,-2.988
1789278472,554215431,550.625,robot_1,0.118,2.623
1789278472,554289430,550.625,robot_2,1.319,-3.013
1789278472,554326894,550.625,robot_0,-1.000,1.586
1789278472,554365762,550.625,robot_1_carried_generic_box,0.117,2.624
1789278472,554396734,550.625,robot_2_carried_generic_box,1.323,-3.004
1789278472,789050155,550.860,robot_1,0.121,2.622
1789278472,789131613,550.860,robot_2,1.319,-3.013
1789278472,789170876,550.860,robot_0,-1.000,1.586
1789278472,789208356,550.860,robot_1_carried_generic_box,0.118,2.623
1789278472,789240167,550.860,robot_2_carried_generic_box,1.320,-3.011
1789278473,41482918,551.112,robot_1,0.125,2.619
1789278473,41550727,551.112,robot_2,1.319,-3.013
1789278473,41590983,551.112,robot_0,-1.000,1.587
1789278473,41631693,551.112,robot_1_carried_generic_box,0.119,2.623
1789278473,41661762,551.112,robot_2_carried_generic_box,1.319,-3.013
1789278473,272770437,551.344,robot_1,0.126,2.618
1789278473,272841157,551.344,robot_2,1.319,-3.014
1789278473,272887202,551.344,robot_0,-0.997,1.592
1789278473,272938831,551.344,robot_1_carried_generic_box,0.121,2.622
1789278473,272969619,551.344,robot_2_carried_generic_box,1.319,-3.013
1789278473,522266911,551.593,robot_1,0.126,2.619
1789278473,522339474,551.593,robot_2,1.318,-3.020
1789278473,522379757,551.593,robot_0,-0.996,1.593
1789278473,522420663,551.593,robot_1_carried_generic_box,0.126,2.618
1789278473,522452780,551.593,robot_2_carried_generic_box,1.319,-3.013
1789278473,738176255,551.809,robot_1,0.126,2.619
1789278473,738248666,551.809,robot_2,1.317,-3.021
1789278473,738287116,551.809,robot_0,-0.996,1.593
1789278473,738325783,551.809,robot_1_carried_generic_box,0.126,2.618
1789278473,738359656,551.809,robot_2_carried_generic_box,1.319,-3.016
1789278473,950711985,552.021,robot_1,0.126,2.619
1789278473,950782957,552.022,robot_2,1.317,-3.021
1789278473,950821643,552.022,robot_0,-0.996,1.593
1789278473,950859781,552.022,robot_1_carried_generic_box,0.126,2.618
1789278473,950890677,552.022,robot_2_carried_generic_box,1.317,-3.021
1789278474,169946657,552.241,robot_1,0.126,2.619
1789278474,170038566,552.241,robot_2,1.317,-3.021
1789278474,170087728,552.241,robot_0,-0.996,1.593
1789278474,170132761,552.241,robot_1_carried_generic_box,0.126,2.619
1789278474,170163844,552.241,robot_2_carried_generic_box,1.317,-3.021
1789278474,365467376,552.436,robot_1,0.126,2.619
1789278474,365544836,552.436,robot_2,1.317,-3.021
1789278474,365589451,552.436,robot_0,-0.996,1.594
1789278474,365627694,552.436,robot_1_carried_generic_box,0.126,2.619
1789278474,365658230,552.436,robot_2_carried_generic_box,1.317,-3.021
1789278474,587300335,552.658,robot_1,0.126,2.619
1789278474,587385197,552.658,robot_2,1.317,-3.021
1789278474,587431229,552.658,robot_0,-0.995,1.599
1789278474,587475026,552.658,robot_1_carried_generic_box,0.126,2.619
1789278474,587504661,552.658,robot_2_carried_generic_box,1.317,-3.021
1789278474,871509867,552.942,robot_1,0.126,2.619
1789278474,871581913,552.942,robot_2,1.317,-3.021
1789278474,871625068,552.942,robot_0,-0.993,1.607
1789278474,871672825,552.942,robot_1_carried_generic_box,0.126,2.619
1789278474,871711655,552.942,robot_2_carried_generic_box,1.317,-3.021
1789278475,88538566,553.189,robot_1,0.126,2.619
1789278475,118061027,553.189,robot_2,1.317,-3.021
1789278475,118134081,553.189,robot_0,-0.992,1.617
1789278475,118178242,553.189,robot_1_carried_generic_box,0.126,2.619
1789278475,136524977,553.207,robot_2_carried_generic_box,1.317,-3.021
1789278475,327707616,553.398,robot_1,0.127,2.618
1789278475,327777950,553.399,robot_2,1.317,-3.021
1789278475,327816362,553.399,robot_0,-0.992,1.625
1789278475,327855308,553.399,robot_1_carried_generic_box,0.126,2.619
1789278475,327886879,553.399,robot_2_carried_generic_box,1.317,-3.021
1789278475,565138584,553.636,robot_1,0.130,2.614
1789278475,565220287,553.636,robot_2,1.317,-3.021
1789278475,565265836,553.636,robot_0,-0.991,1.636
1789278475,565310246,553.636,robot_1_carried_generic_box,0.126,2.619
1789278475,565346053,553.636,robot_2_carried_generic_box,1.317,-3.021
1789278475,830657591,553.901,robot_1,0.136,2.604
1789278475,830723558,553.901,robot_2,1.317,-3.021
1789278475,830757794,553.902,robot_0,-0.990,1.648
1789278475,830796705,553.902,robot_1_carried_generic_box,0.127,2.618
1789278475,830823050,553.902,robot_2_carried_generic_box,1.317,-3.021
1789278476,50672381,554.121,robot_1,0.142,2.591
1789278476,50744277,554.121,robot_2,1.317,-3.021
1789278476,50781362,554.122,robot_0,-0.990,1.662
1789278476,50828609,554.122,robot_1_carried_generic_box,0.130,2.614
1789278476,50860410,554.122,robot_2_carried_generic_box,1.317,-3.021
1789278476,287703979,554.358,robot_1,0.150,2.575
1789278476,287788999,554.359,robot_2,1.317,-3.021
1789278476,287835231,554.359,robot_0,-0.991,1.680
1789278476,287882953,554.359,robot_1_carried_generic_box,0.140,2.596
1789278476,287916862,554.361,robot_2_carried_generic_box,1.317,-3.021
1789278476,550356713,554.621,robot_1,0.157,2.561
1789278476,550446055,554.621,robot_2,1.317,-3.021
1789278476,550491748,554.621,robot_0,-0.991,1.693
1789278476,550539474,554.621,robot_1_carried_generic_box,0.144,2.588
1789278476,550575414,554.621,robot_2_carried_generic_box,1.317,-3.021
1789278476,745753691,554.817,robot_1,0.163,2.549
1789278476,745827035,554.817,robot_2,1.316,-3.021
1789278476,745871665,554.817,robot_0,-0.992,1.704
1789278476,745918934,554.817,robot_1_carried_generic_box,0.149,2.578
1789278476,745951769,554.817,robot_2_carried_generic_box,1.317,-3.021
1789278477,2045108,555.073,robot_1,0.169,2.534
1789278477,2127333,555.073,robot_2,1.316,-3.021
1789278477,2169698,555.073,robot_0,-0.993,1.722
1789278477,2216281,555.073,robot_1_carried_generic_box,0.158,2.559
1789278477,2246114,555.073,robot_2_carried_generic_box,1.317,-3.021
1789278477,241662876,555.312,robot_1,0.171,2.529
1789278477,241725834,555.312,robot_2,1.316,-3.021
1789278477,241763733,555.313,robot_0,-0.994,1.733
1789278477,241802797,555.313,robot_1_carried_generic_box,0.163,2.549
1789278477,241840049,555.313,robot_2_carried_generic_box,1.316,-3.021
1789278477,472080079,555.543,robot_1,0.172,2.526
1789278477,472152795,555.543,robot_2,1.316,-3.022
1789278477,472195121,555.543,robot_0,-0.995,1.742
1789278477,472240014,555.543,robot_1_carried_generic_box,0.167,2.538
1789278477,472267942,555.543,robot_2_carried_generic_box,1.316,-3.021
1789278477,714673351,555.785,robot_1,0.174,2.521
1789278477,714754018,555.786,robot_2,1.316,-3.022
1789278477,714799511,555.786,robot_0,-0.997,1.757
1789278477,714839534,555.786,robot_1_carried_generic_box,0.170,2.533
1789278477,714867265,555.786,robot_2_carried_generic_box,1.316,-3.021
1789278477,969545020,556.040,robot_1,0.175,2.520
1789278477,969612241,556.040,robot_2,1.316,-3.022
1789278477,969649577,556.040,robot_0,-0.999,1.772
1789278477,969687918,556.040,robot_1_carried_generic_box,0.173,2.524
1789278477,969716061,556.040,robot_2_carried_generic_box,1.316,-3.022
1789278478,217748367,556.289,robot_1,0.175,2.520
1789278478,217812769,556.302,robot_2,1.318,-3.026
1789278478,231109410,556.302,robot_0,-1.000,1.783
1789278478,231160364,556.302,robot_1_carried_generic_box,0.175,2.520
1789278478,231195069,556.302,robot_2_carried_generic_box,1.316,-3.022
1789278478,436518721,556.507,robot_1,0.176,2.517
1789278478,436581953,556.507,robot_2,1.320,-3.030
1789278478,436615243,556.507,robot_0,-1.002,1.799
1789278478,436651978,556.507,robot_1_carried_generic_box,0.175,2.520
1789278478,436676945,556.507,robot_2_carried_generic_box,1.316,-3.022
1789278478,704639431,556.775,robot_1,0.178,2.507
1789278478,704709648,556.775,robot_2,1.318,-3.027
1789278478,704755907,556.776,robot_0,-1.003,1.808
1789278478,704794713,556.776,robot_1_carried_generic_box,0.175,2.520
1789278478,704824471,556.776,robot_2_carried_generic_box,1.320,-3.029
1789278478,929591943,557.000,robot_1,0.182,2.490
1789278478,929666791,557.000,robot_2,1.312,-3.018
1789278478,929707015,557.000,robot_0,-1.005,1.824
1789278478,929746112,557.000,robot_1_carried_generic_box,0.177,2.514
1789278478,929776813,557.001,robot_2_carried_generic_box,1.320,-3.030
1789278479,140536815,557.211,robot_1,0.185,2.479
1789278479,140612329,557.211,robot_2,1.308,-3.011
1789278479,140657051,557.211,robot_0,-1.007,1.836
1789278479,140703222,557.211,robot_1_carried_generic_box,0.179,2.505
1789278479,140735261,557.211,robot_2_carried_generic_box,1.318,-3.026
1789278479,393190347,557.464,robot_1,0.188,2.464
1789278479,393260481,557.464,robot_2,1.305,-3.007
1789278479,393301990,557.464,robot_0,-1.009,1.850
1789278479,393343998,557.464,robot_1_carried_generic_box,0.181,2.496
1789278479,393371498,557.464,robot_2_carried_generic_box,1.312,-3.018
1789278479,616449671,557.687,robot_1,0.191,2.450
1789278479,616517520,557.687,robot_2,1.305,-3.007
1789278479,616563606,557.687,robot_0,-1.010,1.857
1789278479,616608912,557.687,robot_1_carried_generic_box,0.185,2.479
1789278479,616635384,557.687,robot_2_carried_generic_box,1.306,-3.009
1789278479,838639191,557.909,robot_1,0.192,2.442
1789278479,838714321,557.909,robot_2,1.305,-3.007
1789278479,838753892,557.909,robot_0,-1.010,1.859
1789278479,838792487,557.910,robot_1_carried_generic_box,0.189,2.458
1789278479,838822013,557.910,robot_2_carried_generic_box,1.305,-3.007
1789278480,55506950,558.126,robot_1,0.194,2.434
1789278480,55581762,558.138,robot_2,1.305,-3.007
1789278480,67278206,558.138,robot_0,-1.011,1.862
1789278480,67351012,558.138,robot_1_carried_generic_box,0.191,2.450
1789278480,67390350,558.138,robot_2_carried_generic_box,1.305,-3.007
1789278480,315914574,558.387,robot_1,0.196,2.422
1789278480,315994556,558.387,robot_2,1.305,-3.007
1789278480,316033548,558.387,robot_0,-1.013,1.875
1789278480,316075088,558.387,robot_1_carried_generic_box,0.192,2.442
1789278480,316101710,558.387,robot_2_carried_generic_box,1.305,-3.007
1789278480,519690238,558.590,robot_1,0.198,2.412
1789278480,519766454,558.591,robot_2,1.304,-3.007
1789278480,519816248,558.591,robot_0,-1.015,1.890
1789278480,519867417,558.591,robot_1_carried_generic_box,0.194,2.432
1789278480,519903488,558.591,robot_2_carried_generic_box,1.305,-3.007
1789278480,752148089,558.823,robot_1,0.199,2.404
1789278480,752223725,558.823,robot_2,1.304,-3.007
1789278480,752263224,558.823,robot_0,-1.017,1.900
1789278480,752308206,558.823,robot_1_carried_generic_box,0.196,2.422
1789278480,752340076,558.823,robot_2_carried_generic_box,1.305,-3.007
1789278480,978245916,559.049,robot_1,0.202,2.389
1789278480,988585702,559.059,robot_2,1.304,-3.007
1789278480,988689506,559.059,robot_0,-1.018,1.907
1789278480,988739666,559.061,robot_1_carried_generic_box,0.198,2.414
1789278480,990414272,559.061,robot_2_carried_generic_box,1.304,-3.007
1789278481,262752656,559.334,robot_1,0.204,2.374
1789278481,262823556,559.334,robot_2,1.304,-3.007
1789278481,262866655,559.334,robot_0,-1.020,1.916
1789278481,262914062,559.353,robot_1_carried_generic_box,0.199,2.406
1789278481,282059960,559.353,robot_2_carried_generic_box,1.304,-3.007
1789278481,525518062,559.596,robot_1,0.206,2.364
1789278481,525591846,559.596,robot_2,1.304,-3.007
1789278481,525630717,559.596,robot_0,-1.021,1.924
1789278481,525669682,559.596,robot_1_carried_generic_box,0.203,2.383
1789278481,525693953,559.596,robot_2_carried_generic_box,1.304,-3.007
1789278481,797756470,559.869,robot_1,0.208,2.350
1789278481,797881462,559.869,robot_2,1.304,-3.007
1789278481,797933266,559.869,robot_0,-1.024,1.941
1789278481,797978185,559.869,robot_1_carried_generic_box,0.204,2.372
1789278481,798009302,559.869,robot_2_carried_generic_box,1.304,-3.007
1789278482,22025120,560.093,robot_1,0.209,2.340
1789278482,22116827,560.093,robot_2,1.304,-3.007
1789278482,22159017,560.093,robot_0,-1.026,1.950
1789278482,22202178,560.093,robot_1_carried_generic_box,0.207,2.356
1789278482,22232284,560.093,robot_2_carried_generic_box,1.304,-3.007
1789278482,283815956,560.355,robot_1,0.211,2.330
1789278482,283898399,560.355,robot_2,1.304,-3.007
1789278482,283949423,560.355,robot_0,-1.029,1.961
1789278482,283991757,560.355,robot_1_carried_generic_box,0.208,2.346
1789278482,284024910,560.355,robot_2_carried_generic_box,1.304,-3.007
1789278482,486481186,560.557,robot_1,0.211,2.324
1789278482,486549932,560.557,robot_2,1.304,-3.007
1789278482,486586493,560.557,robot_0,-1.031,1.970
1789278482,486627109,560.557,robot_1_carried_generic_box,0.209,2.338
1789278482,486659232,560.557,robot_2_carried_generic_box,1.304,-3.007
1789278482,732658255,560.803,robot_1,0.213,2.313
1789278482,733346424,560.804,robot_2,1.304,-3.007
1789278482,733409993,560.804,robot_0,-1.034,1.985
1789278482,733450738,560.804,robot_1_carried_generic_box,0.210,2.332
1789278482,733991133,560.805,robot_2_carried_generic_box,1.304,-3.007
1789278482,964789872,561.036,robot_1,0.214,2.304
1789278482,964867855,561.036,robot_2,1.304,-3.007
1789278482,964913714,561.036,robot_0,-1.036,1.996
1789278482,964960139,561.036,robot_1_carried_generic_box,0.211,2.326
1789278482,964990117,561.036,robot_2_carried_generic_box,1.304,-3.007
1789278483,197755545,561.269,robot_1,0.217,2.287
1789278483,197820101,561.269,robot_2,1.304,-3.007
1789278483,197852505,561.269,robot_0,-1.038,2.006
1789278483,197889573,561.269,robot_1_carried_generic_box,0.214,2.308
1789278483,197918555,561.269,robot_2_carried_generic_box,1.304,-3.007
1789278483,483826416,561.555,robot_1,0.219,2.269
1789278483,483898950,561.555,robot_2,1.304,-3.008
1789278483,483944239,561.555,robot_0,-1.041,2.020
1789278483,483982167,561.555,robot_1_carried_generic_box,0.215,2.296
1789278483,484012852,561.555,robot_2_carried_generic_box,1.304,-3.007
1789278483,731568825,561.802,robot_1,0.221,2.254
1789278483,731662105,561.802,robot_2,1.304,-3.008
1789278483,731705165,561.802,robot_0,-1.045,2.034
1789278483,731747543,561.802,robot_1_carried_generic_box,0.218,2.278
1789278483,731776510,561.803,robot_2_carried_generic_box,1.304,-3.008
1789278483,926918617,561.998,robot_1,0.222,2.248
1789278483,927005809,561.998,robot_2,1.304,-3.008
1789278483,927050883,561.998,robot_0,-1.046,2.041
1789278483,927098859,561.998,robot_1_carried_generic_box,0.219,2.266
1789278483,927139634,561.998,robot_2_carried_generic_box,1.304,-3.008
1789278484,191291666,562.262,robot_1,0.224,2.234
1789278484,191366201,562.262,robot_2,1.304,-3.008
1789278484,191409939,562.262,robot_0,-1.050,2.058
1789278484,191456202,562.262,robot_1_carried_generic_box,0.221,2.257
1789278484,191498805,562.262,robot_2_carried_generic_box,1.304,-3.008
1789278484,432011154,562.503,robot_1,0.225,2.222
1789278484,451015094,562.522,robot_2,1.304,-3.008
1789278484,451094694,562.522,robot_0,-1.054,2.075
1789278484,454095785,562.525,robot_1_carried_generic_box,0.223,2.242
1789278484,454200900,562.525,robot_2_carried_generic_box,1.304,-3.008
1789278484,637538094,562.708,robot_1,0.227,2.211
1789278484,637618981,562.715,robot_2,1.304,-3.008
1789278484,656378911,562.727,robot_0,-1.057,2.087
1789278484,656517076,562.727,robot_1_carried_generic_box,0.224,2.232
1789278484,656570164,562.727,robot_2_carried_generic_box,1.304,-3.008
1789278484,890335209,562.961,robot_1,0.229,2.196
1789278484,890401357,562.961,robot_2,1.304,-3.008
1789278484,890436224,562.961,robot_0,-1.060,2.101
1789278484,890479154,562.961,robot_1_carried_generic_box,0.225,2.226
1789278484,890513940,562.961,robot_2_carried_generic_box,1.304,-3.008
1789278485,97069933,563.168,robot_1,0.231,2.184
1789278485,97143074,563.168,robot_2,1.304,-3.008
1789278485,97194291,563.168,robot_0,-1.063,2.110
1789278485,97243960,563.168,robot_1_carried_generic_box,0.226,2.216
1789278485,97285323,563.168,robot_2_carried_generic_box,1.304,-3.008
1789278485,361914597,563.447,robot_1,0.233,2.170
1789278485,376055515,563.447,robot_2,1.304,-3.008
1789278485,376107673,563.447,robot_0,-1.066,2.126
1789278485,376151425,563.447,robot_1_carried_generic_box,0.230,2.190
1789278485,376181068,563.447,robot_2_carried_generic_box,1.304,-3.008
1789278485,643234404,563.714,robot_1,0.234,2.159
1789278485,643352045,563.714,robot_2,1.305,-3.008
1789278485,643389746,563.714,robot_0,-1.071,2.143
1789278485,643430114,563.714,robot_1_carried_generic_box,0.231,2.181
1789278485,643463728,563.714,robot_2_carried_generic_box,1.304,-3.008
1789278485,838330023,563.909,robot_1,0.235,2.149
1789278485,838410152,563.909,robot_2,1.310,-3.007
1789278485,838447632,563.909,robot_0,-1.073,2.154
1789278485,838485785,563.909,robot_1_carried_generic_box,0.232,2.172
1789278485,838514271,563.909,robot_2_carried_generic_box,1.304,-3.008
1789278486,64150305,564.135,robot_1,0.237,2.134
1789278486,64213844,564.135,robot_2,1.327,-3.004
1789278486,64246659,564.135,robot_0,-1.077,2.170
1789278486,64285508,564.135,robot_1_carried_generic_box,0.235,2.149
1789278486,64314587,564.135,robot_2_carried_generic_box,1.309,-3.008
1789278486,319514600,564.390,robot_1,0.239,2.120
1789278486,319593666,564.390,robot_2,1.341,-3.001
1789278486,321302485,564.392,robot_0,-1.079,2.176
1789278486,321412669,564.392,robot_1_carried_generic_box,0.235,2.149
1789278486,321452043,564.392,robot_2_carried_generic_box,1.312,-3.007
1789278486,548060843,564.619,robot_1,0.241,2.102
1789278486,548134037,564.619,robot_2,1.359,-2.996
1789278486,548176992,564.619,robot_0,-1.081,2.185
1789278486,548222368,564.619,robot_1_carried_generic_box,0.238,2.126
1789278486,548261623,564.619,robot_2_carried_generic_box,1.333,-3.003
1789278486,777454717,564.848,robot_1,0.243,2.088
1789278486,777520906,564.848,robot_2,1.373,-2.992
1789278486,777550828,564.848,robot_0,-1.085,2.199
1789278486,777593073,564.848,robot_1_carried_generic_box,0.239,2.120
1789278486,777624323,564.848,robot_2_carried_generic_box,1.341,-3.001
1789278487,35818171,565.107,robot_1,0.244,2.078
1789278487,35895723,565.107,robot_2,1.387,-2.988
1789278487,46123723,565.117,robot_0,-1.088,2.211
1789278487,46224309,565.117,robot_1_carried_generic_box,0.242,2.094
1789278487,46267461,565.117,robot_2_carried_generic_box,1.365,-2.995
1789278487,318866913,565.390,robot_1,0.246,2.064
1789278487,318943707,565.390,robot_2,1.396,-2.986
1789278487,318974993,565.390,robot_0,-1.090,2.218
1789278487,319013435,565.390,robot_1_carried_generic_box,0.244,2.084
1789278487,319049173,565.390,robot_2_carried_generic_box,1.376,-2.991
1789278487,573781301,565.645,robot_1,0.248,2.052
1789278487,573851582,565.645,robot_2,1.398,-2.985
1789278487,573882523,565.645,robot_0,-1.091,2.222
1789278487,573927417,565.645,robot_1_carried_generic_box,0.245,2.070
1789278487,573961027,565.645,robot_2_carried_generic_box,1.393,-2.987
1789278487,821119989,565.892,robot_1,0.249,2.040
1789278487,821192292,565.892,robot_2,1.402,-2.984
1789278487,843682272,565.914,robot_0,-1.093,2.229
1789278487,843784424,565.915,robot_1_carried_generic_box,0.247,2.056
1789278487,843831768,565.915,robot_2_carried_generic_box,1.397,-2.985
1789278488,26699283,566.097,robot_1,0.250,2.032
1789278488,56564115,566.127,robot_2,1.408,-2.982
1789278488,56645204,566.127,robot_0,-1.093,2.229
1789278488,56690184,566.127,robot_1_carried_generic_box,0.248,2.048
1789278488,56730128,566.127,robot_2_carried_generic_box,1.398,-2.985
1789278488,273793900,566.345,robot_1,0.251,2.021
1789278488,273879665,566.345,robot_2,1.419,-2.978
1789278488,273927758,566.345,robot_0,-1.094,2.230
1789278488,273968603,566.345,robot_1_carried_generic_box,0.249,2.042
1789278488,273999997,566.345,robot_2_carried_generic_box,1.399,-2.985
1789278488,495448973,566.566,robot_1,0.253,2.006
1789278488,495522092,566.566,robot_2,1.433,-2.973
1789278488,495559304,566.566,robot_0,-1.096,2.237
1789278488,495604969,566.566,robot_1_carried_generic_box,0.251,2.027
1789278488,502019907,566.576,robot_2_carried_generic_box,1.405,-2.983
1789278488,738428695,566.809,robot_1,0.255,1.985
1789278488,738499744,566.809,robot_2,1.453,-2.966
1789278488,738537315,566.809,robot_0,-1.101,2.250
1789278488,738581278,566.809,robot_1_carried_generic_box,0.252,2.015
1789278488,795595765,566.866,robot_2_carried_generic_box,1.428,-2.975
1789278489,15972093,567.087,robot_1,0.257,1.975
1789278489,16055664,567.087,robot_2,1.464,-2.962
1789278489,16092470,567.087,robot_0,-1.102,2.254
1789278489,16136740,567.087,robot_1_carried_generic_box,0.254,1.997
1789278489,16175385,567.087,robot_2_carried_generic_box,1.439,-2.971
1789278489,221879008,567.293,robot_1,0.258,1.965
1789278489,221961467,567.293,robot_2,1.478,-2.957
1789278489,240085265,567.311,robot_0,-1.106,2.263
1789278489,240185782,567.311,robot_1_carried_generic_box,0.254,1.997
1789278489,240228120,567.311,robot_2_carried_generic_box,1.450,-2.967
1789278489,467451926,567.538,robot_1,0.260,1.948
1789278489,467524444,567.538,robot_2,1.498,-2.950
1789278489,467563398,567.538,robot_0,-1.114,2.282
1789278489,467611641,567.538,robot_1_carried_generic_box,0.257,1.973
1789278489,467652145,567.538,robot_2_carried_generic_box,1.470,-2.960
1789278489,758675418,567.829,robot_1,0.261,1.936
1789278489,758747474,567.829,robot_2,1.509,-2.946
1789278489,758784026,567.830,robot_0,-1.118,2.293
1789278489,758828685,567.830,robot_1_carried_generic_box,0.258,1.961
1789278489,758867110,567.830,robot_2_carried_generic_box,1.487,-2.954
1789278489,986588527,568.057,robot_1,0.262,1.924
1789278489,986671981,568.057,robot_2,1.518,-2.942
1789278489,986711601,568.057,robot_0,-1.123,2.304
1789278489,986759066,568.058,robot_1_carried_generic_box,0.259,1.951
1789278489,986801561,568.058,robot_2_carried_generic_box,1.495,-2.951
1789278490,279503100,568.350,robot_1,0.264,1.909
1789278490,279585122,568.350,robot_2,1.527,-2.939
1789278490,279627321,568.350,robot_0,-1.129,2.318
1789278490,279680727,568.350,robot_1_carried_generic_box,0.262,1.927
1789278490,279724014,568.350,robot_2_carried_generic_box,1.504,-2.948
1789278490,488606445,568.559,robot_1,0.265,1.900
1789278490,488698305,568.559,robot_2,1.535,-2.936
1789278490,488741760,568.559,robot_0,-1.132,2.326
1789278490,488793021,568.560,robot_1_carried_generic_box,0.262,1.924
1789278490,488834876,568.560,robot_2_carried_generic_box,1.518,-2.942
1789278490,719425940,568.790,robot_1,0.267,1.885
1789278490,719510196,568.791,robot_2,1.548,-2.931
1789278490,720440285,568.793,robot_0,-1.137,2.339
1789278490,724574670,568.795,robot_1_carried_generic_box,0.264,1.909
1789278490,724689913,568.795,robot_2_carried_generic_box,1.523,-2.941
1789278490,970441398,569.041,robot_1,0.269,1.867
1789278490,970519708,569.041,robot_2,1.557,-2.928
1789278490,970556763,569.041,robot_0,-1.141,2.347
1789278490,970595011,569.041,robot_1_carried_generic_box,0.266,1.888
1789278490,970624458,569.041,robot_2_carried_generic_box,1.532,-2.937
1789278491,192314276,569.263,robot_1,0.270,1.854
1789278491,192382778,569.263,robot_2,1.563,-2.926
1789278491,192415972,569.263,robot_0,-1.142,2.350
1789278491,192456163,569.263,robot_1_carried_generic_box,0.267,1.879
1789278491,192484087,569.263,robot_2_carried_generic_box,1.552,-2.930
1789278491,395581562,569.466,robot_1,0.271,1.844
1789278491,395655445,569.466,robot_2,1.575,-2.921
1789278491,395689922,569.466,robot_0,-1.145,2.357
1789278491,395728337,569.466,robot_1_carried_generic_box,0.269,1.861
1789278491,395759046,569.467,robot_2_carried_generic_box,1.552,-2.930
1789278491,664565750,569.735,robot_1,0.274,1.825
1789278491,664637581,569.735,robot_2,1.594,-2.914
1789278491,664673056,569.735,robot_0,-1.151,2.370
1789278491,664711079,569.735,robot_1_carried_generic_box,0.271,1.848
1789278491,664744975,569.735,robot_2_carried_generic_box,1.569,-2.923
1789278491,944910957,570.016,robot_1,0.275,1.810
1789278491,945007994,570.016,robot_2,1.606,-2.909
1789278491,945053351,570.016,robot_0,-1.157,2.382
1789278491,945091275,570.016,robot_1_carried_generic_box,0.272,1.840
1789278491,945126527,570.016,robot_2_carried_generic_box,1.583,-2.918
1789278492,174532666,570.245,robot_1,0.277,1.799
1789278492,174636766,570.245,robot_2,1.611,-2.907
1789278492,174678760,570.245,robot_0,-1.162,2.393
1789278492,174716151,570.245,robot_1_carried_generic_box,0.273,1.828
1789278492,174747770,570.245,robot_2_carried_generic_box,1.594,-2.914
1789278492,389883268,570.461,robot_1,0.278,1.787
1789278492,430154053,570.501,robot_2,1.613,-2.906
1789278492,430239683,570.501,robot_0,-1.170,2.409
1789278492,430287530,570.501,robot_1_carried_generic_box,0.276,1.808
1789278492,430327009,570.501,robot_2_carried_generic_box,1.604,-2.910
1789278492,633573313,570.704,robot_1,0.279,1.777
1789278492,633684170,570.704,robot_2,1.614,-2.906
1789278492,633758695,570.705,robot_0,-1.175,2.421
1789278492,633832863,570.705,robot_1_carried_generic_box,0.277,1.795
1789278492,633877614,570.705,robot_2_carried_generic_box,1.609,-2.908
1789278492,872078652,570.943,robot_1,0.281,1.766
1789278492,877206612,570.948,robot_2,1.621,-2.903
1789278492,877290907,570.948,robot_0,-1.178,2.426
1789278492,877334728,570.948,robot_1_carried_generic_box,0.279,1.783
1789278492,877372108,570.948,robot_2_carried_generic_box,1.613,-2.906
1789278493,95726607,571.166,robot_1,0.283,1.748
1789278493,95814501,571.167,robot_2,1.635,-2.896
1789278493,95849224,571.167,robot_0,-1.181,2.432
1789278493,95887778,571.167,robot_1_carried_generic_box,0.279,1.783
1789278493,95930162,571.167,robot_2_carried_generic_box,1.614,-2.906
1789278493,350506288,571.421,robot_1,0.284,1.735
1789278493,350571031,571.421,robot_2,1.646,-2.891
1789278493,350605300,571.421,robot_0,-1.184,2.439
1789278493,350643482,571.421,robot_1_carried_generic_box,0.281,1.760
1789278493,350678730,571.421,robot_2_carried_generic_box,1.633,-2.897
1789278493,569717175,571.640,robot_1,0.285,1.728
1789278493,569798069,571.641,robot_2,1.650,-2.889
1789278493,569841482,571.641,robot_0,-1.187,2.445
1789278493,569881709,571.641,robot_1_carried_generic_box,0.282,1.751
1789278493,569919081,571.641,robot_2_carried_generic_box,1.633,-2.897
1789278493,816414864,571.887,robot_1,0.287,1.718
1789278493,816479701,571.887,robot_2,1.656,-2.886
1789278493,816514797,571.887,robot_0,-1.192,2.454
1789278493,816552117,571.887,robot_1_carried_generic_box,0.284,1.735
1789278493,816584714,571.887,robot_2_carried_generic_box,1.649,-2.889
1789278494,27211565,572.098,robot_1,0.288,1.704
1789278494,27280735,572.098,robot_2,1.668,-2.879
1789278494,27320159,572.098,robot_0,-1.195,2.460
1789278494,27359949,572.098,robot_1_carried_generic_box,0.285,1.728
1789278494,27393046,572.098,robot_2_carried_generic_box,1.651,-2.888
1789278494,288455888,572.359,robot_1,0.290,1.690
1789278494,288538169,572.359,robot_2,1.683,-2.872
1789278494,288578762,572.359,robot_0,-1.202,2.473
1789278494,288612106,572.359,robot_1_carried_generic_box,0.288,1.710
1789278494,288646337,572.359,robot_2_carried_generic_box,1.663,-2.882
1789278494,539893285,572.611,robot_1,0.292,1.680
1789278494,540427526,572.611,robot_2,1.689,-2.869
1789278494,540497878,572.611,robot_0,-1.207,2.483
1789278494,540545238,572.611,robot_1_carried_generic_box,0.288,1.710
1789278494,540585886,572.611,robot_2_carried_generic_box,1.674,-2.877
1789278494,748578790,572.819,robot_1,0.293,1.669
1789278494,748652714,572.819,robot_2,1.691,-2.867
1789278494,748696622,572.819,robot_0,-1.213,2.492
1789278494,748740977,572.819,robot_1_carried_generic_box,0.290,1.696
1789278494,748779089,572.820,robot_2_carried_generic_box,1.683,-2.872
1789278494,960650616,573.031,robot_1,0.296,1.651
1789278494,960718562,573.031,robot_2,1.692,-2.867
1789278494,960757774,573.032,robot_0,-1.217,2.500
1789278494,960800172,573.032,robot_1_carried_generic_box,0.292,1.674
1789278494,960838699,573.032,robot_2_carried_generic_box,1.690,-2.868
1789278495,255863748,573.327,robot_1,0.298,1.636
1789278495,255946939,573.327,robot_2,1.699,-2.863
1789278495,255983255,573.327,robot_0,-1.220,2.506
1789278495,256019317,573.327,robot_1_carried_generic_box,0.294,1.666
1789278495,256053134,573.327,robot_2_carried_generic_box,1.691,-2.867
1789278495,456808847,573.528,robot_1,0.300,1.620
1789278495,456884818,573.528,robot_2,1.715,-2.853
1789278495,468436977,573.539,robot_0,-1.230,2.523
1789278495,468534436,573.539,robot_1_carried_generic_box,0.297,1.639
1789278495,468576804,573.539,robot_2_carried_generic_box,1.692,-2.867
1789278495,675118064,573.746,robot_1,0.302,1.605
1789278495,675200637,573.746,robot_2,1.728,-2.845
1789278495,675243805,573.746,robot_0,-1.236,2.534
1789278495,675283831,573.746,robot_1_carried_generic_box,0.298,1.629
1789278495,675313135,573.746,robot_2_carried_generic_box,1.701,-2.862
1789278495,906491046,573.977,robot_1,0.303,1.596
1789278495,906561539,573.977,robot_2,1.738,-2.839
1789278495,906601554,573.977,robot_0,-1.240,2.541
1789278495,906639431,573.977,robot_1_carried_generic_box,0.300,1.617
1789278495,906672609,573.977,robot_2_carried_generic_box,1.720,-2.850
1789278496,148524172,574.219,robot_1,0.304,1.587
1789278496,148595655,574.219,robot_2,1.748,-2.833
1789278496,148635015,574.229,robot_0,-1.246,2.551
1789278496,157982124,574.229,robot_1_carried_generic_box,0.302,1.605
1789278496,158054329,574.229,robot_2_carried_generic_box,1.728,-2.845
1789278496,401573617,574.472,robot_1,0.306,1.572
1789278496,401636922,574.472,robot_2,1.759,-2.826
1789278496,401672147,574.472,robot_0,-1.251,2.558
1789278496,401709837,574.472,robot_1_carried_generic_box,0.303,1.596
1789278496,401742176,574.472,robot_2_carried_generic_box,1.741,-2.837
1789278496,659664452,574.730,robot_1,0.309,1.555
1789278496,659751310,574.731,robot_2,1.773,-2.818
1789278496,659795102,574.731,robot_0,-1.254,2.564
1789278496,659841402,574.731,robot_1_carried_generic_box,0.305,1.584
1789278496,659874234,574.731,robot_2_carried_generic_box,1.752,-2.831
1789278496,901505613,574.972,robot_1,0.311,1.540
1789278496,901576948,574.972,robot_2,1.778,-2.815
1789278496,906298414,574.977,robot_0,-1.260,2.573
1789278496,906526206,574.977,robot_1_carried_generic_box,0.307,1.569
1789278496,906569469,574.977,robot_2_carried_generic_box,1.762,-2.825
1789278497,134632121,575.205,robot_1,0.312,1.530
1789278497,134701205,575.205,robot_2,1.782,-2.812
1789278497,134741295,575.205,robot_0,-1.267,2.584
1789278497,134780764,575.206,robot_1_carried_generic_box,0.309,1.555
1789278497,134812768,575.206,robot_2_carried_generic_box,1.774,-2.817
1789278497,378360255,575.449,robot_1,0.313,1.522
1789278497,378431160,575.449,robot_2,1.788,-2.808
1789278497,378471422,575.449,robot_0,-1.272,2.593
1789278497,378508932,575.449,robot_1_carried_generic_box,0.311,1.536
1789278497,378538615,575.449,robot_2_carried_generic_box,1.779,-2.814
1789278497,590169050,575.661,robot_1,0.315,1.510
1789278497,590236010,575.661,robot_2,1.796,-2.803
1789278497,590275131,575.661,robot_0,-1.278,2.603
1789278497,590524992,575.661,robot_1_carried_generic_box,0.312,1.532
1789278497,590563687,575.661,robot_2_carried_generic_box,1.784,-2.811
1789278497,826527866,575.897,robot_1,0.316,1.502
1789278497,826599173,575.897,robot_2,1.800,-2.800
1789278497,826638986,575.897,robot_0,-1.284,2.612
1789278497,826678408,575.897,robot_1_carried_generic_box,0.314,1.518
1789278497,826710311,575.897,robot_2_carried_generic_box,1.788,-2.808
1789278498,26835413,576.110,robot_1,0.317,1.490
1789278498,39302178,576.110,robot_2,1.807,-2.796
1789278498,39356397,576.110,robot_0,-1.293,2.625
1789278498,39394543,576.110,robot_1_carried_generic_box,0.315,1.510
1789278498,39422970,576.110,robot_2_carried_generic_box,1.793,-2.806
1789278498,248153165,576.319,robot_1,0.319,1.475
1789278498,248228458,576.319,robot_2,1.819,-2.787
1789278498,248267451,576.322,robot_0,-1.301,2.637
1789278498,251383820,576.322,robot_1_carried_generic_box,0.316,1.502
1789278498,251433085,576.322,robot_2_carried_generic_box,1.803,-2.799
1789278498,455806200,576.527,robot_1,0.321,1.463
1789278498,477509661,576.548,robot_2,1.829,-2.781
1789278498,477614537,576.548,robot_0,-1.307,2.647
1789278498,477660887,576.548,robot_1_carried_generic_box,0.318,1.487
1789278498,477692259,576.548,robot_2_carried_generic_box,1.810,-2.794
1789278498,700657097,576.771,robot_1,0.323,1.450
1789278498,700726577,576.771,robot_2,1.844,-2.770
1789278498,700768258,576.772,robot_0,-1.313,2.657
1789278498,700812033,576.772,robot_1_carried_generic_box,0.319,1.475
1789278498,700839841,576.772,robot_2_carried_generic_box,1.819,-2.787
1789278498,908260164,576.979,robot_1,0.324,1.440
1789278498,911679108,576.982,robot_2,1.854,-2.763
1789278498,911755366,576.983,robot_0,-1.315,2.659
1789278498,911802482,576.983,robot_1_carried_generic_box,0.321,1.463
1789278498,911833858,576.983,robot_2_carried_generic_box,1.831,-2.779
1789278499,190183187,577.261,robot_1,0.326,1.424
1789278499,190257981,577.261,robot_2,1.871,-2.751
1789278499,190305318,577.261,robot_0,-1.317,2.662
1789278499,190353632,577.261,robot_1_carried_generic_box,0.323,1.450
1789278499,190385928,577.261,robot_2_carried_generic_box,1.851,-2.765
1789278499,417692762,577.488,robot_1,0.327,1.414
1789278499,417761287,577.489,robot_2,1.883,-2.743
1789278499,417800701,577.489,robot_0,-1.322,2.669
1789278499,417843408,577.489,robot_1_carried_generic_box,0.324,1.438
1789278499,417875510,577.489,robot_2_carried_generic_box,1.851,-2.765
1789278499,681512043,577.752,robot_1,0.328,1.407
1789278499,681595384,577.752,robot_2,1.888,-2.740
1789278499,681637826,577.752,robot_0,-1.324,2.672
1789278499,681681816,577.752,robot_1_carried_generic_box,0.326,1.426
1789278499,686263798,577.757,robot_2_carried_generic_box,1.871,-2.751
1789278499,918246645,577.989,robot_1,0.331,1.389
1789278499,918323161,577.989,robot_2,1.898,-2.733
1789278499,918362207,577.989,robot_0,-1.331,2.682
1789278499,918403467,577.989,robot_1_carried_generic_box,0.327,1.414
1789278499,918430519,577.989,robot_2_carried_generic_box,1.878,-2.746
1789278500,184121166,578.255,robot_1,0.334,1.368
1789278500,184386954,578.255,robot_2,1.915,-2.720
1789278500,184444926,578.255,robot_0,-1.344,2.699
1789278500,184498300,578.255,robot_1_carried_generic_box,0.330,1.398
1789278500,184533299,578.255,robot_2_carried_generic_box,1.892,-2.737
1789278500,426679068,578.497,robot_1,0.336,1.350
1789278500,426785134,578.498,robot_2,1.932,-2.708
1789278500,426836183,578.498,robot_0,-1.356,2.716
1789278500,426886695,578.498,robot_1_carried_generic_box,0.332,1.380
1789278500,426928126,578.498,robot_2_carried_generic_box,1.898,-2.733
1789278500,644320231,578.715,robot_1,0.337,1.340
1789278500,644416832,578.715,robot_2,1.944,-2.699
1789278500,644469193,578.715,robot_0,-1.363,2.725
1789278500,644514222,578.715,robot_1_carried_generic_box,0.334,1.362
1789278500,644551791,578.715,robot_2_carried_generic_box,1.922,-2.715
1789278500,854346469,578.925,robot_1,0.339,1.330
1789278500,854420441,578.925,robot_2,1.954,-2.693
1789278500,854464664,578.925,robot_0,-1.366,2.729
1789278500,854509712,578.925,robot_1_carried_generic_box,0.336,1.354
1789278500,854551164,578.925,robot_2_carried_generic_box,1.935,-2.706
1789278501,88833777,579.160,robot_1,0.340,1.322
1789278501,88899504,579.160,robot_2,1.961,-2.687
1789278501,88938237,579.160,robot_0,-1.367,2.729
1789278501,88977894,579.160,robot_1_carried_generic_box,0.337,1.340
1789278501,89009982,579.160,robot_2_carried_generic_box,1.942,-2.701
1789278501,308092031,579.379,robot_1,0.341,1.314
1789278501,308165517,579.379,robot_2,1.971,-2.681
1789278501,308202407,579.379,robot_0,-1.367,2.730
1789278501,308241420,579.379,robot_1_carried_generic_box,0.339,1.332
1789278501,308279259,579.379,robot_2_carried_generic_box,1.954,-2.693
1789278501,511712790,579.582,robot_1,0.343,1.300
1789278501,511784804,579.583,robot_2,1.979,-2.675
1789278501,511823621,579.583,robot_0,-1.372,2.736
1789278501,511858695,579.583,robot_1_carried_generic_box,0.340,1.324
1789278501,531513522,579.602,robot_2_carried_generic_box,1.961,-2.687
1789278501,713079669,579.784,robot_1,0.344,1.290
1789278501,713148292,579.784,robot_2,1.982,-2.672
1789278501,713185542,579.784,robot_0,-1.377,2.742
1789278501,713218701,579.784,robot_1_carried_generic_box,0.341,1.316
1789278501,713249468,579.784,robot_2_carried_generic_box,1.973,-2.679
1789278501,921550429,579.992,robot_1,0.345,1.284
1789278501,921619848,579.992,robot_2,1.982,-2.672
1789278501,921662476,579.992,robot_0,-1.379,2.744
1789278501,933182882,580.004,robot_1_carried_generic_box,0.343,1.300
1789278501,933282913,580.004,robot_2_carried_generic_box,1.973,-2.679
1789278502,179106023,580.250,robot_1,0.348,1.268
1789278502,179181747,580.250,robot_2,1.982,-2.672
1789278502,179227430,580.250,robot_0,-1.383,2.749
1789278502,179270699,580.250,robot_1_carried_generic_box,0.345,1.288
1789278502,179394095,580.250,robot_2_carried_generic_box,1.981,-2.673
1789278502,397411699,580.468,robot_1,0.349,1.260
1789278502,397487772,580.468,robot_2,1.982,-2.672
1789278502,397528753,580.468,robot_0,-1.388,2.754
1789278502,397563239,580.468,robot_1_carried_generic_box,0.346,1.281
1789278502,397592580,580.468,robot_2_carried_generic_box,1.982,-2.672
1789278502,611317698,580.682,robot_1,0.350,1.250
1789278502,611389419,580.682,robot_2,1.982,-2.672
1789278502,611429749,580.682,robot_0,-1.394,2.761
1789278502,611467373,580.682,robot_1_carried_generic_box,0.348,1.264
1789278502,611500520,580.682,robot_2_carried_generic_box,1.982,-2.672
1789278502,852633861,580.928,robot_1,0.352,1.237
1789278502,857625934,580.928,robot_2,1.982,-2.672
1789278502,857676363,580.928,robot_0,-1.403,2.771
1789278502,857713636,580.928,robot_1_carried_generic_box,0.350,1.252
1789278502,857745545,580.928,robot_2_carried_generic_box,1.982,-2.672
1789278503,129433907,581.200,robot_1,0.354,1.225
1789278503,129510715,581.200,robot_2,1.982,-2.672
1789278503,129553316,581.200,robot_0,-1.413,2.781
1789278503,129591773,581.200,robot_1_carried_generic_box,0.350,1.250
1789278503,129625573,581.200,robot_2_carried_generic_box,1.982,-2.672
1789278503,368538807,581.439,robot_1,0.355,1.215
1789278503,368614633,581.439,robot_2,1.982,-2.672
1789278503,368654553,581.439,robot_0,-1.424,2.792
1789278503,368694176,581.439,robot_1_carried_generic_box,0.352,1.240
1789278503,368728299,581.439,robot_2_carried_generic_box,1.982,-2.672
1789278503,624700287,581.695,robot_1,0.357,1.204
1789278503,624773166,581.696,robot_2,1.983,-2.672
1789278503,624809564,581.696,robot_0,-1.434,2.803
1789278503,624844565,581.696,robot_1_carried_generic_box,0.355,1.219
1789278503,624876758,581.696,robot_2_carried_generic_box,1.982,-2.672
1789278503,910136572,581.981,robot_1,0.360,1.187
1789278503,910206944,581.981,robot_2,1.983,-2.672
1789278503,910249617,581.981,robot_0,-1.446,2.815
1789278503,910288305,581.981,robot_1_carried_generic_box,0.356,1.211
1789278503,910326548,581.981,robot_2_carried_generic_box,1.983,-2.672
1789278504,157248268,582.228,robot_1,0.362,1.169
1789278504,157318038,582.228,robot_2,1.983,-2.673
1789278504,157369380,582.228,robot_0,-1.453,2.822
1789278504,157414728,582.228,robot_1_carried_generic_box,0.356,1.211
1789278504,157456478,582.228,robot_2_carried_generic_box,1.983,-2.672
1789278504,437476919,582.508,robot_1,0.365,1.149
1789278504,437548002,582.508,robot_2,1.983,-2.673
1789278504,437588009,582.508,robot_0,-1.460,2.829
1789278504,437626037,582.508,robot_1_carried_generic_box,0.362,1.172
1789278504,437653520,582.508,robot_2_carried_generic_box,1.983,-2.672
1789278504,659672759,582.733,robot_1,0.367,1.136
1789278504,662530770,582.739,robot_2,1.983,-2.673
1789278504,668159765,582.739,robot_0,-1.473,2.841
1789278504,668230760,582.739,robot_1_carried_generic_box,0.362,1.172
1789278504,668272064,582.739,robot_2_carried_generic_box,1.983,-2.673
1789278504,893723067,582.964,robot_1,0.368,1.128
1789278504,898376571,582.969,robot_2,1.983,-2.673
1789278504,898460648,582.969,robot_0,-1.480,2.848
1789278504,898504967,582.969,robot_1_carried_generic_box,0.365,1.151
1789278504,898540356,582.969,robot_2_carried_generic_box,1.983,-2.673
1789278505,110903636,583.182,robot_1,0.369,1.120
1789278505,111328026,583.182,robot_2,1.983,-2.673
1789278505,119744194,583.191,robot_0,-1.488,2.857
1789278505,119842149,583.191,robot_1_carried_generic_box,0.367,1.134
1789278505,119880905,583.191,robot_2_carried_generic_box,1.983,-2.673
1789278505,339738011,583.411,robot_1,0.372,1.105
1789278505,339810490,583.411,robot_2,1.983,-2.673
1789278505,339852179,583.411,robot_0,-1.501,2.869
1789278505,339889460,583.411,robot_1_carried_generic_box,0.369,1.126
1789278505,339917276,583.423,robot_2_carried_generic_box,1.983,-2.673
1789278505,581034105,583.652,robot_1,0.373,1.092
1789278505,581092697,583.652,robot_2,1.983,-2.673
1789278505,581132475,583.652,robot_0,-1.509,2.877
1789278505,581166719,583.652,robot_1_carried_generic_box,0.370,1.116
1789278505,581195224,583.652,robot_2_carried_generic_box,1.983,-2.673
1789278505,819187522,583.890,robot_1,0.375,1.082
1789278505,819254635,583.890,robot_2,1.983,-2.673
1789278505,819296237,583.890,robot_0,-1.513,2.881
1789278505,819335747,583.890,robot_1_carried_generic_box,0.372,1.105
1789278505,819367459,583.890,robot_2_carried_generic_box,1.983,-2.673
1789278506,29035724,584.100,robot_1,0.376,1.074
1789278506,29101185,584.100,robot_2,1.983,-2.673
1789278506,29144773,584.100,robot_0,-1.518,2.885
1789278506,29187539,584.100,robot_1_carried_generic_box,0.373,1.094
1789278506,29218922,584.100,robot_2_carried_generic_box,1.983,-2.673
1789278506,252025046,584.323,robot_1,0.377,1.065
1789278506,252101331,584.323,robot_2,1.983,-2.673
1789278506,252144222,584.323,robot_0,-1.526,2.893
1789278506,252191864,584.323,robot_1_carried_generic_box,0.374,1.086
1789278506,252228139,584.323,robot_2_carried_generic_box,1.983,-2.673
1789278506,516843159,584.588,robot_1,0.379,1.055
1789278506,516912021,584.588,robot_2,1.983,-2.673
1789278506,516958490,584.588,robot_0,-1.533,2.900
1789278506,516997966,584.588,robot_1_carried_generic_box,0.376,1.076
1789278506,517026659,584.588,robot_2_carried_generic_box,1.983,-2.673
1789278506,757102261,584.828,robot_1,0.380,1.045
1789278506,757178187,584.828,robot_2,1.984,-2.670
1789278506,757220715,584.828,robot_0,-1.543,2.908
1789278506,757257620,584.828,robot_1_carried_generic_box,0.377,1.067
1789278506,757287248,584.828,robot_2_carried_generic_box,1.983,-2.673
1789278507,16534062,585.087,robot_1,0.382,1.028
1789278507,16610189,585.087,robot_2,1.985,-2.662
1789278507,16652099,585.087,robot_0,-1.549,2.914
1789278507,16690399,585.087,robot_1_carried_generic_box,0.379,1.051
1789278507,16719061,585.087,robot_2_carried_generic_box,1.983,-2.673
1789278507,237778672,585.309,robot_1,0.383,1.020
1789278507,237848909,585.309,robot_2,1.985,-2.661
1789278507,237891500,585.309,robot_0,-1.553,2.918
1789278507,237942748,585.309,robot_1_carried_generic_box,0.380,1.043
1789278507,237973756,585.309,robot_2_carried_generic_box,1.984,-2.668
1789278507,445337956,585.516,robot_1,0.386,1.002
1789278507,445409070,585.516,robot_2,1.985,-2.661
1789278507,445454640,585.516,robot_0,-1.559,2.923
1789278507,445494276,585.516,robot_1_carried_generic_box,0.382,1.031
1789278507,445524049,585.516,robot_2_carried_generic_box,1.985,-2.662
1789278507,680545116,585.751,robot_1,0.388,0.990
1789278507,680631410,585.751,robot_2,1.985,-2.661
1789278507,680671897,585.751,robot_0,-1.559,2.923
1789278507,680709739,585.751,robot_1_carried_generic_box,0.383,1.020
1789278507,680739464,585.751,robot_2_carried_generic_box,1.985,-2.661
1789278507,876569934,585.947,robot_1,0.389,0.981
1789278507,876639190,585.947,robot_2,1.985,-2.661
1789278507,876677406,585.947,robot_0,-1.563,2.926
1789278507,876714383,585.947,robot_1_carried_generic_box,0.385,1.011
1789278507,876745540,585.947,robot_2_carried_generic_box,1.985,-2.661
1789278508,89777902,586.161,robot_1,0.390,0.971
1789278508,89842603,586.161,robot_2,1.985,-2.660
1789278508,89877377,586.161,robot_0,-1.570,2.932
1789278508,89914978,586.165,robot_1_carried_generic_box,0.388,0.988
1789278508,94156335,586.165,robot_2_carried_generic_box,1.985,-2.661
1789278508,302285566,586.373,robot_1,0.391,0.964
1789278508,302393292,586.373,robot_2,1.985,-2.657
1789278508,302432571,586.373,robot_0,-1.573,2.935
1789278508,302470978,586.373,robot_1_carried_generic_box,0.388,0.988
1789278508,302500683,586.373,robot_2_carried_generic_box,1.985,-2.661
1789278508,546261714,586.617,robot_1,0.393,0.949
1789278508,546338238,586.617,robot_2,1.983,-2.648
1789278508,546378935,586.617,robot_0,-1.582,2.942
1789278508,546418811,586.617,robot_1_carried_generic_box,0.390,0.969
1789278508,546447862,586.617,robot_2_carried_generic_box,1.985,-2.661
1789278508,788999698,586.860,robot_1,0.394,0.941
1789278508,789070849,586.860,robot_2,1.982,-2.638
1789278508,789100946,586.860,robot_0,-1.589,2.948
1789278508,789133867,586.860,robot_1_carried_generic_box,0.392,0.961
1789278508,789162802,586.860,robot_2_carried_generic_box,1.985,-2.658
1789278509,38741152,587.110,robot_1,0.396,0.929
1789278509,38807862,587.110,robot_2,1.979,-2.623
1789278509,38843847,587.110,robot_0,-1.602,2.958
1789278509,38883827,587.110,robot_1_carried_generic_box,0.393,0.952
1789278509,38914304,587.123,robot_2_carried_generic_box,1.984,-2.652
1789278509,249038325,587.320,robot_1,0.397,0.921
1789278509,249107491,587.320,robot_2,1.978,-2.618
1789278509,249148467,587.320,robot_0,-1.608,2.962
1789278509,249188317,587.320,robot_1_carried_generic_box,0.394,0.943
1789278509,249222756,587.320,robot_2_carried_generic_box,1.982,-2.641
1789278509,469649469,587.540,robot_1,0.398,0.912
1789278509,469716330,587.540,robot_2,1.976,-2.612
1789278509,469752242,587.540,robot_0,-1.611,2.965
1789278509,469789198,587.541,robot_1_carried_generic_box,0.395,0.933
1789278509,469818607,587.541,robot_2_carried_generic_box,1.980,-2.627
1789278509,679501927,587.750,robot_1,0.400,0.901
1789278509,679569439,587.750,robot_2,1.973,-2.602
1789278509,679601336,587.750,robot_0,-1.613,2.966
1789278509,679637848,587.750,robot_1_carried_generic_box,0.397,0.921
1789278509,679666779,587.750,robot_2_carried_generic_box,1.978,-2.620
1789278509,929601593,588.000,robot_1,0.402,0.888
1789278509,929672436,588.000,robot_2,1.968,-2.585
1789278509,929715168,588.000,robot_0,-1.618,2.970
1789278509,929760787,588.001,robot_1_carried_generic_box,0.399,0.910
1789278509,929797902,588.001,robot_2_carried_generic_box,1.975,-2.608
1789278510,132640869,588.203,robot_1,0.404,0.871
1789278510,132709927,588.203,robot_2,1.963,-2.571
1789278510,132749074,588.203,robot_0,-1.619,2.971
1789278510,132789693,588.204,robot_1_carried_generic_box,0.400,0.898
1789278510,132820889,588.204,robot_2_carried_generic_box,1.972,-2.597
1789278510,387864330,588.459,robot_1,0.406,0.859
1789278510,387958361,588.459,robot_2,1.960,-2.564
1789278510,387997449,588.459,robot_0,-1.624,2.974
1789278510,388034008,588.459,robot_1_carried_generic_box,0.401,0.890
1789278510,388060440,588.459,robot_2_carried_generic_box,1.967,-2.583
1789278510,629239485,588.700,robot_1,0.408,0.842
1789278510,629308067,588.700,robot_2,1.954,-2.549
1789278510,629343321,588.700,robot_0,-1.637,2.983
1789278510,629384453,588.700,robot_1_carried_generic_box,0.404,0.874
1789278510,629416816,588.700,robot_2_carried_generic_box,1.963,-2.573
1789278510,836863347,588.908,robot_1,0.409,0.834
1789278510,836940492,588.908,robot_2,1.950,-2.538
1789278510,836973830,588.908,robot_0,-1.646,2.989
1789278510,837013855,588.908,robot_1_carried_generic_box,0.405,0.862
1789278510,837041736,588.908,robot_2_carried_generic_box,1.960,-2.564
1789278511,45591435,589.116,robot_1,0.411,0.824
1789278511,45655656,589.116,robot_2,1.944,-2.525
1789278511,45689830,589.116,robot_0,-1.653,2.994
1789278511,45732761,589.116,robot_1_carried_generic_box,0.408,0.842
1789278511,45758912,589.117,robot_2_carried_generic_box,1.955,-2.552
1789278511,325051523,589.396,robot_1,0.412,0.814
1789278511,325116850,589.396,robot_2,1.938,-2.511
1789278511,325151426,589.396,robot_0,-1.656,2.995
1789278511,325194139,589.396,robot_1_carried_generic_box,0.409,0.832
1789278511,325221473,589.396,robot_2_carried_generic_box,1.952,-2.543
1789278511,564463796,589.635,robot_1,0.413,0.804
1789278511,564546159,589.635,robot_2,1.933,-2.500
1789278511,564587143,589.635,robot_0,-1.657,2.996
1789278511,564636435,589.635,robot_1_carried_generic_box,0.411,0.818
1789278511,564670583,589.635,robot_2_carried_generic_box,1.945,-2.528
1789278511,794864818,589.866,robot_1,0.416,0.788
1789278511,808978577,589.880,robot_2,1.926,-2.485
1789278511,809089151,589.880,robot_0,-1.661,2.999
1789278511,809168314,589.880,robot_1_carried_generic_box,0.412,0.814
1789278511,809201112,589.880,robot_2_carried_generic_box,1.939,-2.514
1789278512,45749098,590.117,robot_1,0.418,0.770
1789278512,45833732,590.117,robot_2,1.919,-2.468
1789278512,45869441,590.117,robot_0,-1.661,2.999
1789278512,45909570,590.117,robot_1_carried_generic_box,0.414,0.799
1789278512,45942385,590.117,robot_2_carried_generic_box,1.935,-2.504
1789278512,292542377,590.363,robot_1,0.420,0.757
1789278512,292616119,590.363,robot_2,1.913,-2.455
1789278512,292651668,590.363,robot_0,-1.661,2.999
1789278512,292690984,590.363,robot_1_carried_generic_box,0.416,0.782
1789278512,292718299,590.363,robot_2_carried_generic_box,1.923,-2.477
1789278512,520058766,590.591,robot_1,0.421,0.747
1789278512,520125503,590.591,robot_2,1.907,-2.441
1789278512,538145224,590.609,robot_0,-1.661,2.999
1789278512,538267084,590.609,robot_1_carried_generic_box,0.418,0.773
1789278512,538388871,590.609,robot_2_carried_generic_box,1.918,-2.466
1789278512,764833077,590.836,robot_1,0.423,0.735
1789278512,765128375,590.836,robot_2,1.903,-2.433
1789278512,765191927,590.836,robot_0,-1.661,2.999
1789278512,765239407,590.836,robot_1_carried_generic_box,0.420,0.759
1789278512,765267124,590.836,robot_2_carried_generic_box,1.914,-2.457
1789278512,998363212,591.069,robot_1,0.424,0.724
1789278512,998422469,591.069,robot_2,1.898,-2.422
1789278512,998452163,591.069,robot_0,-1.661,2.999
1789278512,998494090,591.069,robot_1_carried_generic_box,0.422,0.741
1789278512,998525022,591.069,robot_2_carried_generic_box,1.907,-2.441
1789278513,228318798,591.299,robot_1,0.426,0.709
1789278513,228413131,591.299,robot_2,1.892,-2.409
1789278513,228452410,591.299,robot_0,-1.661,2.999
1789278513,228496457,591.299,robot_1_carried_generic_box,0.423,0.733
1789278513,228525303,591.299,robot_2_carried_generic_box,1.903,-2.433
1789278513,469275797,591.540,robot_1,0.428,0.695
1789278513,469338005,591.540,robot_2,1.886,-2.396
1789278513,469372282,591.540,robot_0,-1.661,2.999
1789278513,469412590,591.540,robot_1_carried_generic_box,0.425,0.718
1789278513,469439849,591.540,robot_2_carried_generic_box,1.895,-2.417
1789278513,687735764,591.758,robot_1,0.430,0.687
1789278513,687810101,591.759,robot_2,1.883,-2.390
1789278513,687851764,591.759,robot_0,-1.661,2.999
1789278513,687893153,591.759,robot_1_carried_generic_box,0.425,0.718
1789278513,687931339,591.759,robot_2_carried_generic_box,1.890,-2.406
1789278513,908093944,591.979,robot_1,0.432,0.673
1789278513,908155970,591.979,robot_2,1.882,-2.388
1789278513,908192899,591.979,robot_0,-1.661,2.999
1789278513,908233375,591.979,robot_1_carried_generic_box,0.429,0.693
1789278513,908261309,591.979,robot_2_carried_generic_box,1.885,-2.394
1789278514,116294709,592.187,robot_1,0.433,0.662
1789278514,116523340,592.187,robot_2,1.882,-2.388
1789278514,116564373,592.187,robot_0,-1.661,2.999
1789278514,116608218,592.187,robot_1_carried_generic_box,0.430,0.684
1789278514,116639370,592.187,robot_2_carried_generic_box,1.882,-2.389
1789278514,385412376,592.456,robot_1,0.435,0.650
1789278514,385492571,592.456,robot_2,1.880,-2.385
1789278514,385535023,592.456,robot_0,-1.661,2.999
1789278514,385584449,592.456,robot_1_carried_generic_box,0.432,0.673
1789278514,385620448,592.456,robot_2_carried_generic_box,1.882,-2.388
1789278514,634189591,592.705,robot_1,0.437,0.639
1789278514,634261040,592.705,robot_2,1.874,-2.374
1789278514,634306397,592.705,robot_0,-1.661,2.999
1789278514,634360272,592.705,robot_1_carried_generic_box,0.434,0.658
1789278514,634396266,592.705,robot_2_carried_generic_box,1.882,-2.388
1789278514,851636970,592.922,robot_1,0.438,0.631
1789278514,851703756,592.922,robot_2,1.869,-2.364
1789278514,851742730,592.922,robot_0,-1.661,3.000
1789278514,851791010,592.923,robot_1_carried_generic_box,0.435,0.647
1789278514,851825836,592.923,robot_2_carried_generic_box,1.880,-2.383
1789278515,61427018,593.132,robot_1,0.439,0.621
1789278515,61488149,593.132,robot_2,1.863,-2.353
1789278515,61527510,593.132,robot_0,-1.661,3.000
1789278515,61570951,593.132,robot_1_carried_generic_box,0.437,0.635
1789278515,61597364,593.132,robot_2_carried_generic_box,1.876,-2.376
1789278515,293449778,593.364,robot_1,0.441,0.611
1789278515,293522051,593.364,robot_2,1.857,-2.343
1789278515,293562634,593.364,robot_0,-1.661,3.000
1789278515,297965186,593.369,robot_1_carried_generic_box,0.438,0.627
1789278515,298055940,593.369,robot_2_carried_generic_box,1.868,-2.361
1789278515,529371744,593.600,robot_1,0.443,0.597
1789278515,529443219,593.600,robot_2,1.850,-2.330
1789278515,529491099,593.600,robot_0,-1.661,3.000
1789278515,529539451,593.600,robot_1_carried_generic_box,0.439,0.621
1789278515,529568322,593.600,robot_2_carried_generic_box,1.862,-2.351
1789278515,746536440,593.817,robot_1,0.444,0.588
1789278515,746614923,593.817,robot_2,1.846,-2.324
1789278515,746658946,593.817,robot_0,-1.661,3.000
1789278515,746704215,593.817,robot_1_carried_generic_box,0.441,0.611
1789278515,746733859,593.817,robot_2_carried_generic_box,1.862,-2.351
1789278515,948116428,594.019,robot_1,0.445,0.580
1789278515,948187212,594.019,robot_2,1.842,-2.317
1789278515,948227882,594.019,robot_0,-1.664,2.999
1789278515,948271750,594.019,robot_1_carried_generic_box,0.442,0.600
1789278515,948302924,594.019,robot_2_carried_generic_box,1.854,-2.338
1789278516,212057131,594.283,robot_1,0.447,0.565
1789278516,212119516,594.283,robot_2,1.834,-2.303
1789278516,212157987,594.283,robot_0,-1.673,2.998
1789278516,212199515,594.283,robot_1_carried_generic_box,0.444,0.585
1789278516,212228451,594.283,robot_2_carried_generic_box,1.850,-2.330
1789278516,425967435,594.497,robot_1,0.449,0.552
1789278516,426030010,594.497,robot_2,1.826,-2.290
1789278516,426067777,594.497,robot_0,-1.676,2.998
1789278516,426105848,594.497,robot_1_carried_generic_box,0.445,0.578
1789278516,426132951,594.497,robot_2_carried_generic_box,1.842,-2.317
1789278516,632412882,594.703,robot_1,0.451,0.542
1789278516,632497745,594.708,robot_2,1.819,-2.278
1789278516,636960375,594.708,robot_0,-1.676,2.998
1789278516,637023078,594.708,robot_1_carried_generic_box,0.447,0.568
1789278516,637057068,594.708,robot_2_carried_generic_box,1.831,-2.298
1789278516,842562024,594.913,robot_1,0.452,0.533
1789278516,842624855,594.913,robot_2,1.814,-2.270
1789278516,842660293,594.913,robot_0,-1.679,2.997
1789278516,852089041,594.923,robot_1_carried_generic_box,0.449,0.554
1789278516,852183778,594.923,robot_2_carried_generic_box,1.826,-2.290
1789278517,99539649,595.170,robot_1,0.455,0.518
1789278517,99606328,595.170,robot_2,1.807,-2.258
1789278517,99653570,595.170,robot_0,-1.684,2.996
1789278517,99702328,595.170,robot_1_carried_generic_box,0.451,0.540
1789278517,99734465,595.170,robot_2_carried_generic_box,1.817,-2.275
1789278517,338732849,595.409,robot_1,0.457,0.504
1789278517,338799595,595.410,robot_2,1.801,-2.248
1789278517,338838956,595.410,robot_0,-1.685,2.996
1789278517,338879832,595.410,robot_1_carried_generic_box,0.452,0.533
1789278517,338906368,595.410,robot_2_carried_generic_box,1.817,-2.275
1789278517,558434723,595.629,robot_1,0.459,0.490
1789278517,558499344,595.629,robot_2,1.798,-2.243
1789278517,558542087,595.629,robot_0,-1.689,2.994
1789278517,558585609,595.629,robot_1_carried_generic_box,0.455,0.518
1789278517,558612217,595.629,robot_2_carried_generic_box,1.807,-2.258
1789278517,768716620,595.839,robot_1,0.460,0.482
1789278517,768781598,595.840,robot_2,1.798,-2.243
1789278517,768822037,595.840,robot_0,-1.690,2.994
1789278517,768863734,595.840,robot_1_carried_generic_box,0.456,0.509
1789278517,768888860,595.840,robot_2_carried_generic_box,1.799,-2.245
1789278517,998401549,596.069,robot_1,0.462,0.471
1789278517,998460337,596.069,robot_2,1.798,-2.243
1789278517,998499297,596.069,robot_0,-1.693,2.992
1789278517,998542803,596.069,robot_1_carried_generic_box,0.458,0.498
1789278517,998572704,596.069,robot_2_carried_generic_box,1.798,-2.243
1789278518,212342404,596.283,robot_1,0.463,0.463
1789278518,212411934,596.283,robot_2,1.798,-2.243
1789278518,212459055,596.283,robot_0,-1.697,2.990
1789278518,212505776,596.283,robot_1_carried_generic_box,0.459,0.486
1789278518,212535235,596.283,robot_2_carried_generic_box,1.798,-2.243
1789278518,442827662,596.514,robot_1,0.464,0.454
1789278518,442907811,596.514,robot_2,1.798,-2.243
1789278518,442967161,596.514,robot_0,-1.702,2.988
1789278518,443020347,596.514,robot_1_carried_generic_box,0.460,0.482
1789278518,443053696,596.514,robot_2_carried_generic_box,1.798,-2.243
1789278518,694454401,596.765,robot_1,0.466,0.441
1789278518,694518917,596.765,robot_2,1.798,-2.243
1789278518,694559837,596.765,robot_0,-1.707,2.985
1789278518,694604260,596.765,robot_1_carried_generic_box,0.462,0.468
1789278518,694630110,596.765,robot_2_carried_generic_box,1.798,-2.243
1789278518,942301120,597.013,robot_1,0.469,0.425
1789278518,942364437,597.013,robot_2,1.798,-2.243
1789278518,942404259,597.013,robot_0,-1.714,2.981
1789278518,942449767,597.013,robot_1_carried_generic_box,0.465,0.449
1789278518,942473393,597.013,robot_2_carried_generic_box,1.798,-2.243
1789278519,193147541,597.264,robot_1,0.470,0.415
1789278519,193208839,597.264,robot_2,1.798,-2.243
1789278519,193247602,597.264,robot_0,-1.716,2.980
1789278519,193290816,597.264,robot_1_carried_generic_box,0.467,0.438
1789278519,193317880,597.264,robot_2_carried_generic_box,1.798,-2.243
1789278519,435159915,597.506,robot_1,0.472,0.405
1789278519,435227319,597.506,robot_2,1.798,-2.243
1789278519,435268586,597.506,robot_0,-1.718,2.978
1789278519,442490596,597.513,robot_1_carried_generic_box,0.470,0.419
1789278519,442594655,597.513,robot_2_carried_generic_box,1.798,-2.243
1789278519,655463280,597.726,robot_1,0.473,0.397
1789278519,655536514,597.726,robot_2,1.798,-2.243
1789278519,655580647,597.726,robot_0,-1.721,2.976
1789278519,664901765,597.739,robot_1_carried_generic_box,0.470,0.419
1789278519,668505682,597.739,robot_2_carried_generic_box,1.798,-2.243
1789278519,892310786,597.963,robot_1,0.475,0.385
1789278519,892376365,597.963,robot_2,1.798,-2.243
1789278519,892421265,597.963,robot_0,-1.726,2.972
1789278519,892471663,597.963,robot_1_carried_generic_box,0.472,0.407
1789278519,892506737,597.963,robot_2_carried_generic_box,1.798,-2.243
1789278520,135588491,598.206,robot_1,0.478,0.369
1789278520,135655306,598.206,robot_2,1.798,-2.243
1789278520,135696051,598.206,robot_0,-1.737,2.961
1789278520,135741131,598.206,robot_1_carried_generic_box,0.473,0.401
1789278520,135766950,598.207,robot_2_carried_generic_box,1.798,-2.243
1789278520,354759825,598.426,robot_1,0.479,0.360
1789278520,354828200,598.426,robot_2,1.798,-2.243
1789278520,354878291,598.426,robot_0,-1.745,2.953
1789278520,358965114,598.430,robot_1_carried_generic_box,0.475,0.388
1789278520,359072879,598.430,robot_2_carried_generic_box,1.798,-2.243
1789278520,598491580,598.669,robot_1,0.481,0.349
1789278520,598561480,598.669,robot_2,1.798,-2.243
1789278520,598602059,598.669,robot_0,-1.754,2.944
1789278520,598644420,598.669,robot_1_carried_generic_box,0.477,0.376
1789278520,598674093,598.669,robot_2_carried_generic_box,1.798,-2.243
1789278520,838078447,598.909,robot_1,0.483,0.336
1789278520,838150183,598.909,robot_2,1.798,-2.243
1789278520,846261011,598.917,robot_0,-1.764,2.933
1789278520,847215037,598.918,robot_1_carried_generic_box,0.479,0.358
1789278520,847316110,598.918,robot_2_carried_generic_box,1.798,-2.243
1789278521,81292121,599.152,robot_1,0.485,0.322
1789278521,81359639,599.152,robot_2,1.798,-2.242
1789278521,81398254,599.152,robot_0,-1.774,2.922
1789278521,81439682,599.152,robot_1_carried_generic_box,0.481,0.346
1789278521,81467416,599.152,robot_2_carried_generic_box,1.798,-2.243
1789278521,282719211,599.353,robot_1,0.487,0.310
1789278521,282795767,599.354,robot_2,1.798,-2.242
1789278521,282838056,599.354,robot_0,-1.779,2.917
1789278521,282881988,599.354,robot_1_carried_generic_box,0.481,0.346
1789278521,282910991,599.354,robot_2_carried_generic_box,1.798,-2.243
1789278521,543441625,599.614,robot_1,0.489,0.295
1789278521,543524672,599.614,robot_2,1.799,-2.242
1789278521,544128258,599.615,robot_0,-1.784,2.910
1789278521,544223212,599.615,robot_1_carried_generic_box,0.484,0.331
1789278521,544265819,599.615,robot_2_carried_generic_box,1.798,-2.242
1789278521,794889957,599.866,robot_1,0.491,0.282
1789278521,805573106,599.876,robot_2,1.799,-2.242
1789278521,805652567,599.883,robot_0,-1.792,2.902
1789278521,812839220,599.884,robot_1_carried_generic_box,0.489,0.298
1789278521,812890915,599.884,robot_2_carried_generic_box,1.798,-2.242
1789278522,393657,600.091,robot_1,0.493,0.270
1789278522,20408200,600.091,robot_2,1.799,-2.242
1789278522,20478193,600.091,robot_0,-1.794,2.899
1789278522,20531519,600.091,robot_1_carried_generic_box,0.489,0.298
1789278522,20562253,600.091,robot_2_carried_generic_box,1.799,-2.242
1789278522,205714555,600.276,robot_1,0.495,0.258
1789278522,205782760,600.277,robot_2,1.799,-2.242
1789278522,205823047,600.277,robot_0,-1.794,2.899
1789278522,205866490,600.277,robot_1_carried_generic_box,0.492,0.280
1789278522,205897151,600.277,robot_2_carried_generic_box,1.799,-2.242
1789278522,413426650,600.484,robot_1,0.497,0.250
1789278522,413501156,600.484,robot_2,1.799,-2.242
1789278522,413537974,600.484,robot_0,-1.794,2.900
1789278522,413578036,600.484,robot_1_carried_generic_box,0.493,0.270
1789278522,413605733,600.484,robot_2_carried_generic_box,1.799,-2.242
1789278522,643505356,600.714,robot_1,0.498,0.240
1789278522,643575142,600.714,robot_2,1.795,-2.241
1789278522,643613518,600.714,robot_0,-1.796,2.897
1789278522,643655885,600.714,robot_1_carried_generic_box,0.494,0.264
1789278522,643687546,600.714,robot_2_carried_generic_box,1.799,-2.242
