success,duration_s,completed_robots,total_robots,completed_targets,total_targets,progress_pct
true,147.997,3,3,9,9,100.000
